# { 't_start': 1764629061.984163, 'env_id': 'MiniGrid-Dynamic-Cardinal' }
r,l,t
0.947265625,15,0.003075838088989258
0.933203125,19,0.0073049068450927734
0.96484375,10,0.010541677474975586
0.95078125,14,0.01345372200012207
0.954296875,13,0.01617884635925293
0.926171875,21,0.020572900772094727
0.947265625,15,0.024814844131469727
0.96484375,10,0.027026891708374023
0.96484375,10,0.02934098243713379
0.95078125,14,0.03263092041015625
0.954296875,13,0.03569483757019043
0.93671875,18,0.041017770767211914
0.95078125,14,0.04401206970214844
0.933203125,19,0.04900979995727539
0.9578125,12,0.05180478096008301
0.92265625,22,0.05652880668640137
0.96484375,10,0.05880880355834961
0.96484375,10,0.061666011810302734
0.954296875,13,0.06445908546447754
0.940234375,17,0.06852197647094727
0.94375,16,0.0722188949584961
0.96484375,10,0.07749080657958984
0.954296875,13,0.08184289932250977
0.933203125,19,0.0858917236328125
0.961328125,11,0.08835983276367188
0.961328125,11,0.09244799613952637
0.933203125,19,0.09862875938415527
0.940234375,17,0.10285186767578125
0.947265625,15,0.11035275459289551
0.96484375,10,0.1141350269317627
0.96484375,10,0.11866497993469238
0.954296875,13,0.12447690963745117
0.96484375,10,0.1266477108001709
0.9578125,12,0.12918496131896973
-1,1,0.12955594062805176
0.954296875,13,0.1321859359741211
0.96484375,10,0.13442468643188477
0.9578125,12,0.13930296897888184
0.94375,16,0.14361286163330078
0.9578125,12,0.14782071113586426
0.9578125,12,0.1517329216003418
0.947265625,15,0.15482187271118164
0.961328125,11,0.15719294548034668
0.954296875,13,0.1601569652557373
0.954296875,13,0.1630547046661377
0.940234375,17,0.16666603088378906
0.961328125,11,0.17101693153381348
0.940234375,17,0.1755979061126709
0.954296875,13,0.17914485931396484
0.95078125,14,0.18229079246520996
0.961328125,11,0.18456768989562988
0.954296875,13,0.18804407119750977
0.96484375,10,0.1902179718017578
0.961328125,11,0.1926279067993164
0.94375,16,0.19614291191101074
0.9578125,12,0.19889378547668457
-1,2,0.199537992477417
0.9578125,12,0.20209097862243652
0.9578125,12,0.20479393005371094
0.926171875,21,0.20918893814086914
0.933203125,19,0.2133340835571289
0.93671875,18,0.2171618938446045
0.9578125,12,0.219970703125
0.954296875,13,0.2231917381286621
0.94375,16,0.2307579517364502
0.93671875,18,0.23573994636535645
0.9296875,20,0.24022388458251953
0.9578125,12,0.24281978607177734
0.96484375,10,0.24488592147827148
0.954296875,13,0.24772095680236816
0.95078125,14,0.25055694580078125
0.9578125,12,0.25317883491516113
0.947265625,15,0.2564709186553955
0.96484375,10,0.25862598419189453
0.95078125,14,0.2616748809814453
0.96484375,10,0.2638857364654541
0.954296875,13,0.26688289642333984
0.96484375,10,0.2689659595489502
0.96484375,10,0.27106690406799316
0.96484375,10,0.27315402030944824
0.961328125,11,0.27565598487854004
0.961328125,11,0.2781670093536377
0.9578125,12,0.2806529998779297
0.96484375,10,0.28293490409851074
0.954296875,13,0.28567981719970703
0.95078125,14,0.28873181343078613
0.95078125,14,0.2917449474334717
0.926171875,21,0.2975938320159912
0.9578125,12,0.3007838726043701
0.96484375,10,0.31064867973327637
0.95078125,14,0.31523680686950684
0.96484375,10,0.3175480365753174
0.961328125,11,0.3199138641357422
0.9578125,12,0.3300900459289551
0.95078125,14,0.3339548110961914
0.940234375,17,0.33760690689086914
0.95078125,14,0.34286999702453613
0.954296875,13,0.3466057777404785
0.961328125,11,0.34906911849975586
0.961328125,11,0.35158491134643555
0.96484375,10,0.35367488861083984
0.96484375,10,0.35590195655822754
0.954296875,13,0.35881972312927246
0.9578125,12,0.3905007839202881
0.9578125,12,0.3930790424346924
0.954296875,13,0.3958299160003662
0.9578125,12,0.4028480052947998
0.961328125,11,0.41057372093200684
0.954296875,13,0.4146268367767334
0.96484375,10,0.41671299934387207
0.96484375,10,0.41875672340393066
0.9578125,12,0.42153501510620117
0.9015625,28,0.4275648593902588
0.96484375,10,0.4297459125518799
0.95078125,14,0.43283891677856445
0.947265625,15,0.4411437511444092
0.961328125,11,0.44399094581604004
0.940234375,17,0.4475219249725342
0.96484375,10,0.45406270027160645
0.96484375,10,0.4620218276977539
-1,4,0.46502184867858887
0.940234375,17,0.4686610698699951
0.96484375,10,0.4708108901977539
0.940234375,17,0.47539591789245605
0.954296875,13,0.47897982597351074
-1,1,0.4806997776031494
0.96484375,10,0.4865758419036865
0.96484375,10,0.49468398094177246
0.961328125,11,0.5011739730834961
0.961328125,11,0.5035877227783203
0.961328125,11,0.5060458183288574
0.947265625,15,0.509598970413208
0.961328125,11,0.5172898769378662
0.9578125,12,0.522165060043335
0.947265625,15,0.5256309509277344
-1,1,0.5262017250061035
0.9578125,12,0.5313620567321777
0.95078125,14,0.5514869689941406
-1,1,0.5519638061523438
0.96484375,10,0.5544238090515137
0.9578125,12,0.5573909282684326
0.96484375,10,0.5614588260650635
0.94375,16,0.5652427673339844
0.954296875,13,0.5681688785552979
0.940234375,17,0.5724008083343506
0.9578125,12,0.5748879909515381
0.95078125,14,0.5780417919158936
0.954296875,13,0.5810329914093018
0.96484375,10,0.5833108425140381
0.954296875,13,0.5859189033508301
-1,1,0.58624267578125
-1,8,0.5880167484283447
0.947265625,15,0.5921399593353271
0.954296875,13,0.5949859619140625
0.933203125,19,0.5992650985717773
0.9578125,12,0.6020097732543945
0.9578125,12,0.6045730113983154
0.96484375,10,0.6069188117980957
0.940234375,17,0.611008882522583
0.96484375,10,0.6132819652557373
0.933203125,19,0.6303339004516602
0.947265625,15,0.63661789894104
0.9578125,12,0.639456033706665
0.954296875,13,0.6422739028930664
0.96484375,10,0.6503779888153076
0.93671875,18,0.6666908264160156
0.95078125,14,0.66975998878479
0.961328125,11,0.6730208396911621
0.95078125,14,0.6801197528839111
-1,2,0.6851017475128174
0.95078125,14,0.6915867328643799
0.94375,16,0.6954178810119629
0.954296875,13,0.6982889175415039
-1,15,0.7025830745697021
0.9578125,12,0.7056870460510254
0.96484375,10,0.7145779132843018
0.9578125,12,0.7172398567199707
0.961328125,11,0.7196168899536133
0.954296875,13,0.7230148315429688
0.961328125,11,0.726794958114624
-1,1,0.7287859916687012
0.954296875,13,0.7370648384094238
0.9578125,12,0.7397010326385498
0.954296875,13,0.7424399852752686
0.954296875,13,0.7451667785644531
0.961328125,11,0.7478280067443848
0.94375,16,0.7513070106506348
0.96484375,10,0.7534239292144775
0.954296875,13,0.756389856338501
0.9578125,12,0.7591638565063477
0.954296875,13,0.7629349231719971
0.954296875,13,0.7692689895629883
0.96484375,10,0.7725529670715332
0.947265625,15,0.7795610427856445
-1,10,0.7819199562072754
0.96484375,10,0.7841789722442627
0.94375,16,0.7886857986450195
0.947265625,15,0.7918558120727539
0.96484375,10,0.7943699359893799
0.961328125,11,0.7967779636383057
0.95078125,14,0.7997570037841797
0.961328125,11,0.8022868633270264
0.954296875,13,0.8052749633789062
-1,1,0.8057458400726318
0.96484375,10,0.8082947731018066
0.95078125,14,0.8121337890625
0.96484375,10,0.814180850982666
0.96484375,10,0.8163909912109375
0.9578125,12,0.8192689418792725
0.9578125,12,0.8217489719390869
-1,10,0.8247959613800049
0.9578125,12,0.8277037143707275
0.96484375,10,0.8302526473999023
0.9578125,12,0.8326740264892578
0.96484375,10,0.8347668647766113
-1,13,0.8377118110656738
0.961328125,11,0.8400468826293945
0.954296875,13,0.8427388668060303
0.96484375,10,0.84486985206604
0.9578125,12,0.8474550247192383
0.940234375,17,0.8512208461761475
0.961328125,11,0.8535959720611572
0.954296875,13,0.8584299087524414
0.96484375,10,0.8607118129730225
0.95078125,14,0.865515947341919
0.96484375,10,0.8676769733428955
0.961328125,11,0.8701438903808594
0.9578125,12,0.8728997707366943
0.961328125,11,0.8753139972686768
0.961328125,11,0.8776869773864746
0.961328125,11,0.8800849914550781
0.95078125,14,0.8835148811340332
0.95078125,14,0.8866188526153564
0.961328125,11,0.8888888359069824
0.95078125,14,0.8945488929748535
0.954296875,13,0.9001779556274414
0.94375,16,0.9034378528594971
0.961328125,11,0.9057269096374512
0.961328125,11,0.9102027416229248
0.96484375,10,0.9134979248046875
0.94375,16,0.917747974395752
0.9578125,12,0.9203729629516602
0.940234375,17,0.924854040145874
0.95078125,14,0.9279508590698242
0.9578125,12,0.9306988716125488
0.95078125,14,0.9349660873413086
0.94375,16,0.9384329319000244
0.96484375,10,0.9413189888000488
0.95078125,14,0.9443278312683105
0.96484375,10,0.9480009078979492
0.954296875,13,0.9512958526611328
0.96484375,10,0.953399658203125
0.96484375,10,0.9556500911712646
0.9578125,12,0.9624340534210205
0.947265625,15,0.9669549465179443
0.9578125,12,0.972653865814209
0.96484375,10,0.9757959842681885
0.96484375,10,0.9780170917510986
0.94375,16,0.9815988540649414
0.954296875,13,0.9843630790710449
0.961328125,11,0.9868168830871582
0.94375,16,0.9903807640075684
0.9578125,12,0.9932060241699219
0.933203125,19,0.9979116916656494
0.96484375,10,1.0008149147033691
0.96484375,10,1.0030128955841064
0.961328125,11,1.0066118240356445
0.961328125,11,1.0092389583587646
0.96484375,10,1.0128998756408691
0.96484375,10,1.0150856971740723
0.9578125,12,1.0177068710327148
0.94375,16,1.023252010345459
0.915625,24,1.0307939052581787
0.961328125,11,1.0362827777862549
0.96484375,10,1.0385537147521973
0.96484375,10,1.0422239303588867
0.947265625,15,1.0455799102783203
0.940234375,17,1.048987865447998
0.9578125,12,1.051698923110962
0.9578125,12,1.0541329383850098
0.94375,16,1.057694911956787
-1,16,1.0616309642791748
0.961328125,11,1.0642008781433105
0.96484375,10,1.067124843597412
0.96484375,10,1.069545030593872
0.961328125,11,1.0722618103027344
0.96484375,10,1.0744519233703613
0.947265625,15,1.0787367820739746
0.95078125,14,1.0817620754241943
0.95078125,14,1.0847749710083008
0.954296875,13,1.087716817855835
0.961328125,11,1.0901880264282227
-1,2,1.0907068252563477
0.961328125,11,1.093055009841919
0.94375,16,1.096369981765747
-1,14,1.0995588302612305
0.947265625,15,1.1029229164123535
0.947265625,15,1.107738733291626
0.96484375,10,1.109907865524292
0.961328125,11,1.1141998767852783
0.96484375,10,1.1177499294281006
0.96484375,10,1.122370719909668
0.947265625,15,1.1257119178771973
0.96484375,10,1.134638786315918
0.93671875,18,1.1389398574829102
0.961328125,11,1.1414659023284912
0.961328125,11,1.1439099311828613
0.9578125,12,1.1465518474578857
0.9578125,12,1.149061918258667
0.947265625,15,1.1523079872131348
0.926171875,21,1.1567418575286865
0.96484375,10,1.159045934677124
0.947265625,15,1.1622428894042969
0.96484375,10,1.1644458770751953
-1,1,1.1649537086486816
0.961328125,11,1.1718268394470215
0.940234375,17,1.1770298480987549
0.94375,16,1.1802458763122559
0.96484375,10,1.1824939250946045
0.9578125,12,1.185187816619873
0.9578125,12,1.1877939701080322
0.96484375,10,1.189863920211792
0.96484375,10,1.193505048751831
0.96484375,10,1.195779800415039
0.94375,16,1.1988637447357178
0.954296875,13,1.203510046005249
0.9578125,12,1.2064247131347656
0.9578125,12,1.2090797424316406
0.9578125,12,1.212695837020874
0.93671875,18,1.2180187702178955
0.954296875,13,1.2218608856201172
0.940234375,17,1.2261297702789307
0.947265625,15,1.2294509410858154
0.961328125,11,1.2322258949279785
0.947265625,15,1.2354917526245117
0.9578125,12,1.2386157512664795
0.96484375,10,1.2453796863555908
0.94375,16,1.249511957168579
0.9578125,12,1.252004861831665
0.93671875,18,1.2572648525238037
0.95078125,14,1.2603650093078613
0.961328125,11,1.2626397609710693
0.961328125,11,1.2650177478790283
0.947265625,15,1.2680938243865967
0.961328125,11,1.2705318927764893
0.940234375,17,1.2749199867248535
0.96484375,10,1.2769958972930908
0.947265625,15,1.2818827629089355
0.961328125,11,1.2842118740081787
0.940234375,17,1.2877240180969238
0.9578125,12,1.2910559177398682
0.96484375,10,1.2932028770446777
0.96484375,10,1.2972428798675537
-1,3,1.298142910003662
0.9578125,12,1.3020050525665283
0.947265625,15,1.308941125869751
0.961328125,11,1.3142547607421875
0.95078125,14,1.3174190521240234
0.954296875,13,1.3204150199890137
0.95078125,14,1.3240697383880615
0.9578125,12,1.326643943786621
0.961328125,11,1.3290629386901855
0.954296875,13,1.3319029808044434
0.954296875,13,1.3348398208618164
0.96484375,10,1.3369178771972656
0.94375,16,1.341404914855957
0.96484375,10,1.3462698459625244
0.95078125,14,1.351503849029541
0.9578125,12,1.3541018962860107
0.95078125,14,1.3572018146514893
0.96484375,10,1.3594539165496826
0.954296875,13,1.3645198345184326
0.961328125,11,1.3671927452087402
0.947265625,15,1.3705039024353027
0.92265625,22,1.3753128051757812
0.961328125,11,1.37776780128479
0.96484375,10,1.3798918724060059
0.96484375,10,1.3892529010772705
0.9578125,12,1.3918898105621338
0.933203125,19,1.3966989517211914
0.96484375,10,1.4062309265136719
0.9578125,12,1.409773826599121
0.961328125,11,1.41221284866333
0.954296875,13,1.4159808158874512
0.93671875,18,1.4202277660369873
0.961328125,11,1.4224860668182373
0.9578125,12,1.4252040386199951
0.933203125,19,1.4295008182525635
0.96484375,10,1.4318468570709229
0.96484375,10,1.434032917022705
0.9578125,12,1.43662691116333
0.940234375,17,1.4410488605499268
0.961328125,11,1.4434659481048584
0.961328125,11,1.4458587169647217
0.9578125,12,1.448439121246338
0.9578125,12,1.4509997367858887
0.954296875,13,1.4536628723144531
0.961328125,11,1.4560787677764893
0.947265625,15,1.459439754486084
0.96484375,10,1.4615061283111572
0.947265625,15,1.464615821838379
0.961328125,11,1.4671380519866943
0.96484375,10,1.4692339897155762
0.96484375,10,1.4743287563323975
0.9578125,12,1.488520860671997
0.947265625,15,1.4915978908538818
0.96484375,10,1.4937007427215576
0.9578125,12,1.496279001235962
0.912109375,25,1.501309871673584
0.95078125,14,1.5046467781066895
0.9578125,12,1.507295846939087
0.954296875,13,1.5101897716522217
0.961328125,11,1.5142338275909424
0.954296875,13,1.5170791149139404
0.926171875,21,1.5215649604797363
0.96484375,10,1.5244228839874268
-1,2,1.525080680847168
0.93671875,18,1.5289428234100342
0.94375,16,1.532228946685791
0.94375,16,1.538593053817749
0.96484375,10,1.5407538414001465
0.954296875,13,1.543576717376709
0.96484375,10,1.5456969738006592
0.954296875,13,1.549677848815918
0.95078125,14,1.5533349514007568
0.96484375,10,1.5573220252990723
0.9578125,12,1.5627357959747314
0.96484375,10,1.564997911453247
0.96484375,10,1.567126989364624
0.947265625,15,1.5705769062042236
0.961328125,11,1.5733277797698975
0.92265625,22,1.5782489776611328
0.9578125,12,1.5809180736541748
0.9578125,12,1.583526849746704
0.947265625,15,1.5868690013885498
0.96484375,10,1.5892448425292969
0.9578125,12,1.5968568325042725
-1,1,1.597364902496338
0.94375,16,1.6006288528442383
0.93671875,18,1.604515790939331
0.96484375,10,1.6068508625030518
0.954296875,13,1.6098077297210693
-1,2,1.6105449199676514
0.947265625,15,1.6211247444152832
0.961328125,11,1.6320319175720215
0.9578125,12,1.6346077919006348
0.961328125,11,1.6370937824249268
0.9578125,12,1.6395740509033203
0.96484375,10,1.6418917179107666
0.96484375,10,1.6442430019378662
0.95078125,14,1.6472928524017334
0.954296875,13,1.6501367092132568
0.961328125,11,1.6525928974151611
0.947265625,15,1.65590500831604
0.940234375,17,1.6596317291259766
0.961328125,11,1.662153959274292
0.95078125,14,1.6656339168548584
0.96484375,10,1.6678268909454346
0.95078125,14,1.6708078384399414
0.96484375,10,1.6729369163513184
0.96484375,10,1.675144910812378
0.96484375,10,1.6774101257324219
0.940234375,17,1.6811978816986084
0.961328125,11,1.6836779117584229
0.947265625,15,1.6870410442352295
0.961328125,11,1.689460039138794
-1,1,1.689857006072998
0.94375,16,1.6931228637695312
0.95078125,14,1.6961119174957275
0.96484375,10,1.6983978748321533
0.95078125,14,1.7013099193572998
0.9578125,12,1.7040457725524902
0.95078125,14,1.7072129249572754
0.96484375,10,1.7095880508422852
0.95078125,14,1.712707757949829
0.961328125,11,1.7166290283203125
0.9578125,12,1.720979928970337
0.961328125,11,1.7233967781066895
0.954296875,13,1.7264628410339355
0.954296875,13,1.7293198108673096
0.954296875,13,1.7331628799438477
-1,1,1.734961986541748
0.919140625,23,1.7409160137176514
0.9578125,12,1.743614912033081
0.954296875,13,1.7504687309265137
0.933203125,19,1.7549078464508057
0.9578125,12,1.7573108673095703
0.96484375,10,1.759300947189331
0.96484375,10,1.7614099979400635
0.961328125,11,1.7638638019561768
0.9578125,12,1.7668070793151855
0.96484375,10,1.7689738273620605
0.9578125,12,1.7747960090637207
0.95078125,14,1.7778220176696777
0.95078125,14,1.7807059288024902
0.940234375,17,1.7842659950256348
0.96484375,10,1.7865238189697266
0.96484375,10,1.7887458801269531
0.96484375,10,1.7909009456634521
0.961328125,11,1.7933578491210938
0.947265625,15,1.7964859008789062
0.96484375,10,1.8011188507080078
0.961328125,11,1.803656816482544
0.961328125,11,1.807945966720581
0.96484375,10,1.810154914855957
0.961328125,11,1.8125717639923096
0.947265625,15,1.815802812576294
0.96484375,10,1.8179728984832764
-1,10,1.8202168941497803
0.9578125,12,1.8229057788848877
0.947265625,15,1.8261809349060059
0.96484375,10,1.8283357620239258
0.947265625,15,1.8318259716033936
0.95078125,14,1.8349449634552002
0.93671875,18,1.8389530181884766
0.96484375,10,1.8411788940429688
0.954296875,13,1.8440020084381104
0.96484375,10,1.8463799953460693
0.95078125,14,1.8496849536895752
0.9578125,12,1.8523027896881104
0.95078125,14,1.8571860790252686
0.940234375,17,1.864717721939087
0.9578125,12,1.8670969009399414
0.954296875,13,1.8697867393493652
0.961328125,11,1.8723080158233643
0.94375,16,1.8758227825164795
-1,1,1.8762130737304688
0.9578125,12,1.8789358139038086
0.947265625,15,1.8822128772735596
0.96484375,10,1.8843820095062256
0.961328125,11,1.8868610858917236
0.961328125,11,1.889280080795288
-1,6,1.8909540176391602
0.96484375,10,1.8930668830871582
0.961328125,11,1.8964149951934814
0.961328125,11,1.898831844329834
0.961328125,11,1.901257038116455
0.961328125,11,1.9044208526611328
0.961328125,11,1.90696382522583
0.96484375,10,1.9091367721557617
0.954296875,13,1.9119138717651367
0.947265625,15,1.915092945098877
0.933203125,19,1.9198698997497559
0.9578125,12,1.9225108623504639
0.93671875,18,1.9263219833374023
0.961328125,11,1.9292888641357422
0.961328125,11,1.9318268299102783
0.961328125,11,1.9342708587646484
0.96484375,10,1.9364268779754639
0.9578125,12,1.9428119659423828
0.961328125,11,1.94527006149292
0.9578125,12,1.9478278160095215
-1,1,1.9481730461120605
0.96484375,10,1.9501988887786865
0.961328125,11,1.9527108669281006
0.9578125,12,1.9552860260009766
0.954296875,13,1.958132028579712
0.96484375,10,1.9602508544921875
0.954296875,13,1.9630630016326904
0.961328125,11,1.9676048755645752
0.961328125,11,1.9719817638397217
0.96484375,10,1.9740149974822998
0.9578125,12,1.9764790534973145
0.9578125,12,1.9792969226837158
0.96484375,10,1.9824938774108887
0.96484375,10,1.987412929534912
-1,8,1.9895238876342773
0.954296875,13,1.9922339916229248
0.93671875,18,1.99615478515625
0.96484375,10,1.9982218742370605
0.933203125,19,2.0021309852600098
0.961328125,11,2.0044538974761963
0.919140625,23,2.009450912475586
0.96484375,10,2.0116539001464844
0.93671875,18,2.016462802886963
0.96484375,10,2.021498918533325
0.96484375,10,2.0251688957214355
0.898046875,29,2.0314149856567383
-1,1,2.0318939685821533
0.954296875,13,2.0347137451171875
0.947265625,15,2.0393218994140625
0.961328125,11,2.0419018268585205
0.9578125,12,2.044651985168457
-1,13,2.0477659702301025
0.96484375,10,2.049938917160034
0.96484375,10,2.052098035812378
0.96484375,10,2.0542500019073486
0.9578125,12,2.057114839553833
0.96484375,10,2.0593528747558594
0.940234375,17,2.063166856765747
0.961328125,11,2.065526008605957
0.96484375,10,2.067706823348999
0.926171875,21,2.0725297927856445
0.94375,16,2.0759947299957275
0.96484375,10,2.078239917755127
0.954296875,13,2.081220865249634
0.93671875,18,2.0849878787994385
0.96484375,10,2.0872578620910645
0.961328125,11,2.0906639099121094
0.96484375,10,2.0950820446014404
0.96484375,10,2.0995988845825195
0.96484375,10,2.1018118858337402
0.96484375,10,2.1038777828216553
0.9578125,12,2.1064558029174805
0.954296875,13,2.1093130111694336
0.933203125,19,2.1133198738098145
0.947265625,15,2.1164979934692383
0.961328125,11,2.11883282661438
0.961328125,11,2.121262788772583
0.96484375,10,2.123440742492676
0.9578125,12,2.1260690689086914
0.954296875,13,2.128680944442749
0.954296875,13,2.1315078735351562
0.954296875,13,2.1344220638275146
0.9578125,12,2.1372077465057373
0.9578125,12,2.1399078369140625
0.96484375,10,2.142016887664795
0.94375,16,2.1453588008880615
0.961328125,11,2.1495680809020996
0.96484375,10,2.1542489528656006
0.95078125,14,2.1575701236724854
0.961328125,11,2.159977912902832
0.9578125,12,2.1626360416412354
0.940234375,17,2.1662700176239014
0.96484375,10,2.168505907058716
0.961328125,11,2.170870065689087
0.96484375,10,2.1736650466918945
0.940234375,17,2.177324056625366
0.961328125,11,2.1796159744262695
0.9578125,12,2.1822967529296875
0.96484375,10,2.185553789138794
0.94375,16,2.188922882080078
0.947265625,15,2.1922929286956787
0.947265625,15,2.1966898441314697
0.947265625,15,2.1999707221984863
0.96484375,10,2.204385995864868
0.9578125,12,2.207129716873169
0.947265625,15,2.210223913192749
0.96484375,10,2.2123630046844482
0.961328125,11,2.2155709266662598
0.947265625,15,2.2227978706359863
0.961328125,11,2.2278547286987305
0.96484375,10,2.2302117347717285
0.93671875,18,2.2342278957366943
0.954296875,13,2.2370917797088623
0.93671875,18,2.2409448623657227
0.961328125,11,2.243358850479126
0.9578125,12,2.2474308013916016
0.96484375,10,2.2498559951782227
0.9578125,12,2.252497911453247
0.96484375,10,2.260685682296753
0.961328125,11,2.2680089473724365
0.94375,16,2.2717247009277344
0.961328125,11,2.2741377353668213
0.94375,16,2.27790904045105
0.9578125,12,2.2806289196014404
0.94375,16,2.2839479446411133
0.96484375,10,2.2861709594726562
0.961328125,11,2.288679838180542
0.9578125,12,2.2913808822631836
0.93671875,18,2.2955949306488037
0.9578125,12,2.2986979484558105
0.961328125,11,2.301135778427124
0.96484375,10,2.303283929824829
0.96484375,10,2.305468797683716
0.9578125,12,2.308243989944458
0.961328125,11,2.3200058937072754
0.961328125,11,2.3312389850616455
0.933203125,19,2.3403148651123047
0.926171875,21,2.344813823699951
0.961328125,11,2.3473517894744873
0.940234375,17,2.3511900901794434
0.947265625,15,2.354407787322998
0.96484375,10,2.356562852859497
0.9578125,12,2.3592209815979004
0.940234375,17,2.362959861755371
0.961328125,11,2.365543842315674
0.96484375,10,2.3676507472991943
0.940234375,17,2.3713438510894775
0.94375,16,2.3749449253082275
-1,1,2.3752830028533936
0.954296875,13,2.3783369064331055
0.95078125,14,2.3814239501953125
0.926171875,21,2.3863039016723633
0.961328125,11,2.38885498046875
0.961328125,11,2.391375780105591
0.9578125,12,2.397148847579956
0.95078125,14,2.403455972671509
0.95078125,14,2.4088099002838135
0.9578125,12,2.4113998413085938
0.954296875,13,2.4148170948028564
0.93671875,18,2.418691873550415
0.9578125,12,2.421229839324951
0.933203125,19,2.425218105316162
0.9578125,12,2.4278669357299805
0.96484375,10,2.4301037788391113
0.954296875,13,2.432811975479126
0.9578125,12,2.435370922088623
0.95078125,14,2.438384771347046
0.96484375,10,2.440659999847412
-1,11,2.4431700706481934
0.961328125,11,2.4455947875976562
0.954296875,13,2.4486348628997803
0.954296875,13,2.451692819595337
0.96484375,10,2.453918933868408
0.96484375,10,2.4561190605163574
0.947265625,15,2.459322929382324
0.961328125,11,2.4617390632629395
0.940234375,17,2.4652957916259766
0.947265625,15,2.4683117866516113
0.96484375,10,2.47043776512146
0.926171875,21,2.4780800342559814
0.947265625,15,2.481367826461792
0.954296875,13,2.4841721057891846
0.94375,16,2.4898288249969482
0.95078125,14,2.493769884109497
0.947265625,15,2.4969217777252197
0.947265625,15,2.500070810317993
0.961328125,11,2.5024709701538086
0.954296875,13,2.5064568519592285
0.9578125,12,2.5105390548706055
0.96484375,10,2.512805938720703
0.96484375,10,2.514896869659424
0.94375,16,2.5188329219818115
0.96484375,10,2.5213418006896973
0.96484375,10,2.52367901802063
0.95078125,14,2.5267720222473145
0.96484375,10,2.5323541164398193
0.961328125,11,2.5347228050231934
0.96484375,10,2.5369198322296143
0.926171875,21,2.544128894805908
0.947265625,15,2.547200918197632
0.96484375,10,2.5494508743286133
0.954296875,13,2.552396059036255
0.96484375,10,2.554471969604492
0.96484375,10,2.557020902633667
0.9578125,12,2.55975604057312
0.961328125,11,2.562222719192505
0.93671875,18,2.5658538341522217
0.926171875,21,2.573975086212158
0.961328125,11,2.5808849334716797
0.96484375,10,2.5829498767852783
0.954296875,13,2.585709810256958
0.961328125,11,2.5881710052490234
0.961328125,11,2.590690851211548
0.9578125,12,2.5932140350341797
0.954296875,13,2.5958940982818604
0.9578125,12,2.5986368656158447
0.96484375,10,2.6054437160491943
0.9578125,12,2.6089699268341064
0.96484375,10,2.615738868713379
0.961328125,11,2.6181230545043945
0.961328125,11,2.6205809116363525
0.93671875,18,2.625119924545288
0.92265625,22,2.634910821914673
0.954296875,13,2.640544891357422
0.9296875,20,2.644582986831665
0.947265625,15,2.6477420330047607
0.9578125,12,2.653517007827759
0.9578125,12,2.655946969985962
0.9578125,12,2.660310983657837
0.940234375,17,2.6637368202209473
0.947265625,15,2.672616958618164
0.947265625,15,2.6868739128112793
0.95078125,14,2.6900570392608643
0.94375,16,2.694283962249756
0.96484375,10,2.696401834487915
0.954296875,13,2.699262857437134
0.93671875,18,2.7038278579711914
0.954296875,13,2.7066118717193604
0.961328125,11,2.7101917266845703
0.96484375,10,2.712890863418579
0.954296875,13,2.715650796890259
0.954296875,13,2.720172882080078
0.905078125,27,2.727073907852173
0.95078125,14,2.730067014694214
0.96484375,10,2.732171058654785
0.9296875,20,2.737205982208252
-1,2,2.7378039360046387
0.9578125,12,2.742729902267456
0.954296875,13,2.7455639839172363
0.96484375,10,2.7477078437805176
0.954296875,13,2.750398874282837
0.93671875,18,2.7544429302215576
0.9578125,12,2.757084846496582
0.96484375,10,2.7592618465423584
0.96484375,10,2.7615768909454346
0.96484375,10,2.763658046722412
0.961328125,11,2.7659378051757812
0.95078125,14,2.7719008922576904
0.9578125,12,2.7766127586364746
0.961328125,11,2.779160737991333
0.96484375,10,2.7813968658447266
0.961328125,11,2.783998966217041
0.95078125,14,2.7910070419311523
0.954296875,13,2.7936887741088867
0.96484375,10,2.795825958251953
0.94375,16,2.800212860107422
0.961328125,11,2.804171085357666
0.961328125,11,2.8072509765625
-1,2,2.8078510761260986
0.95078125,14,2.810934066772461
0.96484375,10,2.81312894821167
0.93671875,18,2.820284843444824
0.96484375,10,2.823164939880371
0.96484375,10,2.825544834136963
0.95078125,14,2.8285880088806152
0.947265625,15,2.834303855895996
0.95078125,14,2.841132879257202
0.96484375,10,2.8434438705444336
0.93671875,18,2.847156047821045
0.96484375,10,2.8494129180908203
0.940234375,17,2.8532538414001465
0.96484375,10,2.855440855026245
0.94375,16,2.858867883682251
-1,2,2.859480857849121
-1,6,2.8609299659729004
0.954296875,13,2.8638558387756348
0.96484375,10,2.8661937713623047
0.9578125,12,2.8687868118286133
0.933203125,19,2.872870922088623
0.95078125,14,2.8759469985961914
0.961328125,11,2.878436803817749
0.94375,16,2.8820297718048096
0.96484375,10,2.8842129707336426
0.9578125,12,2.8869688510894775
0.96484375,10,2.8898708820343018
0.94375,16,2.8975276947021484
0.95078125,14,2.9020040035247803
0.954296875,13,2.9048469066619873
0.95078125,14,2.9077718257904053
0.961328125,11,2.9101529121398926
0.933203125,19,2.9142117500305176
0.961328125,11,2.916533946990967
0.9578125,12,2.919273853302002
0.940234375,17,2.923156976699829
0.940234375,17,2.9304981231689453
0.95078125,14,2.9362359046936035
-1,1,2.937398910522461
0.9578125,12,2.941168785095215
0.961328125,11,2.9435689449310303
0.96484375,10,2.945596933364868
0.961328125,11,2.9486007690429688
0.96484375,10,2.9535038471221924
0.9578125,12,2.9562149047851562
0.961328125,11,2.9586477279663086
0.961328125,11,2.9611687660217285
-1,1,2.961638927459717
0.96484375,10,2.9667630195617676
0.9578125,12,2.970831871032715
0.947265625,15,2.974134922027588
0.95078125,14,2.9772069454193115
0.96484375,10,2.980498790740967
0.947265625,15,2.987844944000244
0.961328125,11,2.990669012069702
0.96484375,10,2.992921829223633
0.9578125,12,2.995633840560913
0.96484375,10,2.997868061065674
0.95078125,14,3.0027778148651123
0.947265625,15,3.0062339305877686
0.954296875,13,3.009079694747925
0.9578125,12,3.01167893409729
0.96484375,10,3.0138278007507324
0.940234375,17,3.0176408290863037
0.9578125,12,3.02054500579834
0.96484375,10,3.022763967514038
0.96484375,10,3.0250158309936523
0.96484375,10,3.027362108230591
0.9296875,20,3.032050848007202
0.96484375,10,3.034324884414673
-1,1,3.0347278118133545
0.947265625,15,3.0407800674438477
0.96484375,10,3.0439040660858154
0.954296875,13,3.047001838684082
0.96484375,10,3.0492289066314697
-1,10,3.051694869995117
0.96484375,10,3.0537967681884766
0.95078125,14,3.058022975921631
0.9578125,12,3.0605649948120117
0.961328125,11,3.063015937805176
0.947265625,15,3.0669660568237305
0.9578125,12,3.0727999210357666
0.96484375,10,3.0769526958465576
0.9578125,12,3.079596757888794
0.961328125,11,3.082214832305908
0.961328125,11,3.0846149921417236
0.940234375,17,3.0884218215942383
0.96484375,10,3.0907840728759766
0.94375,16,3.094306707382202
-1,3,3.095268726348877
0.947265625,15,3.0985748767852783
0.96484375,10,3.100766897201538
0.933203125,19,3.104919672012329
0.919140625,23,3.1154260635375977
0.96484375,10,3.117901086807251
0.961328125,11,3.120252847671509
0.9578125,12,3.123138666152954
0.961328125,11,3.125647783279419
0.947265625,15,3.128743886947632
-1,1,3.129218101501465
0.94375,16,3.132801055908203
0.96484375,10,3.134967088699341
0.95078125,14,3.1408157348632812
0.96484375,10,3.145598888397217
0.96484375,10,3.152850866317749
0.92265625,22,3.1573729515075684
0.954296875,13,3.1601788997650146
0.926171875,21,3.165515899658203
0.95078125,14,3.1688010692596436
0.961328125,11,3.171186923980713
0.954296875,13,3.174149751663208
0.96484375,10,3.176365852355957
0.940234375,17,3.1802539825439453
0.9578125,12,3.1829030513763428
0.961328125,11,3.185454845428467
0.9578125,12,3.188049793243408
0.947265625,15,3.1914477348327637
0.954296875,13,3.1942999362945557
0.9578125,12,3.1969969272613525
0.961328125,11,3.200913906097412
-1,1,3.201469898223877
0.9578125,12,3.204042911529541
0.96484375,10,3.2071869373321533
0.95078125,14,3.2102818489074707
0.96484375,10,3.2124249935150146
0.96484375,10,3.215460777282715
0.9578125,12,3.2181577682495117
0.95078125,14,3.2212398052215576
0.961328125,11,3.224013090133667
0.9296875,20,3.228588104248047
0.961328125,11,3.2316348552703857
0.933203125,19,3.2366347312927246
0.954296875,13,3.239788770675659
0.96484375,10,3.2418739795684814
0.961328125,11,3.244148015975952
0.940234375,17,3.2490298748016357
0.9578125,12,3.2525508403778076
0.940234375,17,3.2567758560180664
0.9578125,12,3.2604317665100098
0.96484375,10,3.2625648975372314
0.954296875,13,3.266119956970215
0.954296875,13,3.2691709995269775
0.9578125,12,3.2719578742980957
0.9578125,12,3.274779796600342
0.961328125,11,3.2771408557891846
0.9578125,12,3.2803499698638916
0.94375,16,3.284766912460327
0.947265625,15,3.2885019779205322
0.96484375,10,3.2906417846679688
0.940234375,17,3.294341802597046
0.9578125,12,3.298405885696411
0.954296875,13,3.3014419078826904
0.96484375,10,3.3040289878845215
0.961328125,11,3.3067448139190674
0.96484375,10,3.3091018199920654
0.93671875,18,3.313291072845459
0.940234375,17,3.31719708442688
0.926171875,21,3.321647882461548
0.96484375,10,3.324136972427368
0.9578125,12,3.3270318508148193
0.947265625,15,3.3307368755340576
0.9578125,12,3.3335118293762207
-1,10,3.336092948913574
0.954296875,13,3.3391847610473633
0.954296875,13,3.3421318531036377
0.96484375,10,3.3446099758148193
0.93671875,18,3.3494369983673096
0.9578125,12,3.352437973022461
0.96484375,10,3.3553237915039062
0.96484375,10,3.3576908111572266
-1,1,3.3581299781799316
0.96484375,10,3.360546112060547
0.954296875,13,3.3638949394226074
0.954296875,13,3.3678767681121826
0.96484375,10,3.3707337379455566
0.954296875,13,3.373915910720825
0.9578125,12,3.3768539428710938
0.96484375,10,3.379554033279419
0.96484375,10,3.381730794906616
0.961328125,11,3.384758949279785
0.9578125,12,3.387587785720825
0.947265625,15,3.3907887935638428
0.947265625,15,3.393923759460449
0.9578125,12,3.3967227935791016
0.96484375,10,3.3991029262542725
0.95078125,14,3.4028708934783936
0.96484375,10,3.4052717685699463
0.94375,16,3.408986806869507
0.947265625,15,3.4128730297088623
0.93671875,18,3.4166007041931152
0.9578125,12,3.419672727584839
0.954296875,13,3.422940969467163
0.940234375,17,3.4269509315490723
0.95078125,14,3.430393934249878
0.95078125,14,3.4337258338928223
0.96484375,10,3.4363210201263428
0.9578125,12,3.4392290115356445
0.96484375,10,3.441464900970459
0.961328125,11,3.4443600177764893
0.926171875,21,3.4490339756011963
-1,1,3.4494237899780273
-1,15,3.4531588554382324
0.9578125,12,3.456043004989624
0.96484375,10,3.4585227966308594
-1,2,3.4592387676239014
0.96484375,10,3.4613709449768066
0.947265625,15,3.4648499488830566
0.9578125,12,3.4678428173065186
0.954296875,13,3.4707489013671875
0.954296875,13,3.473808765411377
0.961328125,11,3.476588726043701
0.947265625,15,3.4799118041992188
0.954296875,13,3.4830188751220703
0.940234375,17,3.486426830291748
0.961328125,11,3.488942861557007
0.96484375,10,3.492194890975952
0.961328125,11,3.49548602104187
0.96484375,10,3.497680902481079
0.961328125,11,3.5008199214935303
0.9578125,12,3.5035400390625
0.96484375,10,3.5060298442840576
0.961328125,11,3.5085320472717285
0.961328125,11,3.510915756225586
0.961328125,11,3.5134658813476562
0.9578125,12,3.516160011291504
0.9578125,12,3.5192408561706543
0.96484375,10,3.521582841873169
0.947265625,15,3.5247979164123535
0.96484375,10,3.527012825012207
-1,8,3.529249906539917
0.96484375,10,3.5320677757263184
0.9578125,12,3.5346407890319824
0.95078125,14,3.5379300117492676
0.9578125,12,3.5411078929901123
0.93671875,18,3.545027732849121
0.940234375,17,3.5490708351135254
0.954296875,13,3.5518977642059326
0.9578125,12,3.554724931716919
0.96484375,10,3.556983709335327
0.96484375,10,3.559687852859497
0.947265625,15,3.5631890296936035
0.954296875,13,3.5663769245147705
0.9578125,12,3.5690338611602783
0.94375,16,3.5728137493133545
0.9578125,12,3.5755200386047363
0.961328125,11,3.5780699253082275
0.96484375,10,3.5803139209747314
0.9578125,12,3.582987070083618
0.96484375,10,3.585502862930298
0.96484375,10,3.5877890586853027
0.926171875,21,3.5923099517822266
0.9578125,12,3.595064878463745
0.954296875,13,3.59824800491333
0.954296875,13,3.601377010345459
0.9578125,12,3.603940725326538
0.947265625,15,3.607543706893921
0.9296875,20,3.61211895942688
0.95078125,14,3.6152279376983643
0.96484375,10,3.617460012435913
0.954296875,13,3.6204757690429688
0.947265625,15,3.62430477142334
0.947265625,15,3.627866744995117
0.9578125,12,3.6307897567749023
0.954296875,13,3.633922815322876
0.95078125,14,3.6369898319244385
0.9578125,12,3.639786958694458
0.954296875,13,3.6427788734436035
0.9578125,12,3.645484685897827
0.95078125,14,3.6488037109375
0.9578125,12,3.65171480178833
0.96484375,10,3.653963088989258
0.95078125,14,3.6569418907165527
0.947265625,15,3.66039776802063
0.926171875,21,3.665005683898926
0.961328125,11,3.667740821838379
0.95078125,14,3.6709258556365967
0.96484375,10,3.6733148097991943
0.947265625,15,3.6767590045928955
0.96484375,10,3.678999662399292
0.940234375,17,3.6831109523773193
0.96484375,10,3.685445785522461
0.9578125,12,3.688239812850952
0.94375,16,3.6921558380126953
0.96484375,10,3.694506883621216
0.905078125,27,3.70072078704834
0.96484375,10,3.7031800746917725
0.940234375,17,3.707120895385742
0.96484375,10,3.7094180583953857
0.9578125,12,3.7121479511260986
0.961328125,11,3.7147159576416016
0.961328125,11,3.717268943786621
0.96484375,10,3.719432830810547
0.95078125,14,3.7230348587036133
0.961328125,11,3.7255706787109375
0.9578125,12,3.7283027172088623
0.954296875,13,3.731336832046509
0.961328125,11,3.7341129779815674
0.961328125,11,3.736806869506836
0.9578125,12,3.7394509315490723
0.940234375,17,3.7432870864868164
0.961328125,11,3.7458338737487793
-1,1,3.746194839477539
0.9578125,12,3.748908042907715
0.94375,16,3.752842903137207
0.96484375,10,3.755981683731079
0.961328125,11,3.7586569786071777
0.947265625,15,3.762077808380127
0.947265625,15,3.7656099796295166
0.95078125,14,3.769274950027466
0.94375,16,3.772998809814453
0.9578125,12,3.775897741317749
0.95078125,14,3.779298782348633
0.95078125,14,3.7827348709106445
-1,2,3.7835640907287598
0.96484375,10,3.786479949951172
0.954296875,13,3.7894158363342285
0.961328125,11,3.792050838470459
0.96484375,10,3.7942569255828857
0.961328125,11,3.7969279289245605
0.96484375,10,3.7992451190948486
0.93671875,18,3.8032608032226562
0.9578125,12,3.806104898452759
0.9578125,12,3.80902099609375
0.96484375,10,3.8113229274749756
0.94375,16,3.8150060176849365
0.961328125,11,3.817795753479004
0.96484375,10,3.8203110694885254
0.9578125,12,3.8232147693634033
0.947265625,15,3.826525926589966
0.96484375,10,3.829009771347046
0.95078125,14,3.832347869873047
0.961328125,11,3.8350138664245605
0.947265625,15,3.838383913040161
0.961328125,11,3.8409478664398193
0.961328125,11,3.843632936477661
0.961328125,11,3.8462977409362793
0.95078125,14,3.8494410514831543
0.96484375,10,3.852044105529785
0.961328125,11,3.8546478748321533
0.940234375,17,3.8594908714294434
0.9578125,12,3.8662006855010986
0.940234375,17,3.86967396736145
0.954296875,13,3.873116970062256
0.93671875,18,3.877485752105713
0.954296875,13,3.880436897277832
0.96484375,10,3.8829128742218018
0.940234375,17,3.887424945831299
0.96484375,10,3.8896420001983643
0.9578125,12,3.892486810684204
0.95078125,14,3.8956689834594727
0.947265625,15,3.8990509510040283
0.96484375,10,3.9011778831481934
0.96484375,10,3.9034817218780518
0.96484375,10,3.9057939052581787
0.915625,24,3.911256790161133
0.94375,16,3.914893865585327
0.9578125,12,3.9177069664001465
0.961328125,11,3.9205338954925537
0.933203125,19,3.9244799613952637
0.94375,16,3.9282708168029785
0.954296875,13,3.9314208030700684
0.9578125,12,3.9341299533843994
0.954296875,13,3.9369218349456787
0.94375,16,3.9412569999694824
0.96484375,10,3.9433929920196533
0.96484375,10,3.9454667568206787
0.954296875,13,3.9487078189849854
0.933203125,19,3.9531710147857666
0.961328125,11,3.9559171199798584
0.961328125,11,3.9586739540100098
0.9578125,12,3.9616870880126953
0.96484375,10,3.9640347957611084
0.940234375,17,3.9681930541992188
0.96484375,10,3.971897840499878
0.954296875,13,3.975036859512329
0.940234375,17,3.9792938232421875
0.961328125,11,3.981785774230957
0.96484375,10,3.9840829372406006
0.947265625,15,3.987668991088867
0.95078125,14,3.991020679473877
0.947265625,15,3.994126796722412
0.954296875,13,3.9970040321350098
0.96484375,10,3.9997780323028564
0.954296875,13,4.0031938552856445
0.961328125,11,4.005616903305054
0.92265625,22,4.010680913925171
0.95078125,14,4.013980865478516
0.947265625,15,4.0172438621521
0.96484375,10,4.019972801208496
0.9578125,12,4.022986888885498
0.96484375,10,4.025214910507202
0.954296875,13,4.028055667877197
0.954296875,13,4.031112909317017
0.9578125,12,4.03427791595459
0.954296875,13,4.037456750869751
0.933203125,19,4.0418360233306885
0.961328125,11,4.045068025588989
0.961328125,11,4.047822713851929
0.9578125,12,4.051506996154785
0.954296875,13,4.054438829421997
0.961328125,11,4.056938886642456
-1,12,4.059646844863892
0.96484375,10,4.061903953552246
0.915625,24,4.067886829376221
0.961328125,11,4.07054591178894
0.947265625,15,4.074234962463379
0.96484375,10,4.076493740081787
0.94375,16,4.079978942871094
0.96484375,10,4.082237958908081
0.95078125,14,4.08638072013855
0.933203125,19,4.090685844421387
0.96484375,10,4.092919111251831
0.954296875,13,4.0960986614227295
0.933203125,19,4.1006128787994385
0.93671875,18,4.105146884918213
0.947265625,15,4.108673095703125
0.919140625,23,4.113871812820435
0.96484375,10,4.116330862045288
0.96484375,10,4.119081974029541
0.933203125,19,4.12298583984375
0.961328125,11,4.1255388259887695
0.95078125,14,4.128935813903809
0.954296875,13,4.131924867630005
0.961328125,11,4.134350776672363
0.9578125,12,4.137109041213989
0.954296875,13,4.140244007110596
0.9578125,12,4.143087863922119
0.947265625,15,4.146472930908203
0.95078125,14,4.149729013442993
0.915625,24,4.15504789352417
0.96484375,10,4.157275915145874
0.96484375,10,4.159657955169678
0.96484375,10,4.162122964859009
0.940234375,17,4.165899991989136
0.9578125,12,4.168468952178955
0.961328125,11,4.171766042709351
0.9578125,12,4.174929857254028
0.961328125,11,4.177487850189209
0.94375,16,4.181304693222046
0.954296875,13,4.18430495262146
0.940234375,17,4.188784837722778
0.9296875,20,4.193389892578125
0.954296875,13,4.1964030265808105
0.95078125,14,4.1995849609375
0.94375,16,4.2035768032073975
0.940234375,17,4.20748496055603
0.9578125,12,4.209920883178711
0.947265625,15,4.214040756225586
0.954296875,13,4.217336893081665
0.95078125,14,4.220668792724609
0.961328125,11,4.223313808441162
0.947265625,15,4.226762056350708
0.96484375,10,4.22905969619751
-1,1,4.22951078414917
0.95078125,14,4.232820987701416
0.961328125,11,4.235469102859497
0.96484375,10,4.237881898880005
0.940234375,17,4.242170810699463
0.954296875,13,4.244981050491333
0.919140625,23,4.250243902206421
0.961328125,11,4.252935886383057
0.954296875,13,4.256524085998535
0.95078125,14,4.25994086265564
0.95078125,14,4.263277769088745
0.92265625,22,4.26775598526001
0.94375,16,4.271799802780151
0.94375,16,4.275899887084961
0.95078125,14,4.279131889343262
0.961328125,11,4.281807899475098
0.93671875,18,4.286093711853027
0.947265625,15,4.289730072021484
0.961328125,11,4.292314767837524
0.96484375,10,4.295306921005249
0.96484375,10,4.297895908355713
0.96484375,10,4.300047874450684
0.961328125,11,4.302671909332275
0.919140625,23,4.30814790725708
0.954296875,13,4.3111138343811035
0.954296875,13,4.314246892929077
0.96484375,10,4.317105770111084
-1,2,4.31793475151062
0.947265625,15,4.321537017822266
0.9578125,12,4.3246588706970215
0.961328125,11,4.327172756195068
0.961328125,11,4.329830884933472
0.961328125,11,4.332425832748413
0.954296875,13,4.335472822189331
0.9578125,12,4.338263750076294
0.9578125,12,4.341518878936768
0.961328125,11,4.344198942184448
0.94375,16,4.347678899765015
0.947265625,15,4.35125994682312
0.940234375,17,4.355372667312622
0.9578125,12,4.35798978805542
0.961328125,11,4.36051082611084
0.96484375,10,4.362823963165283
0.9578125,12,4.365741729736328
0.96484375,10,4.368105888366699
0.96484375,10,4.3702967166900635
-1,3,4.371229887008667
0.96484375,10,4.373662948608398
0.9296875,20,4.378522872924805
0.96484375,10,4.380744934082031
0.961328125,11,4.38315486907959
0.9578125,12,4.386059999465942
0.93671875,18,4.390781879425049
0.961328125,11,4.393457889556885
0.919140625,23,4.398509740829468
0.947265625,15,4.401800870895386
0.95078125,14,4.405014991760254
0.9578125,12,4.407805919647217
0.9578125,12,4.4105589389801025
0.961328125,11,4.413387060165405
-1,10,4.4157328605651855
0.961328125,11,4.4181969165802
0.961328125,11,4.420842885971069
0.96484375,10,4.423313856124878
0.947265625,15,4.426971912384033
0.9578125,12,4.42966890335083
0.96484375,10,4.4319748878479
0.961328125,11,4.434701681137085
0.96484375,10,4.437116861343384
0.961328125,11,4.440036773681641
0.947265625,15,4.443364858627319
0.95078125,14,4.446399927139282
0.954296875,13,4.449519872665405
0.954296875,13,4.4526379108428955
0.96484375,10,4.454746961593628
0.961328125,11,4.45717978477478
0.947265625,15,4.460736036300659
0.95078125,14,4.463740825653076
0.96484375,10,4.465878009796143
0.940234375,17,4.469677686691284
0.961328125,11,4.472290754318237
0.947265625,15,4.475644826889038
0.96484375,10,4.477916955947876
0.947265625,15,4.481276988983154
0.954296875,13,4.484242916107178
0.961328125,11,4.486595869064331
-1,20,4.4910547733306885
0.954296875,13,4.494132995605469
0.94375,16,4.49774169921875
-1,1,4.498215913772583
0.961328125,11,4.500954866409302
0.947265625,15,4.504392862319946
0.961328125,11,4.506957054138184
0.961328125,11,4.509600877761841
0.96484375,10,4.511987924575806
0.89453125,30,4.518903017044067
-1,1,4.51961088180542
0.95078125,14,4.523030042648315
0.95078125,14,4.5260608196258545
0.954296875,13,4.529165029525757
0.961328125,11,4.531998872756958
0.9578125,12,4.534662961959839
0.95078125,14,4.537829875946045
0.954296875,13,4.541170835494995
0.96484375,10,4.544290065765381
0.96484375,10,4.546501874923706
0.96484375,10,4.5488200187683105
0.954296875,13,4.552001953125
0.9578125,12,4.5545830726623535
0.947265625,15,4.557981967926025
0.9578125,12,4.560921907424927
0.9578125,12,4.563819885253906
0.95078125,14,4.566880941390991
0.919140625,23,4.572350978851318
0.954296875,13,4.5754618644714355
0.96484375,10,4.577693939208984
0.95078125,14,4.581024885177612
0.947265625,15,4.584775924682617
0.947265625,15,4.5882158279418945
0.961328125,11,4.59086799621582
0.954296875,13,4.593893766403198
0.96484375,10,4.596395969390869
0.95078125,14,4.59954571723938
0.92265625,22,4.60477089881897
0.954296875,13,4.607963800430298
0.96484375,10,4.6101460456848145
0.933203125,19,4.614558935165405
0.940234375,17,4.618563890457153
0.96484375,10,4.620820045471191
0.961328125,11,4.6233069896698
0.9578125,12,4.626298904418945
0.933203125,19,4.6308979988098145
0.94375,16,4.634600877761841
0.961328125,11,4.637122869491577
0.9578125,12,4.639926910400391
0.954296875,13,4.643044710159302
0.95078125,14,4.646191835403442
0.954296875,13,4.648938894271851
0.919140625,23,4.654189825057983
0.96484375,10,4.656507968902588
0.9578125,12,4.659105062484741
0.954296875,13,4.662368059158325
0.954296875,13,4.66536283493042
0.96484375,10,4.667559862136841
0.961328125,11,4.670121908187866
0.961328125,11,4.67285680770874
0.961328125,11,4.675362825393677
0.9578125,12,4.678049087524414
0.940234375,17,4.681570768356323
0.96484375,10,4.683895826339722
0.961328125,11,4.686729907989502
0.9578125,12,4.6895318031311035
0.9578125,12,4.69226598739624
0.95078125,14,4.695713043212891
-1,1,4.6962339878082275
0.9578125,12,4.6990039348602295
0.95078125,14,4.7023680210113525
0.9578125,12,4.705229043960571
0.9578125,12,4.708260774612427
0.96484375,10,4.710774898529053
0.96484375,10,4.712968826293945
-1,1,4.713299989700317
0.94375,16,4.716799020767212
0.947265625,15,4.720469951629639
0.954296875,13,4.723543882369995
0.94375,16,4.727005958557129
0.961328125,11,4.729822874069214
0.96484375,10,4.732105016708374
0.94375,16,4.736279726028442
0.94375,16,4.740308046340942
0.96484375,10,4.742785930633545
0.940234375,17,4.746592998504639
0.9578125,12,4.7494847774505615
0.96484375,10,4.751797914505005
0.947265625,15,4.755465030670166
0.96484375,10,4.757897853851318
0.9578125,12,4.760466814041138
0.9578125,12,4.763056755065918
0.96484375,10,4.7655627727508545
0.954296875,13,4.768523931503296
-1,3,4.769579887390137
0.954296875,13,4.772500991821289
0.9578125,12,4.77526593208313
0.954296875,13,4.778538942337036
0.961328125,11,4.7810587882995605
0.961328125,11,4.783631801605225
0.954296875,13,4.786718845367432
0.961328125,11,4.789299011230469
0.961328125,11,4.791789770126343
0.961328125,11,4.794332981109619
0.961328125,11,4.797005891799927
0.919140625,23,4.802002906799316
0.954296875,13,4.80493688583374
0.94375,16,4.808774948120117
0.94375,16,4.812694072723389
0.96484375,10,4.814850807189941
0.947265625,15,4.818388938903809
0.947265625,15,4.822208881378174
0.9578125,12,4.824706792831421
0.947265625,15,4.828067779541016
0.94375,16,4.8319408893585205
0.9578125,12,4.834819793701172
0.954296875,13,4.837778806686401
0.96484375,10,4.840147972106934
0.96484375,10,4.8426008224487305
0.96484375,10,4.844941854476929
0.961328125,11,4.847583055496216
0.912109375,25,4.853289842605591
0.96484375,10,4.855633974075317
0.961328125,11,4.8579840660095215
0.95078125,14,4.861482858657837
0.940234375,17,4.865255832672119
0.9578125,12,4.8677308559417725
0.95078125,14,4.870965957641602
0.95078125,14,4.874614000320435
0.96484375,10,4.876968860626221
0.926171875,21,4.881407976150513
0.961328125,11,4.884142875671387
0.954296875,13,4.887398958206177
0.947265625,15,4.890739917755127
0.96484375,10,4.893145799636841
0.954296875,13,4.896131753921509
0.96484375,10,4.898437738418579
0.9578125,12,4.901179790496826
0.9578125,12,4.904024839401245
-1,1,4.9045000076293945
0.961328125,11,4.907099962234497
0.9578125,12,4.909877061843872
0.96484375,10,4.912075042724609
0.96484375,10,4.914907932281494
0.961328125,11,4.917638778686523
0.947265625,15,4.921163082122803
0.9578125,12,4.923820734024048
0.9578125,12,4.926843881607056
0.954296875,13,4.929701805114746
0.96484375,10,4.931911945343018
0.9578125,12,4.9347169399261475
0.94375,16,4.9383978843688965
0.954296875,13,4.941413879394531
0.93671875,18,4.945749998092651
0.9578125,12,4.948709964752197
0.947265625,15,4.952335834503174
0.961328125,11,4.954945087432861
0.96484375,10,4.957202911376953
0.933203125,19,4.961740970611572
0.9578125,12,4.964471101760864
0.94375,16,4.968371868133545
-1,5,4.9701948165893555
0.95078125,14,4.973459959030151
0.954296875,13,4.976716041564941
0.96484375,10,4.979274034500122
0.96484375,10,4.9817259311676025
0.95078125,14,4.984905958175659
0.954296875,13,4.988023042678833
0.961328125,11,4.990707874298096
-1,3,4.9916627407073975
0.96484375,10,4.993999719619751
0.954296875,13,4.997006893157959
0.954296875,13,5.000936985015869
0.961328125,11,5.003596067428589
0.9578125,12,5.006191730499268
0.954296875,13,5.009481906890869
0.954296875,13,5.012650966644287
0.96484375,10,5.015083074569702
0.9578125,12,5.0178749561309814
0.954296875,13,5.02255392074585
0.947265625,15,5.026360750198364
0.95078125,14,5.029732942581177
0.96484375,10,5.032163858413696
0.96484375,10,5.036613941192627
0.9578125,12,5.0443220138549805
0.96484375,10,5.049186706542969
0.961328125,11,5.052859783172607
0.9578125,12,5.059169054031372
0.94375,16,5.065900802612305
0.940234375,17,5.0709099769592285
0.9296875,20,5.079079866409302
0.96484375,10,5.08356785774231
0.92265625,22,5.090941905975342
0.96484375,10,5.094297885894775
0.954296875,13,5.0990588665008545
0.961328125,11,5.102228879928589
0.915625,24,5.109570026397705
0.9578125,12,5.112218856811523
0.961328125,11,5.115700006484985
0.96484375,10,5.118764877319336
0.94375,16,5.124547719955444
0.94375,16,5.131082057952881
0.947265625,15,5.135329961776733
0.961328125,11,5.1397318840026855
0.96484375,10,5.14264988899231
0.961328125,11,5.147202014923096
0.961328125,11,5.1509339809417725
0.954296875,13,5.155291795730591
0.9578125,12,5.1604838371276855
0.961328125,11,5.1638689041137695
0.96484375,10,5.168406009674072
0.961328125,11,5.173187732696533
0.96484375,10,5.176478862762451
0.95078125,14,5.182480812072754
0.93671875,18,5.189069032669067
0.940234375,17,5.193093776702881
0.954296875,13,5.196043014526367
-1,1,5.196432828903198
0.96484375,10,5.198852777481079
0.961328125,11,5.201694965362549
-1,1,5.202271938323975
0.96484375,10,5.204662084579468
0.95078125,14,5.207708835601807
0.96484375,10,5.210754871368408
0.954296875,13,5.216098070144653
0.926171875,21,5.224371910095215
0.954296875,13,5.2293829917907715
0.933203125,19,5.237731695175171
0.954296875,13,5.242161989212036
0.96484375,10,5.246275901794434
0.947265625,15,5.249969959259033
0.93671875,18,5.254458904266357
0.96484375,10,5.256983041763306
0.9578125,12,5.259716749191284
0.9578125,12,5.262541055679321
0.947265625,15,5.266039848327637
-1,1,5.266490936279297
0.9578125,12,5.269235849380493
0.961328125,11,5.271822929382324
0.954296875,13,5.2748637199401855
0.940234375,17,5.278904914855957
0.96484375,10,5.28157901763916
0.9578125,12,5.2846338748931885
0.954296875,13,5.2878217697143555
0.93671875,18,5.291740894317627
0.954296875,13,5.294797897338867
0.9296875,20,5.299222946166992
0.96484375,10,5.301479816436768
0.94375,16,5.305154800415039
0.95078125,14,5.308536767959595
0.9578125,12,5.311352729797363
0.954296875,13,5.314518928527832
0.93671875,18,5.318547964096069
0.96484375,10,5.3209710121154785
0.961328125,11,5.323731899261475
0.961328125,11,5.326294898986816
0.954296875,13,5.329284906387329
0.961328125,11,5.3320677280426025
0.95078125,14,5.335515975952148
0.96484375,10,5.337806701660156
0.947265625,15,5.341947793960571
0.961328125,11,5.344552993774414
0.95078125,14,5.3477959632873535
0.947265625,15,5.351410865783691
0.96484375,10,5.353790998458862
0.954296875,13,5.357141017913818
0.94375,16,5.360970973968506
0.95078125,14,5.364245891571045
0.95078125,14,5.368248701095581
0.961328125,11,5.3707756996154785
0.961328125,11,5.373450040817261
0.9578125,12,5.376497983932495
-1,1,5.376985788345337
0.954296875,13,5.379887819290161
0.961328125,11,5.3824708461761475
0.961328125,11,5.385149955749512
0.9578125,12,5.388031005859375
0.96484375,10,5.3905189037323
0.95078125,14,5.3939080238342285
0.961328125,11,5.396674871444702
0.9578125,12,5.39959192276001
0.961328125,11,5.40197491645813
0.954296875,13,5.40480375289917
0.933203125,19,5.4096620082855225
0.961328125,11,5.412195920944214
0.954296875,13,5.415045738220215
0.947265625,15,5.4188690185546875
0.96484375,10,5.421216011047363
0.9578125,12,5.4241039752960205
0.96484375,10,5.4263927936553955
0.96484375,10,5.428716659545898
0.954296875,13,5.432272911071777
0.9578125,12,5.4352707862854
0.95078125,14,5.43865180015564
0.961328125,11,5.441533803939819
-1,1,5.4419708251953125
0.9296875,20,5.446624040603638
0.92265625,22,5.451689958572388
0.96484375,10,5.454102993011475
0.96484375,10,5.456421852111816
0.96484375,10,5.458788871765137
0.9578125,12,5.46157693862915
0.961328125,11,5.464353084564209
0.96484375,10,5.4665138721466064
0.93671875,18,5.470415830612183
0.961328125,11,5.473172903060913
0.94375,16,5.477002859115601
0.9578125,12,5.479728937149048
0.95078125,14,5.483037948608398
0.96484375,10,5.485503911972046
0.9578125,12,5.488397121429443
0.961328125,11,5.490824937820435
0.933203125,19,5.4956018924713135
0.96484375,10,5.498305082321167
-1,3,5.499172925949097
-1,1,5.499669075012207
0.954296875,13,5.502725839614868
0.961328125,11,5.505463123321533
0.954296875,13,5.508595943450928
0.961328125,11,5.511416912078857
0.954296875,13,5.514615058898926
0.940234375,17,5.518525838851929
0.961328125,11,5.5213329792022705
-1,4,5.522829055786133
0.95078125,14,5.525768995285034
0.94375,16,5.529369831085205
0.9578125,12,5.532192945480347
0.940234375,17,5.536083936691284
0.947265625,15,5.540127992630005
0.96484375,10,5.54260778427124
0.9578125,12,5.545377016067505
0.93671875,18,5.549324035644531
0.954296875,13,5.55228590965271
0.954296875,13,5.555214881896973
0.9578125,12,5.558214902877808
0.961328125,11,5.560978889465332
0.9578125,12,5.563727855682373
0.96484375,10,5.566141843795776
0.95078125,14,5.569115877151489
0.9578125,12,5.571968078613281
0.96484375,10,5.5744099617004395
0.96484375,10,5.576663017272949
0.96484375,10,5.578864812850952
0.954296875,13,5.581876993179321
0.96484375,10,5.584401845932007
0.9578125,12,5.586907863616943
0.954296875,13,5.590291976928711
0.96484375,10,5.5927910804748535
0.95078125,14,5.596153736114502
-1,9,5.598347902297974
0.954296875,13,5.601650953292847
0.9578125,12,5.604497909545898
0.926171875,21,5.609920978546143
0.947265625,15,5.613726854324341
0.9578125,12,5.616462707519531
0.954296875,13,5.6194398403167725
0.96484375,10,5.621842861175537
0.93671875,18,5.626025915145874
0.961328125,11,5.628648996353149
0.95078125,14,5.632077693939209
0.961328125,11,5.634561061859131
0.94375,16,5.638381719589233
0.940234375,17,5.643207788467407
0.96484375,10,5.645485877990723
0.96484375,10,5.647716760635376
0.947265625,15,5.651415109634399
0.96484375,10,5.653602838516235
0.961328125,11,5.656165838241577
0.94375,16,5.660089731216431
0.95078125,14,5.663709878921509
0.9578125,12,5.667064905166626
0.954296875,13,5.6702659130096436
0.96484375,10,5.672504901885986
0.954296875,13,5.675572872161865
0.947265625,15,5.679036855697632
0.95078125,14,5.68262791633606
0.95078125,14,5.685949802398682
0.96484375,10,5.688225984573364
0.9578125,12,5.690974950790405
0.954296875,13,5.694321870803833
0.954296875,13,5.6972527503967285
0.96484375,10,5.699524879455566
0.96484375,10,5.701887845993042
0.961328125,11,5.704610824584961
0.954296875,13,5.707431793212891
0.96484375,10,5.709842920303345
0.961328125,11,5.712637901306152
0.961328125,11,5.715479850769043
0.93671875,18,5.719775915145874
0.954296875,13,5.7230939865112305
-1,16,5.726794958114624
0.9578125,12,5.729398012161255
0.96484375,10,5.731674909591675
0.954296875,13,5.734771966934204
0.961328125,11,5.737466812133789
0.96484375,10,5.739560842514038
0.961328125,11,5.742079973220825
0.961328125,11,5.744613885879517
0.96484375,10,5.747005939483643
0.9578125,12,5.749939918518066
0.96484375,10,5.752130031585693
0.95078125,14,5.755204916000366
0.954296875,13,5.758570909500122
0.954296875,13,5.7618818283081055
0.96484375,10,5.764094829559326
0.96484375,10,5.766577959060669
0.96484375,10,5.769144773483276
0.940234375,17,5.773220777511597
0.96484375,10,5.775511026382446
0.9578125,12,5.778419017791748
0.96484375,10,5.780612945556641
0.954296875,13,5.783495903015137
0.961328125,11,5.786196947097778
0.96484375,10,5.788640975952148
0.947265625,15,5.79198694229126
0.947265625,15,5.795469760894775
0.94375,16,5.799415111541748
0.947265625,15,5.802877902984619
0.9578125,12,5.805581092834473
0.961328125,11,5.808363914489746
0.96484375,10,5.810577869415283
0.961328125,11,5.812983751296997
0.9578125,12,5.815690994262695
0.9578125,12,5.818988800048828
0.95078125,14,5.822210788726807
0.95078125,14,5.8256189823150635
0.9578125,12,5.828813791275024
0.95078125,14,5.831963777542114
0.96484375,10,5.834230899810791
0.96484375,10,5.836618900299072
-1,1,5.83704400062561
0.9578125,12,5.840025901794434
0.96484375,10,5.842339754104614
0.954296875,13,5.845411777496338
0.96484375,10,5.84775972366333
0.95078125,14,5.851133823394775
0.940234375,17,5.854795932769775
0.96484375,10,5.85717511177063
0.9578125,12,5.86017370223999
0.947265625,15,5.86355996131897
0.95078125,14,5.86677098274231
0.93671875,18,5.870948791503906
0.961328125,11,5.873471975326538
0.96484375,10,5.8759448528289795
0.961328125,11,5.878473997116089
0.9578125,12,5.8827431201934814
0.954296875,13,5.88749885559082
0.93671875,18,5.895617961883545
0.96484375,10,5.898152828216553
0.95078125,14,5.901778936386108
0.95078125,14,5.905190944671631
0.9578125,12,5.909952878952026
0.961328125,11,5.914963006973267
0.96484375,10,5.917543888092041
0.95078125,14,5.920909881591797
0.940234375,17,5.925121068954468
-1,25,5.93688702583313
0.94375,16,5.94631290435791
0.96484375,10,5.9493420124053955
0.96484375,10,5.951730966567993
0.947265625,15,5.955202102661133
0.96484375,10,5.958303928375244
0.9578125,12,5.963028907775879
0.954296875,13,5.965975046157837
0.961328125,11,5.968887090682983
0.933203125,19,5.976549863815308
0.95078125,14,5.983270883560181
0.96484375,10,5.986864805221558
0.9578125,12,5.992556095123291
0.954296875,13,5.997493028640747
0.95078125,14,6.000841856002808
0.961328125,11,6.003606081008911
0.96484375,10,6.005781888961792
0.94375,16,6.009335041046143
0.9578125,12,6.01231575012207
0.96484375,10,6.015131950378418
0.933203125,19,6.019100904464722
0.96484375,10,6.0214619636535645
0.9578125,12,6.024831056594849
-1,7,6.0266807079315186
0.93671875,18,6.03056001663208
0.94375,16,6.034057855606079
-1,1,6.0344767570495605
0.95078125,14,6.037806749343872
0.933203125,19,6.042649745941162
0.93671875,18,6.047825813293457
0.961328125,11,6.050459861755371
0.940234375,17,6.054150819778442
0.940234375,17,6.05853796005249
0.954296875,13,6.061670780181885
0.9578125,12,6.064492702484131
0.9578125,12,6.067362070083618
0.961328125,11,6.07020378112793
0.915625,24,6.07569694519043
0.954296875,13,6.078780889511108
0.94375,16,6.08254599571228
0.954296875,13,6.085679769515991
0.9296875,20,6.090836048126221
0.9296875,20,6.095096826553345
0.9578125,12,6.0979509353637695
0.96484375,10,6.100412845611572
0.954296875,13,6.103210926055908
0.940234375,17,6.107140779495239
0.9578125,12,6.109808921813965
0.96484375,10,6.112166881561279
0.9578125,12,6.11513876914978
0.9578125,12,6.118093013763428
0.95078125,14,6.121355056762695
0.95078125,14,6.124541997909546
0.9578125,12,6.130038022994995
0.954296875,13,6.1345179080963135
0.96484375,10,6.137547016143799
0.961328125,11,6.141532897949219
0.9578125,12,6.14572286605835
0.9578125,12,6.149962902069092
0.9578125,12,6.154124021530151
0.96484375,10,6.157456874847412
0.95078125,14,6.16260290145874
0.9578125,12,6.16768479347229
0.961328125,11,6.172322750091553
0.947265625,15,6.175818920135498
0.96484375,10,6.178175926208496
0.96484375,10,6.180473804473877
0.96484375,10,6.183807849884033
0.961328125,11,6.188140869140625
0.96484375,10,6.191062927246094
-1,1,6.19149374961853
0.961328125,11,6.193866968154907
0.954296875,13,6.197221755981445
-1,1,6.1976518630981445
0.92265625,22,6.207225799560547
0.940234375,17,6.213231801986694
0.9578125,12,6.2185399532318115
0.94375,16,6.225384950637817
0.96484375,10,6.229564905166626
-1,1,6.230186939239502
0.947265625,15,6.233608961105347
0.96484375,10,6.23586893081665
0.961328125,11,6.238590955734253
0.96484375,10,6.242041826248169
0.961328125,11,6.246752023696899
0.9578125,12,6.249470949172974
0.961328125,11,6.25202488899231
0.961328125,11,6.254767894744873
0.961328125,11,6.257474899291992
0.96484375,10,6.259778022766113
0.954296875,13,6.262845993041992
0.96484375,10,6.265352964401245
0.961328125,11,6.267810106277466
0.961328125,11,6.270866870880127
0.933203125,19,6.275686979293823
0.9578125,12,6.278346061706543
0.9578125,12,6.281286954879761
0.96484375,10,6.283797979354858
0.94375,16,6.288039922714233
0.96484375,10,6.290552854537964
0.9578125,12,6.293357849121094
0.96484375,10,6.295746088027954
0.961328125,11,6.298360824584961
0.947265625,15,6.301793098449707
0.96484375,10,6.304401874542236
0.96484375,10,6.3067498207092285
0.95078125,14,6.309997797012329
0.95078125,14,6.313511848449707
0.9578125,12,6.316608905792236
0.96484375,10,6.319005966186523
0.96484375,10,6.321729898452759
0.961328125,11,6.324254989624023
0.96484375,10,6.326775074005127
0.961328125,11,6.3294878005981445
0.961328125,11,6.331952810287476
0.947265625,15,6.335516929626465
0.954296875,13,6.338690757751465
0.9578125,12,6.34180474281311
0.93671875,18,6.345937967300415
0.94375,16,6.349636793136597
0.94375,16,6.353631019592285
0.92265625,22,6.358668088912964
0.961328125,11,6.361366033554077
-1,8,6.363598823547363
0.9578125,12,6.366659879684448
-1,9,6.3690268993377686
0.96484375,10,6.371236801147461
-1,2,6.371879816055298
0.933203125,19,6.376494884490967
0.96484375,10,6.378929853439331
-1,4,6.380189895629883
0.954296875,13,6.383158922195435
0.954296875,13,6.386749982833862
0.94375,16,6.390517950057983
0.954296875,13,6.393676042556763
0.926171875,21,6.398681879043579
0.9578125,12,6.401617765426636
0.961328125,11,6.404157876968384
0.96484375,10,6.406531810760498
0.96484375,10,6.409160852432251
0.95078125,14,6.412332057952881
0.96484375,10,6.414521932601929
0.9578125,12,6.417287826538086
0.954296875,13,6.420427083969116
0.9578125,12,6.4232048988342285
0.947265625,15,6.426640748977661
0.961328125,11,6.4291510581970215
0.95078125,14,6.432873964309692
0.940234375,17,6.4366819858551025
0.95078125,14,6.439663887023926
0.947265625,15,6.443698883056641
0.96484375,10,6.44603967666626
0.961328125,11,6.448371887207031
0.954296875,13,6.451925992965698
0.93671875,18,6.456050872802734
0.93671875,18,6.460079908370972
0.961328125,11,6.46274471282959
0.96484375,10,6.465145826339722
0.96484375,10,6.467710971832275
0.961328125,11,6.470273971557617
0.95078125,14,6.473147869110107
0.954296875,13,6.476119041442871
0.94375,16,6.479761838912964
0.9578125,12,6.482668876647949
0.961328125,11,6.485506057739258
0.933203125,19,6.49009370803833
0.9578125,12,6.493089914321899
0.9578125,12,6.496194839477539
0.940234375,17,6.500530958175659
0.95078125,14,6.5039098262786865
0.954296875,13,6.507229804992676
0.940234375,17,6.511286973953247
0.96484375,10,6.5137248039245605
0.915625,24,6.519718885421753
0.961328125,11,6.522221803665161
0.947265625,15,6.526813983917236
0.961328125,11,6.529348850250244
0.947265625,15,6.533038854598999
0.947265625,15,6.536741733551025
0.95078125,14,6.540571928024292
0.96484375,10,6.542916774749756
0.9578125,12,6.545744895935059
0.9578125,12,6.549630880355835
0.9578125,12,6.552859783172607
0.9578125,12,6.55573296546936
0.954296875,13,6.558823823928833
0.961328125,11,6.561356067657471
0.9578125,12,6.564568758010864
0.95078125,14,6.5677268505096436
0.94375,16,6.57128381729126
0.961328125,11,6.574297904968262
0.95078125,14,6.577688694000244
0.961328125,11,6.580374002456665
-1,3,6.5813210010528564
0.9578125,12,6.584603786468506
0.96484375,10,6.5871758460998535
0.94375,16,6.5911149978637695
0.96484375,10,6.593414783477783
0.954296875,13,6.596510887145996
0.95078125,14,6.600122928619385
-1,1,6.600528955459595
0.9296875,20,6.605226039886475
0.947265625,15,6.608476877212524
0.9578125,12,6.611257791519165
0.954296875,13,6.6144797801971436
-1,2,6.615099906921387
0.96484375,10,6.617311954498291
0.96484375,10,6.619614839553833
0.9578125,12,6.622744798660278
0.954296875,13,6.625772714614868
0.96484375,10,6.628105878829956
0.9296875,20,6.632684707641602
0.96484375,10,6.635149002075195
0.926171875,21,6.640108823776245
0.94375,16,6.643762826919556
0.961328125,11,6.646819829940796
0.95078125,14,6.65014386177063
0.96484375,10,6.652467966079712
0.95078125,14,6.656027793884277
0.95078125,14,6.659433841705322
0.9578125,12,6.662274122238159
0.95078125,14,6.665479898452759
0.96484375,10,6.667858839035034
0.9296875,20,6.672361850738525
0.96484375,10,6.674769878387451
0.961328125,11,6.677304744720459
0.96484375,10,6.67962908744812
0.961328125,11,6.682449817657471
0.954296875,13,6.685414791107178
0.96484375,10,6.687657833099365
0.933203125,19,6.692001104354858
0.96484375,10,6.694234848022461
0.961328125,11,6.6970298290252686
0.926171875,21,6.702104806900024
-1,1,6.70261287689209
0.954296875,13,6.705525875091553
0.96484375,10,6.707876920700073
-1,2,6.7084879875183105
0.947265625,15,6.712066888809204
0.9578125,12,6.714945077896118
0.940234375,17,6.7190940380096436
0.954296875,13,6.722226858139038
0.961328125,11,6.724994897842407
0.9578125,12,6.7279298305511475
0.96484375,10,6.730193853378296
0.947265625,15,6.733680963516235
0.9296875,20,6.738507986068726
0.93671875,18,6.742531776428223
0.961328125,11,6.7451300621032715
0.947265625,15,6.748871803283691
0.95078125,14,6.7521889209747314
0.96484375,10,6.754478931427002
0.9578125,12,6.7575318813323975
0.954296875,13,6.7606520652771
0.9578125,12,6.763427734375
0.933203125,19,6.767720937728882
0.947265625,15,6.771446943283081
0.96484375,10,6.773876905441284
0.961328125,11,6.776571750640869
0.95078125,14,6.7797839641571045
0.95078125,14,6.783211946487427
0.94375,16,6.786800861358643
0.96484375,10,6.789695978164673
0.961328125,11,6.792448043823242
0.915625,24,6.797989845275879
0.961328125,11,6.800755977630615
0.96484375,10,6.803181886672974
-1,4,6.804536819458008
0.96484375,10,6.8068389892578125
0.96484375,10,6.809063911437988
0.919140625,23,6.814049959182739
0.961328125,11,6.816546678543091
0.95078125,14,6.81996488571167
0.954296875,13,6.82318902015686
0.961328125,11,6.825813055038452
0.95078125,14,6.829142093658447
0.9578125,12,6.832132816314697
0.940234375,17,6.836097955703735
0.9578125,12,6.838872909545898
0.96484375,10,6.841301918029785
0.96484375,10,6.8435938358306885
0.9296875,20,6.848201036453247
0.96484375,10,6.85043478012085
0.961328125,11,6.853125810623169
0.9578125,12,6.856115818023682
0.96484375,10,6.858558893203735
0.94375,16,6.862247943878174
0.96484375,10,6.864573955535889
0.954296875,13,6.867898941040039
0.954296875,13,6.871298789978027
0.96484375,10,6.873849868774414
0.9578125,12,6.8767077922821045
0.96484375,10,6.87917685508728
0.95078125,14,6.882410049438477
0.940234375,17,6.886639833450317
0.96484375,10,6.888934850692749
0.947265625,15,6.892323732376099
0.915625,24,6.897856950759888
0.961328125,11,6.9003379344940186
0.961328125,11,6.903249979019165
0.933203125,19,6.907508850097656
0.954296875,13,6.910648822784424
0.961328125,11,6.913186073303223
0.95078125,14,6.916728734970093
0.940234375,17,6.920443773269653
0.94375,16,6.924286842346191
0.96484375,10,6.926797866821289
0.940234375,17,6.931088924407959
0.96484375,10,6.933578968048096
0.96484375,10,6.936077833175659
0.961328125,11,6.938533782958984
0.9578125,12,6.942004919052124
0.96484375,10,6.945108890533447
0.96484375,10,6.950405836105347
0.96484375,10,6.953894853591919
0.95078125,14,6.957286834716797
0.947265625,15,6.960814714431763
0.96484375,10,6.963197946548462
0.93671875,18,6.967423915863037
-1,3,6.968564987182617
0.93671875,18,6.97343373298645
0.940234375,17,6.977725982666016
0.9578125,12,6.980758905410767
0.9578125,12,6.983489990234375
0.9296875,20,6.988188982009888
0.96484375,10,6.9905688762664795
0.9578125,12,6.993445873260498
0.96484375,10,6.995726823806763
0.954296875,13,6.99884295463562
0.94375,16,7.00272798538208
0.9578125,12,7.005205869674683
0.926171875,21,7.012775897979736
0.961328125,11,7.016386032104492
0.96484375,10,7.02043080329895
0.9296875,20,7.028124809265137
0.954296875,13,7.03331995010376
0.961328125,11,7.037155866622925
0.94375,16,7.0481836795806885
0.96484375,10,7.050353765487671
0.961328125,11,7.052815914154053
0.940234375,17,7.05727481842041
0.954296875,13,7.060297012329102
0.961328125,11,7.062668085098267
0.96484375,10,7.06690788269043
0.9578125,12,7.069886922836304
0.954296875,13,7.072938919067383
0.947265625,15,7.078523874282837
0.96484375,10,7.082734823226929
0.96484375,10,7.0879480838775635
0.954296875,13,7.094098806381226
0.9578125,12,7.099486827850342
0.94375,16,7.105196714401245
0.96484375,10,7.110500812530518
0.96484375,10,7.115225791931152
0.9296875,20,7.123382091522217
-1,16,7.130156755447388
0.95078125,14,7.13576078414917
-1,1,7.1366868019104
0.954296875,13,7.141411781311035
0.947265625,15,7.146331787109375
0.93671875,18,7.152933835983276
-1,2,7.154092788696289
0.961328125,11,7.156932830810547
0.954296875,13,7.161651849746704
0.961328125,11,7.16608190536499
0.9578125,12,7.169670820236206
0.961328125,11,7.173199892044067
0.96484375,10,7.176478862762451
0.954296875,13,7.17982292175293
-1,1,7.180304765701294
-1,1,7.180919885635376
0.9578125,12,7.184889793395996
0.933203125,19,7.190092086791992
0.954296875,13,7.193783760070801
0.9578125,12,7.19802188873291
0.961328125,11,7.200940847396851
0.961328125,11,7.203871965408325
0.95078125,14,7.208454847335815
0.9578125,12,7.2119059562683105
0.96484375,10,7.214433908462524
0.95078125,14,7.219066858291626
0.961328125,11,7.22290301322937
0.933203125,19,7.22817587852478
0.954296875,13,7.232528924942017
-1,1,7.2333009243011475
0.94375,16,7.237895965576172
0.9578125,12,7.241862773895264
0.96484375,10,7.245968818664551
0.9578125,12,7.2493507862091064
0.961328125,11,7.252543926239014
-1,2,7.254042863845825
0.9578125,12,7.25716495513916
0.9578125,12,7.259981870651245
0.9578125,12,7.262839078903198
0.9578125,12,7.265542984008789
0.95078125,14,7.2694337368011475
0.96484375,10,7.271854877471924
0.954296875,13,7.275251865386963
0.96484375,10,7.277808904647827
0.940234375,17,7.282097816467285
0.94375,16,7.28592586517334
-1,1,7.286494016647339
0.961328125,11,7.289165735244751
-1,22,7.294565916061401
0.96484375,10,7.297107934951782
0.961328125,11,7.29987096786499
-1,2,7.300610065460205
0.961328125,11,7.303116083145142
0.96484375,10,7.305675983428955
0.95078125,14,7.30940580368042
0.961328125,11,7.312107086181641
0.954296875,13,7.315180063247681
0.9578125,12,7.318269968032837
0.96484375,10,7.320704936981201
-1,1,7.3211798667907715
0.96484375,10,7.323559999465942
0.9578125,12,7.326553821563721
0.96484375,10,7.328953742980957
0.961328125,11,7.331444025039673
0.954296875,13,7.334340810775757
0.926171875,21,7.339301824569702
0.93671875,18,7.343907833099365
0.95078125,14,7.347446918487549
0.954296875,13,7.350511789321899
0.961328125,11,7.353304862976074
0.96484375,10,7.355760812759399
0.96484375,10,7.358405828475952
0.961328125,11,7.361109018325806
0.96484375,10,7.363661766052246
0.961328125,11,7.366300821304321
0.96484375,10,7.368660926818848
0.961328125,11,7.371149778366089
0.96484375,10,7.373826742172241
0.96484375,10,7.376197814941406
0.947265625,15,7.379440784454346
0.954296875,13,7.382382869720459
0.96484375,10,7.3846118450164795
0.96484375,10,7.386792898178101
0.9578125,12,7.389647722244263
0.954296875,13,7.392526865005493
0.95078125,14,7.395677804946899
0.961328125,11,7.398327827453613
0.96484375,10,7.4008519649505615
0.96484375,10,7.403146028518677
0.96484375,10,7.405560731887817
0.940234375,17,7.4094648361206055
0.9578125,12,7.412293910980225
0.9578125,12,7.415181875228882
-1,7,7.417130947113037
0.961328125,11,7.419682025909424
0.9578125,12,7.422410011291504
0.96484375,10,7.424734830856323
0.9578125,12,7.427796840667725
0.96484375,10,7.430205821990967
0.954296875,13,7.433212995529175
-1,1,7.43359899520874
-1,11,7.436508893966675
0.961328125,11,7.439351797103882
0.9578125,12,7.442179918289185
0.96484375,10,7.444429874420166
0.9578125,12,7.447333812713623
0.9578125,12,7.450047969818115
0.95078125,14,7.45325493812561
0.954296875,13,7.4561967849731445
0.96484375,10,7.45842981338501
0.947265625,15,7.461788892745972
0.954296875,13,7.464684724807739
0.9578125,12,7.467695951461792
0.961328125,11,7.470278978347778
0.961328125,11,7.472763776779175
0.9578125,12,7.475721836090088
0.96484375,10,7.478028059005737
0.96484375,10,7.4804370403289795
0.96484375,10,7.482638835906982
0.94375,16,7.486249923706055
0.940234375,17,7.490289926528931
0.94375,16,7.493983030319214
0.940234375,17,7.498216867446899
0.9578125,12,7.501178741455078
0.9578125,12,7.504191875457764
0.9578125,12,7.506903886795044
0.94375,16,7.510690689086914
0.96484375,10,7.513053894042969
0.96484375,10,7.51521372795105
0.95078125,14,7.518496990203857
0.954296875,13,7.521672964096069
0.95078125,14,7.526023864746094
0.954296875,13,7.529198884963989
0.96484375,10,7.531526803970337
0.9578125,12,7.5343358516693115
0.96484375,10,7.536654710769653
0.9578125,12,7.539790868759155
0.961328125,11,7.542489767074585
0.95078125,14,7.545634031295776
0.954296875,13,7.548775911331177
0.96484375,10,7.551150798797607
0.961328125,11,7.553678750991821
0.9578125,12,7.556560754776001
0.96484375,10,7.558834791183472
0.954296875,13,7.561955690383911
0.940234375,17,7.5662147998809814
0.9578125,12,7.569037675857544
0.9578125,12,7.5717339515686035
0.947265625,15,7.575350046157837
0.961328125,11,7.577924728393555
0.9578125,12,7.5807929039001465
0.926171875,21,7.585491895675659
0.9578125,12,7.588312864303589
0.9578125,12,7.590969800949097
-1,2,7.591617107391357
0.96484375,10,7.594055891036987
0.96484375,10,7.596340894699097
0.9578125,12,7.5990259647369385
0.96484375,10,7.60150671005249
0.9578125,12,7.604432821273804
0.954296875,13,7.607508897781372
0.961328125,11,7.610406875610352
0.947265625,15,7.614150762557983
0.961328125,11,7.616603851318359
0.9578125,12,7.619484901428223
0.95078125,14,7.622580051422119
0.95078125,14,7.625910043716431
0.96484375,10,7.628147840499878
0.9578125,12,7.63114595413208
0.93671875,18,7.635193824768066
0.9578125,12,7.6379358768463135
0.95078125,14,7.641175746917725
0.961328125,11,7.64373779296875
0.940234375,17,7.6479387283325195
0.947265625,15,7.651448726654053
0.926171875,21,7.656310081481934
0.9578125,12,7.659210920333862
0.961328125,11,7.661690950393677
0.961328125,11,7.6643898487091064
0.94375,16,7.6682538986206055
0.954296875,13,7.671161890029907
0.940234375,17,7.6749818325042725
0.961328125,11,7.677506685256958
0.947265625,15,7.680869817733765
0.96484375,10,7.683213710784912
0.954296875,13,7.686594009399414
0.96484375,10,7.688861846923828
0.933203125,19,7.693295955657959
0.9578125,12,7.69651985168457
0.954296875,13,7.699405670166016
0.961328125,11,7.702049970626831
0.96484375,10,7.705222845077515
0.961328125,11,7.707714796066284
0.9578125,12,7.7103660106658936
0.961328125,11,7.713086843490601
0.954296875,13,7.716279745101929
0.954296875,13,7.719276666641235
0.96484375,10,7.721569061279297
0.95078125,14,7.724910736083984
0.961328125,11,7.727478981018066
0.96484375,10,7.729998826980591
0.9578125,12,7.7329747676849365
0.961328125,11,7.735634803771973
0.96484375,10,7.738080024719238
0.96484375,10,7.740322113037109
0.9578125,12,7.742975950241089
0.96484375,10,7.745450973510742
0.96484375,10,7.748124837875366
0.961328125,11,7.75219202041626
0.954296875,13,7.756684064865112
0.961328125,11,7.760159969329834
0.9578125,12,7.765634059906006
0.954296875,13,7.7709808349609375
0.96484375,10,7.7748637199401855
0.96484375,10,7.778357982635498
0.961328125,11,7.782904863357544
0.93671875,18,7.7902209758758545
0.96484375,10,7.794790983200073
0.961328125,11,7.798187971115112
0.96484375,10,7.802868843078613
0.947265625,15,7.808566093444824
0.95078125,14,7.814738988876343
0.94375,16,7.821120023727417
0.933203125,19,7.828361988067627
0.947265625,15,7.8341357707977295
0.954296875,13,7.839343786239624
0.9578125,12,7.846115827560425
0.96484375,10,7.849373817443848
0.9578125,12,7.854200839996338
0.954296875,13,7.860619068145752
0.9296875,20,7.865498781204224
0.96484375,10,7.867928743362427
0.947265625,15,7.87156081199646
0.9578125,12,7.874495983123779
0.961328125,11,7.877114772796631
0.947265625,15,7.880924940109253
0.95078125,14,7.8844170570373535
0.947265625,15,7.888051986694336
0.954296875,13,7.8918468952178955
0.92265625,22,7.897835969924927
0.961328125,11,7.900616884231567
0.947265625,15,7.90413498878479
0.95078125,14,7.9074907302856445
0.954296875,13,7.911000728607178
-1,7,7.913113832473755
0.9578125,12,7.915680885314941
0.940234375,17,7.919823884963989
0.9578125,12,7.9230427742004395
0.96484375,10,7.925509929656982
0.954296875,13,7.9283788204193115
0.9578125,12,7.931509971618652
-1,2,7.932168960571289
0.9578125,12,7.9349141120910645
0.9578125,12,7.937407970428467
0.940234375,17,7.9417197704315186
0.954296875,13,7.944837808609009
-1,4,7.945782899856567
0.96484375,10,7.947895050048828
0.961328125,11,7.950554847717285
0.94375,16,7.954521894454956
0.954296875,13,7.95787501335144
0.95078125,14,7.961115837097168
0.954296875,13,7.964702844619751
0.95078125,14,7.968127012252808
0.96484375,10,7.971102952957153
0.947265625,15,7.975143909454346
0.926171875,21,7.979979038238525
0.93671875,18,7.98403000831604
0.9578125,12,7.986766815185547
-1,1,7.987155914306641
0.954296875,13,7.990336894989014
0.954296875,13,7.993522882461548
0.947265625,15,7.998908996582031
0.95078125,14,8.004020929336548
0.93671875,18,8.011067867279053
0.961328125,11,8.014705896377563
0.9578125,12,8.01820993423462
0.95078125,14,8.024021863937378
0.96484375,10,8.02773404121399
0.961328125,11,8.030380725860596
0.940234375,17,8.034019708633423
0.96484375,10,8.036433935165405
0.96484375,10,8.038687944412231
0.961328125,11,8.041806697845459
0.96484375,10,8.045848846435547
0.95078125,14,8.050862789154053
0.96484375,10,8.05445408821106
0.9578125,12,8.05858588218689
0.96484375,10,8.061884880065918
0.9578125,12,8.066504955291748
0.9296875,20,8.07349681854248
0.9578125,12,8.078738927841187
0.9578125,12,8.08234691619873
0.954296875,13,8.087799072265625
0.961328125,11,8.091076850891113
0.94375,16,8.09791898727417
0.961328125,11,8.100488901138306
0.96484375,10,8.10299801826477
0.961328125,11,8.107642889022827
0.961328125,11,8.111280918121338
0.961328125,11,8.116189002990723
0.961328125,11,8.120843887329102
0.961328125,11,8.12376093864441
0.96484375,10,8.126109838485718
0.961328125,11,8.128819942474365
0.96484375,10,8.13121485710144
0.9578125,12,8.134263753890991
0.96484375,10,8.136802673339844
0.954296875,13,8.139824867248535
0.947265625,15,8.143295049667358
0.95078125,14,8.146690130233765
0.96484375,10,8.149117946624756
0.9578125,12,8.152056694030762
0.954296875,13,8.155239820480347
-1,1,8.155675888061523
0.954296875,13,8.15877389907837
0.95078125,14,8.162715911865234
0.9578125,12,8.16559386253357
0.96484375,10,8.168031930923462
0.947265625,15,8.17188286781311
0.93671875,18,8.175935983657837
0.954296875,13,8.179330110549927
-1,1,8.179752826690674
0.96484375,10,8.182015895843506
0.96484375,10,8.184295892715454
0.95078125,14,8.187819004058838
0.96484375,10,8.190095901489258
0.96484375,10,8.192442893981934
0.947265625,15,8.196504831314087
0.940234375,17,8.2007417678833
0.96484375,10,8.203646898269653
0.93671875,18,8.207687854766846
0.95078125,14,8.211142778396606
0.954296875,13,8.214237928390503
0.9578125,12,8.217090129852295
0.96484375,10,8.21973204612732
0.96484375,10,8.222135066986084
0.94375,16,8.225733757019043
0.93671875,18,8.230037927627563
0.96484375,10,8.232380867004395
0.96484375,10,8.235046863555908
0.961328125,11,8.237478971481323
0.961328125,11,8.240615844726562
0.94375,16,8.24475908279419
0.96484375,10,8.247399806976318
0.954296875,13,8.250845909118652
0.96484375,10,8.253476858139038
0.9578125,12,8.256747007369995
0.940234375,17,8.260504722595215
0.926171875,21,8.265565872192383
0.961328125,11,8.269017934799194
0.947265625,15,8.272602796554565
0.96484375,10,8.275604009628296
0.95078125,14,8.278719902038574
0.954296875,13,8.282014846801758
0.947265625,15,8.285591840744019
-1,1,8.28612470626831
0.96484375,10,8.28856086730957
0.961328125,11,8.29130482673645
0.940234375,17,8.2954261302948
0.954296875,13,8.298462867736816
0.9578125,12,8.301482915878296
0.94375,16,8.305158853530884
0.9578125,12,8.308080911636353
0.96484375,10,8.310528039932251
0.95078125,14,8.313737869262695
0.96484375,10,8.316039800643921
0.954296875,13,8.319214820861816
0.94375,16,8.32319688796997
0.961328125,11,8.325883865356445
0.954296875,13,8.328974723815918
0.9578125,12,8.33192491531372
0.95078125,14,8.335646867752075
0.94375,16,8.339661836624146
0.95078125,14,8.342938899993896
0.961328125,11,8.34579086303711
0.94375,16,8.349534034729004
0.9578125,12,8.352322816848755
0.95078125,14,8.355700016021729
0.96484375,10,8.358457803726196
0.961328125,11,8.360994100570679
0.96484375,10,8.363298892974854
0.96484375,10,8.365715026855469
0.919140625,23,8.371367931365967
0.95078125,14,8.374846935272217
0.93671875,18,8.378909826278687
0.961328125,11,8.381629943847656
0.961328125,11,8.38425087928772
0.961328125,11,8.386887788772583
0.96484375,10,8.389388084411621
0.94375,16,8.393181800842285
0.961328125,11,8.395789861679077
0.947265625,15,8.3992440700531
0.9296875,20,8.403923988342285
0.961328125,11,8.406662940979004
0.94375,16,8.410187005996704
0.961328125,11,8.41287088394165
0.954296875,13,8.416452884674072
0.95078125,14,8.419703722000122
0.95078125,14,8.424025774002075
0.9578125,12,8.427114009857178
0.96484375,10,8.430546998977661
0.95078125,14,8.434436798095703
0.961328125,11,8.437148809432983
0.95078125,14,8.4405038356781
0.95078125,14,8.444095849990845
0.961328125,11,8.447206974029541
0.96484375,10,8.449652910232544
0.95078125,14,8.453242778778076
0.96484375,10,8.456101894378662
0.961328125,11,8.458587884902954
0.947265625,15,8.462178707122803
0.940234375,17,8.466338872909546
0.9578125,12,8.469045877456665
0.95078125,14,8.47269582748413
-1,8,8.474840879440308
0.961328125,11,8.477506875991821
0.96484375,10,8.479923963546753
0.947265625,15,8.483452796936035
0.954296875,13,8.486755847930908
0.90859375,26,8.492358922958374
0.95078125,14,8.495691061019897
0.95078125,14,8.499069929122925
0.915625,24,8.504727840423584
0.95078125,14,8.512449979782104
0.9578125,12,8.519861936569214
0.961328125,11,8.524245023727417
0.96484375,10,8.52947998046875
0.96484375,10,8.533889055252075
0.96484375,10,8.538131952285767
0.96484375,10,8.541541814804077
0.94375,16,8.548808813095093
0.940234375,17,8.557624816894531
0.96484375,10,8.561270952224731
0.92265625,22,8.568322896957397
0.95078125,14,8.572871923446655
0.96484375,10,8.575491905212402
0.933203125,19,8.581746816635132
0.9296875,20,8.586956024169922
0.9578125,12,8.59108567237854
0.96484375,10,8.593943119049072
0.96484375,10,8.597908020019531
0.95078125,14,8.602564811706543
0.954296875,13,8.606980800628662
0.96484375,10,8.609437942504883
0.96484375,10,8.61194396018982
0.933203125,19,8.616606950759888
0.926171875,21,8.624009847640991
0.9296875,20,8.6286039352417
0.95078125,14,8.631884098052979
0.961328125,11,8.634491920471191
0.96484375,10,8.637012958526611
0.933203125,19,8.64143180847168
0.9296875,20,8.646023988723755
0.96484375,10,8.648439884185791
0.947265625,15,8.65219783782959
0.96484375,10,8.654956102371216
-1,2,8.655927658081055
0.961328125,11,8.658609867095947
0.96484375,10,8.660876989364624
0.9578125,12,8.663667917251587
0.96484375,10,8.666674852371216
0.93671875,18,8.671160697937012
0.954296875,13,8.674914121627808
0.94375,16,8.679057836532593
0.95078125,14,8.68250584602356
0.947265625,15,8.686055898666382
0.940234375,17,8.690265893936157
0.9578125,12,8.692999839782715
0.961328125,11,8.695457935333252
0.96484375,10,8.698070049285889
0.954296875,13,8.701164722442627
0.954296875,13,8.704060792922974
0.9578125,12,8.70740795135498
0.9578125,12,8.710551738739014
0.9296875,20,8.714682817459106
0.933203125,19,8.719202041625977
0.947265625,15,8.722465991973877
0.954296875,13,8.725538730621338
0.96484375,10,8.72783374786377
0.947265625,15,8.73165488243103
0.95078125,14,8.734962940216064
0.9296875,20,8.740381002426147
0.9578125,12,8.743215799331665
0.954296875,13,8.746224880218506
0.95078125,14,8.749610900878906
0.96484375,10,8.751874685287476
0.96484375,10,8.754186868667603
0.95078125,14,8.758348941802979
0.96484375,10,8.760877847671509
0.9578125,12,8.763819932937622
0.95078125,14,8.767472743988037
0.96484375,10,8.76967191696167
0.961328125,11,8.772249937057495
0.940234375,17,8.7760329246521
0.9578125,12,8.778985023498535
-1,3,8.779953956604004
0.96484375,10,8.782517910003662
0.9578125,12,8.785300970077515
0.96484375,10,8.787545919418335
0.961328125,11,8.7902090549469
0.96484375,10,8.792558908462524
0.95078125,14,8.795758724212646
0.9578125,12,8.798524856567383
0.940234375,17,8.803117752075195
0.96484375,10,8.8053879737854
0.9578125,12,8.808303833007812
0.947265625,15,8.812158823013306
0.933203125,19,8.81640887260437
0.9578125,12,8.819249868392944
0.96484375,10,8.821547985076904
0.940234375,17,8.827387809753418
0.961328125,11,8.830578804016113
0.961328125,11,8.8330397605896
0.9578125,12,8.836227893829346
0.954296875,13,8.83972692489624
0.95078125,14,8.842866897583008
0.940234375,17,8.846817970275879
0.9578125,12,8.849961042404175
0.954296875,13,8.852893829345703
0.96484375,10,8.855093002319336
0.95078125,14,8.858447790145874
0.9578125,12,8.861297845840454
0.94375,16,8.865120887756348
0.96484375,10,8.867398977279663
0.95078125,14,8.870876789093018
-1,1,8.87127685546875
0.94375,16,8.875187873840332
0.940234375,17,8.87900686264038
0.947265625,15,8.882560014724731
0.9578125,12,8.885474681854248
0.961328125,11,8.888288974761963
0.96484375,10,8.89075779914856
-1,8,8.89287281036377
0.9296875,20,8.897737979888916
0.95078125,14,8.901190757751465
0.96484375,10,8.90351390838623
0.961328125,11,8.90619707107544
0.96484375,10,8.908695697784424
0.96484375,10,8.911148071289062
0.954296875,13,8.914336919784546
0.961328125,11,8.918654918670654
0.96484375,10,8.920983076095581
0.96484375,10,8.923535823822021
0.96484375,10,8.926045894622803
0.96484375,10,8.928492784500122
0.961328125,11,8.93112587928772
0.96484375,10,8.933609008789062
0.95078125,14,8.937322854995728
0.94375,16,8.941080808639526
0.954296875,13,8.944242000579834
0.961328125,11,8.946935653686523
0.961328125,11,8.949431657791138
0.9578125,12,8.952363967895508
0.95078125,14,8.955862998962402
0.95078125,14,8.959084033966064
0.96484375,10,8.961605787277222
0.954296875,13,8.964756965637207
0.947265625,15,8.968360900878906
0.961328125,11,8.971186876296997
0.95078125,14,8.974265813827515
0.95078125,14,8.9773428440094
0.915625,24,8.983268737792969
0.93671875,18,8.987765073776245
0.96484375,10,8.989963054656982
0.961328125,11,8.99247694015503
0.954296875,13,8.995407819747925
0.954296875,13,8.998417854309082
0.96484375,10,9.000658988952637
0.94375,16,9.00484299659729
0.933203125,19,9.00893497467041
0.9578125,12,9.011761903762817
0.96484375,10,9.014118909835815
0.96484375,10,9.016609907150269
0.940234375,17,9.020267963409424
0.954296875,13,9.023352861404419
0.940234375,17,9.027633905410767
0.954296875,13,9.030807733535767
0.933203125,19,9.035085678100586
0.94375,16,9.038954019546509
0.9578125,12,9.041869878768921
0.95078125,14,9.045316934585571
0.96484375,10,9.04777193069458
0.96484375,10,9.050237894058228
0.947265625,15,9.053344011306763
0.954296875,13,9.056354761123657
0.961328125,11,9.059113025665283
0.9578125,12,9.06216287612915
0.96484375,10,9.064735889434814
0.96484375,10,9.067086696624756
0.961328125,11,9.069736957550049
0.933203125,19,9.074173927307129
0.93671875,18,9.07836389541626
0.947265625,15,9.082231044769287
0.95078125,14,9.085511922836304
0.95078125,14,9.088867902755737
0.96484375,10,9.091431856155396
0.933203125,19,9.099236726760864
0.961328125,11,9.101907968521118
-1,4,9.103280782699585
0.96484375,10,9.105647802352905
0.9578125,12,9.108425855636597
0.9578125,12,9.111274003982544
0.940234375,17,9.114997863769531
0.9578125,12,9.117964029312134
-1,1,9.118500709533691
0.9578125,12,9.121532917022705
0.95078125,14,9.124952793121338
0.96484375,10,9.127342700958252
0.9578125,12,9.130381107330322
0.940234375,17,9.134375810623169
0.9578125,12,9.137217044830322
0.94375,16,9.141262769699097
0.961328125,11,9.143643856048584
0.95078125,14,9.146780967712402
0.96484375,10,9.149268865585327
0.947265625,15,9.152822017669678
0.9578125,12,9.155405759811401
0.954296875,13,9.158647775650024
0.954296875,13,9.161847829818726
0.96484375,10,9.164222955703735
0.96484375,10,9.166412115097046
0.961328125,11,9.16918683052063
0.96484375,10,9.171583890914917
0.95078125,14,9.174674987792969
0.9578125,12,9.177597999572754
0.954296875,13,9.180879831314087
0.95078125,14,9.184109687805176
0.954296875,13,9.186970949172974
0.961328125,11,9.18995189666748
0.9578125,12,9.192762851715088
0.961328125,11,9.195246696472168
0.94375,16,9.19909405708313
-1,9,9.201524019241333
0.93671875,18,9.205538034439087
0.961328125,11,9.208174705505371
0.96484375,10,9.210607767105103
0.96484375,10,9.212852954864502
0.96484375,10,9.215134859085083
0.9296875,20,9.219496011734009
0.912109375,25,9.224974870681763
0.954296875,13,9.227929830551147
0.954296875,13,9.23108983039856
0.95078125,14,9.234580039978027
0.96484375,10,9.236954927444458
0.9578125,12,9.239739894866943
0.947265625,15,9.243430852890015
0.96484375,10,9.24586796760559
0.94375,16,9.249643087387085
0.95078125,14,9.25294804573059
-1,1,9.25369381904602
0.94375,16,9.257569074630737
0.9578125,12,9.26033091545105
0.93671875,18,9.265068769454956
0.94375,16,9.268578052520752
0.961328125,11,9.271113872528076
0.9296875,20,9.275750875473022
0.94375,16,9.279399871826172
-1,1,9.279960870742798
0.947265625,15,9.28350281715393
0.9578125,12,9.286223888397217
0.94375,16,9.290292978286743
0.9578125,12,9.292854070663452
0.961328125,11,9.29633092880249
0.94375,16,9.300756931304932
0.954296875,13,9.303829908370972
0.9578125,12,9.307127714157104
0.954296875,13,9.310617923736572
0.961328125,11,9.31322193145752
0.9296875,20,9.319418907165527
0.961328125,11,9.321822881698608
0.96484375,10,9.324404954910278
0.93671875,18,9.329620838165283
0.933203125,19,9.33566689491272
0.95078125,14,9.339601993560791
0.9015625,28,9.346848964691162
0.96484375,10,9.349730730056763
0.94375,16,9.35444188117981
0.961328125,11,9.357245922088623
0.961328125,11,9.35995602607727
0.96484375,10,9.362269878387451
0.9578125,12,9.365253925323486
0.95078125,14,9.36909008026123
0.954296875,13,9.372893810272217
0.94375,16,9.377188920974731
0.947265625,15,9.380780696868896
0.94375,16,9.384650945663452
0.954296875,13,9.387909889221191
0.933203125,19,9.394161939620972
0.94375,16,9.400578022003174
0.96484375,10,9.404897928237915
0.96484375,10,9.4079909324646
0.954296875,13,9.412282943725586
0.96484375,10,9.416857719421387
0.9578125,12,9.420868873596191
0.954296875,13,9.426271915435791
0.961328125,11,9.429965734481812
0.96484375,10,9.434231042861938
0.96484375,10,9.437143087387085
0.961328125,11,9.441438913345337
0.954296875,13,9.446659803390503
0.933203125,19,9.4527428150177
0.93671875,18,9.458192825317383
0.947265625,15,9.463683843612671
0.954296875,13,9.467617988586426
0.96484375,10,9.470156908035278
0.940234375,17,9.475390911102295
0.96484375,10,9.47852087020874
0.961328125,11,9.48178482055664
0.9578125,12,9.48543381690979
0.9578125,12,9.48899793624878
0.9578125,12,9.492938995361328
0.9578125,12,9.496699810028076
0.947265625,15,9.500200986862183
0.954296875,13,9.503224849700928
0.954296875,13,9.506470918655396
0.954296875,13,9.509643077850342
0.961328125,11,9.512188911437988
0.94375,16,9.515723943710327
0.96484375,10,9.518195867538452
0.961328125,11,9.520979881286621
0.94375,16,9.524656772613525
0.961328125,11,9.527329921722412
0.92265625,22,9.533159971237183
0.93671875,18,9.53744387626648
0.95078125,14,9.540817975997925
0.954296875,13,9.544087886810303
0.9578125,12,9.54697585105896
0.9578125,12,9.549790859222412
0.96484375,10,9.552099704742432
0.95078125,14,9.555392026901245
0.96484375,10,9.557844877243042
0.96484375,10,9.560139894485474
0.961328125,11,9.562668085098267
0.940234375,17,9.566669702529907
0.961328125,11,9.569382905960083
0.96484375,10,9.57171082496643
0.96484375,10,9.574235916137695
0.94375,16,9.5777428150177
0.9578125,12,9.580804824829102
0.940234375,17,9.584925889968872
0.9578125,12,9.587673902511597
0.9578125,12,9.590688943862915
-1,5,9.59217882156372
0.9578125,12,9.594968795776367
0.947265625,15,9.5983407497406
0.96484375,10,9.600745916366577
0.961328125,11,9.603557825088501
0.96484375,10,9.606031894683838
0.95078125,14,9.60903787612915
0.961328125,11,9.611610889434814
0.94375,16,9.615450859069824
0.954296875,13,9.618588924407959
0.961328125,11,9.621169805526733
0.93671875,18,9.625257015228271
0.9578125,12,9.628095865249634
0.96484375,10,9.630323886871338
0.9578125,12,9.63435983657837
0.961328125,11,9.637573957443237
0.95078125,14,9.642199039459229
0.9578125,12,9.646316766738892
0.9578125,12,9.649274826049805
0.919140625,23,9.654894828796387
0.96484375,10,9.658261060714722
0.9578125,12,9.66216492652893
0.94375,16,9.668523073196411
0.92265625,22,9.676087856292725
0.96484375,10,9.679501056671143
0.96484375,10,9.682997941970825
0.96484375,10,9.686686992645264
0.9578125,12,9.690172910690308
0.954296875,13,9.694550037384033
0.954296875,13,9.701056957244873
0.933203125,19,9.706632852554321
0.961328125,11,9.710807085037231
0.961328125,11,9.71472692489624
0.96484375,10,9.717030763626099
0.95078125,14,9.720720767974854
0.96484375,10,9.723052740097046
-1,2,9.723622798919678
0.95078125,14,9.727221012115479
0.96484375,10,9.730535984039307
0.961328125,11,9.733449935913086
0.954296875,13,9.73914909362793
0.919140625,23,9.746048927307129
0.96484375,10,9.748734951019287
0.9578125,12,9.751574993133545
0.961328125,11,9.754127740859985
0.96484375,10,9.756444931030273
0.9578125,12,9.75938892364502
0.954296875,13,9.762597799301147
0.961328125,11,9.765460014343262
0.95078125,14,9.769047021865845
0.940234375,17,9.773407936096191
0.96484375,10,9.77579379081726
0.954296875,13,9.778908967971802
0.96484375,10,9.781563758850098
0.94375,16,9.78521990776062
0.961328125,11,9.788151025772095
0.96484375,10,9.790575742721558
0.94375,16,9.794426918029785
0.961328125,11,9.797173976898193
0.961328125,11,9.799968004226685
0.954296875,13,9.803077936172485
0.96484375,10,9.805543899536133
0.96484375,10,9.80793285369873
0.96484375,10,9.810381889343262
0.94375,16,9.814419984817505
0.961328125,11,9.81707501411438
0.9578125,12,9.819939851760864
0.9578125,12,9.822694778442383
0.92265625,22,9.827883958816528
0.954296875,13,9.831553936004639
0.961328125,11,9.834100008010864
0.947265625,15,9.837581872940063
0.96484375,10,9.840076923370361
0.95078125,14,9.84343671798706
0.9578125,12,9.845977783203125
0.96484375,10,9.848458051681519
0.95078125,14,9.85187292098999
-1,1,9.85233211517334
0.92265625,22,9.857186079025269
0.94375,16,9.860914945602417
0.961328125,11,9.863735675811768
0.961328125,11,9.866463899612427
0.933203125,19,9.870957851409912
0.940234375,17,9.875058889389038
0.961328125,11,9.877526998519897
0.954296875,13,9.88062071800232
0.96484375,10,9.882922887802124
0.954296875,13,9.885933876037598
0.940234375,17,9.88967490196228
0.96484375,10,9.892091751098633
0.940234375,17,9.896224975585938
0.96484375,10,9.898561000823975
0.954296875,13,9.901695966720581
0.9578125,12,9.904566049575806
0.961328125,11,9.907075881958008
0.961328125,11,9.909495830535889
0.96484375,10,9.911793947219849
0.940234375,17,9.916197776794434
0.96484375,10,9.91845989227295
0.9578125,12,9.921090841293335
-1,1,9.921588897705078
0.96484375,10,9.92458701133728
0.93671875,18,9.928752899169922
0.940234375,17,9.93267297744751
0.96484375,10,9.935468673706055
0.9578125,12,9.938275814056396
0.94375,16,9.941979885101318
0.95078125,14,9.945258855819702
0.96484375,10,9.947876930236816
0.961328125,11,9.950554847717285
0.961328125,11,9.953037023544312
0.947265625,15,9.956771850585938
0.940234375,17,9.960507869720459
0.95078125,14,9.96371579170227
0.926171875,21,9.96853494644165
0.95078125,14,9.971752882003784
0.96484375,10,9.97406792640686
0.95078125,14,9.977663040161133
-1,1,9.978070974349976
0.9578125,12,9.980700969696045
0.94375,16,9.9842689037323
0.940234375,17,9.98809289932251
0.961328125,11,9.990700721740723
0.954296875,13,9.993844032287598
0.96484375,10,9.996012687683105
0.961328125,11,9.99850583076477
0.926171875,21,10.003475904464722
-1,1,10.003989934921265
0.96484375,10,10.006289958953857
0.9578125,12,10.009121894836426
0.9578125,12,10.01195502281189
0.940234375,17,10.016343116760254
0.94375,16,10.020027875900269
0.961328125,11,10.02254581451416
-1,2,10.023151874542236
0.96484375,10,10.025527000427246
0.96484375,10,10.027841091156006
-1,8,10.030180931091309
0.93671875,18,10.035819053649902
0.954296875,13,10.038781881332397
0.94375,16,10.04268479347229
0.961328125,11,10.045328855514526
0.95078125,14,10.048475980758667
0.954296875,13,10.051806926727295
0.947265625,15,10.055460929870605
0.96484375,10,10.058120012283325
0.96484375,10,10.060463905334473
0.94375,16,10.064162015914917
0.96484375,10,10.066516876220703
0.96484375,10,10.06887698173523
0.93671875,18,10.072920799255371
0.93671875,18,10.076875925064087
0.9578125,12,10.079835891723633
0.95078125,14,10.083065748214722
0.954296875,13,10.086345911026001
0.947265625,15,10.090143918991089
0.933203125,19,10.094157695770264
0.961328125,11,10.096761703491211
0.954296875,13,10.10000991821289
0.9578125,12,10.102953910827637
0.96484375,10,10.105252742767334
0.954296875,13,10.108498811721802
0.96484375,10,10.111233949661255
0.9296875,20,10.11538577079773
0.954296875,13,10.118463039398193
0.961328125,11,10.121210813522339
0.961328125,11,10.124009847640991
0.954296875,13,10.126994848251343
0.96484375,10,10.12937593460083
0.961328125,11,10.131855726242065
0.96484375,10,10.134145975112915
0.961328125,11,10.136651039123535
0.954296875,13,10.139616966247559
0.93671875,18,10.144452810287476
0.961328125,11,10.147047996520996
0.96484375,10,10.149314880371094
0.96484375,10,10.151694774627686
0.9578125,12,10.154741048812866
0.961328125,11,10.157157897949219
0.954296875,13,10.16007399559021
0.961328125,11,10.162802934646606
-1,8,10.164917945861816
0.9578125,12,10.167577743530273
0.961328125,11,10.170157670974731
0.961328125,11,10.17279577255249
0.9296875,20,10.177384853363037
-1,8,10.179438829421997
0.947265625,15,10.183052062988281
0.9578125,12,10.186048984527588
0.95078125,14,10.189132928848267
0.961328125,11,10.191909790039062
0.93671875,18,10.196324825286865
0.954296875,13,10.199270963668823
0.9578125,12,10.201917886734009
0.96484375,10,10.204416036605835
0.9578125,12,10.207173824310303
0.940234375,17,10.210877895355225
0.933203125,19,10.215495824813843
0.95078125,14,10.21885085105896
0.947265625,15,10.22219967842102
0.954296875,13,10.225302934646606
0.96484375,10,10.227951765060425
0.9578125,12,10.230731010437012
0.954296875,13,10.233981847763062
0.961328125,11,10.23691177368164
0.96484375,10,10.239317893981934
0.96484375,10,10.241490840911865
0.961328125,11,10.244048833847046
0.93671875,18,10.248418092727661
0.96484375,10,10.250537872314453
0.92265625,22,10.25602102279663
0.961328125,11,10.259398937225342
0.961328125,11,10.262651920318604
0.96484375,10,10.265326738357544
0.9578125,12,10.268571853637695
0.9578125,12,10.271842002868652
0.9578125,12,10.276100873947144
0.954296875,13,10.27997374534607
0.9578125,12,10.28362488746643
0.95078125,14,10.287147998809814
0.961328125,11,10.289901733398438
0.954296875,13,10.294313907623291
0.93671875,18,10.300526857376099
0.96484375,10,10.304995775222778
0.96484375,10,10.308198928833008
0.961328125,11,10.312180042266846
0.9578125,12,10.31702184677124
0.96484375,10,10.320751905441284
0.94375,16,10.3257737159729
0.954296875,13,10.329878091812134
0.9578125,12,10.333056926727295
0.93671875,18,10.339913845062256
0.954296875,13,10.343262910842896
0.947265625,15,10.348419904708862
0.96484375,10,10.351385831832886
0.947265625,15,10.355908870697021
0.933203125,19,10.360720872879028
0.96484375,10,10.363882064819336
0.9578125,12,10.367776870727539
0.93671875,18,10.373230695724487
0.954296875,13,10.377271890640259
0.96484375,10,10.380092859268188
0.96484375,10,10.383366823196411
0.961328125,11,10.386514902114868
0.95078125,14,10.390497922897339
0.961328125,11,10.39419174194336
0.95078125,14,10.397560834884644
0.96484375,10,10.399855852127075
0.94375,16,10.403573036193848
0.96484375,10,10.406011819839478
0.96484375,10,10.409632921218872
0.9578125,12,10.414086818695068
0.9578125,12,10.418238878250122
0.954296875,13,10.422915697097778
0.961328125,11,10.42708683013916
0.9578125,12,10.431473970413208
0.96484375,10,10.43471884727478
0.95078125,14,10.439209938049316
0.954296875,13,10.442489862442017
0.954296875,13,10.44552493095398
0.95078125,14,10.448787927627563
0.95078125,14,10.452071905136108
0.954296875,13,10.455153942108154
0.95078125,14,10.4584219455719
0.9578125,12,10.462328910827637
0.9578125,12,10.467030048370361
0.954296875,13,10.470985889434814
0.954296875,13,10.476386785507202
0.961328125,11,10.480400800704956
0.9578125,12,10.484476804733276
0.9578125,12,10.488213062286377
0.947265625,15,10.491599798202515
0.947265625,15,10.49553108215332
0.954296875,13,10.499259948730469
0.96484375,10,10.501832962036133
0.961328125,11,10.504395961761475
0.954296875,13,10.507694721221924
0.9578125,12,10.510360717773438
0.95078125,14,10.514070987701416
0.96484375,10,10.516483783721924
0.954296875,13,10.519308090209961
-1,2,10.51994800567627
0.954296875,13,10.52298879623413
0.947265625,15,10.526869058609009
-1,1,10.527379989624023
0.9578125,12,10.530272006988525
-1,1,10.530712842941284
0.94375,16,10.534833908081055
0.954296875,13,10.538046836853027
0.954296875,13,10.54137396812439
0.96484375,10,10.543665885925293
0.93671875,18,10.547728776931763
0.94375,16,10.551631927490234
0.96484375,10,10.553936958312988
0.96484375,10,10.55630898475647
0.95078125,14,10.559538841247559
0.95078125,14,10.562788724899292
0.954296875,13,10.566159725189209
0.94375,16,10.56991171836853
0.961328125,11,10.572487831115723
0.96484375,10,10.575200080871582
0.961328125,11,10.577943801879883
0.961328125,11,10.580567836761475
0.9578125,12,10.583495855331421
0.940234375,17,10.58718991279602
0.940234375,17,10.591439723968506
0.96484375,10,10.593875885009766
0.954296875,13,10.596730947494507
0.961328125,11,10.599431991577148
0.96484375,10,10.601905822753906
0.9578125,12,10.604660987854004
0.96484375,10,10.6071937084198
0.95078125,14,10.610400915145874
0.9578125,12,10.613374948501587
0.961328125,11,10.616267919540405
0.96484375,10,10.618565797805786
0.961328125,11,10.621157884597778
0.961328125,11,10.624680995941162
0.96484375,10,10.628471851348877
0.9578125,12,10.633173942565918
0.96484375,10,10.636221885681152
0.94375,16,10.643156051635742
0.954296875,13,10.649000883102417
0.933203125,19,10.65704083442688
0.961328125,11,10.661008834838867
0.96484375,10,10.666079998016357
0.9578125,12,10.669620037078857
0.961328125,11,10.673912763595581
0.961328125,11,10.68028998374939
0.947265625,15,10.685728073120117
0.940234375,17,10.692653894424438
0.9578125,12,10.698445796966553
0.933203125,19,10.705031871795654
0.926171875,21,10.713702917098999
0.961328125,11,10.717678785324097
0.94375,16,10.724875926971436
0.961328125,11,10.729449987411499
0.9578125,12,10.734285116195679
0.96484375,10,10.738487005233765
-1,10,10.743183851242065
0.9578125,12,10.747981071472168
0.96484375,10,10.751556873321533
0.95078125,14,10.756335735321045
-1,3,10.757683992385864
0.947265625,15,10.762808799743652
0.9578125,12,10.766973972320557
0.940234375,17,10.773001909255981
0.95078125,14,10.778347969055176
0.9578125,12,10.782603979110718
-1,4,10.784473896026611
0.954296875,13,10.789093971252441
0.961328125,11,10.79306697845459
0.95078125,14,10.797415971755981
0.94375,16,10.80264401435852
0.961328125,11,10.805250883102417
0.94375,16,10.809253931045532
0.947265625,15,10.813175678253174
0.954296875,13,10.818378925323486
0.9578125,12,10.822267770767212
0.95078125,14,10.827576875686646
0.954296875,13,10.831661701202393
0.940234375,17,10.837971925735474
0.9578125,12,10.841332912445068
0.95078125,14,10.846344947814941
0.954296875,13,10.851581811904907
0.954296875,13,10.855870962142944
0.96484375,10,10.859354734420776
0.961328125,11,10.86278510093689
0.947265625,15,10.868454933166504
0.9578125,12,10.872678995132446
0.961328125,11,10.875613927841187
0.9578125,12,10.878326892852783
0.954296875,13,10.881062984466553
0.9578125,12,10.884306907653809
0.96484375,10,10.886708974838257
0.96484375,10,10.88913369178772
0.9015625,28,10.89572286605835
0.96484375,10,10.89811396598816
-1,11,10.900742769241333
0.9578125,12,10.903629064559937
0.961328125,11,10.906649827957153
0.954296875,13,10.909714937210083
0.940234375,17,10.913368701934814
0.954296875,13,10.916522026062012
0.96484375,10,10.918936729431152
-1,2,10.91969108581543
0.95078125,14,10.922915697097778
0.961328125,11,10.925667762756348
0.9578125,12,10.92859172821045
0.96484375,10,10.930916786193848
0.96484375,10,10.933229684829712
0.905078125,27,10.938962936401367
0.96484375,10,10.941257953643799
0.9578125,12,10.944097995758057
0.9578125,12,10.947113037109375
0.94375,16,10.950828075408936
0.94375,16,10.954391717910767
0.96484375,10,10.956869840621948
0.961328125,11,10.959577798843384
-1,1,10.959962844848633
0.96484375,10,10.962354898452759
0.96484375,10,10.964929103851318
0.947265625,15,10.96873688697815
0.96484375,10,10.971235752105713
0.947265625,15,10.975090980529785
0.94375,16,10.978793859481812
0.96484375,10,10.981343984603882
0.95078125,14,10.984610795974731
0.961328125,11,10.987002849578857
0.961328125,11,10.989928960800171
0.954296875,13,10.993141889572144
0.96484375,10,10.995741844177246
0.954296875,13,10.999160766601562
0.95078125,14,11.002470970153809
0.961328125,11,11.005110025405884
0.954296875,13,11.008187770843506
0.961328125,11,11.010734796524048
0.9578125,12,11.01408576965332
0.9578125,12,11.016947984695435
0.94375,16,11.020655870437622
0.96484375,10,11.023576736450195
0.96484375,10,11.026036977767944
0.947265625,15,11.029707908630371
0.95078125,14,11.032890796661377
0.96484375,10,11.03551697731018
0.961328125,11,11.038626670837402
0.96484375,10,11.040793895721436
0.961328125,11,11.043252944946289
0.96484375,10,11.045747995376587
0.954296875,13,11.048693895339966
0.96484375,10,11.05095386505127
0.961328125,11,11.05345368385315
0.96484375,10,11.056495904922485
0.94375,16,11.060096979141235
0.961328125,11,11.062757968902588
0.9578125,12,11.066394805908203
0.961328125,11,11.069127798080444
0.961328125,11,11.07187294960022
0.93671875,18,11.076167821884155
0.96484375,10,11.07876992225647
0.9578125,12,11.08240795135498
0.95078125,14,11.085264921188354
0.947265625,15,11.088935852050781
0.961328125,11,11.091718912124634
0.95078125,14,11.095144987106323
0.961328125,11,11.097821950912476
0.954296875,13,11.100798845291138
0.96484375,10,11.103336811065674
0.96484375,10,11.106276750564575
0.9578125,12,11.10936975479126
0.9578125,12,11.112524032592773
0.961328125,11,11.115530967712402
0.96484375,10,11.117841958999634
0.94375,16,11.121676921844482
0.9578125,12,11.126215934753418
0.954296875,13,11.13205099105835
0.961328125,11,11.13558292388916
0.96484375,10,11.13908576965332
0.940234375,17,11.143771886825562
0.947265625,15,11.147194862365723
0.96484375,10,11.149899005889893
0.94375,16,11.158223867416382
0.96484375,10,11.16221284866333
0.9578125,12,11.166492938995361
0.926171875,21,11.175048828125
0.96484375,10,11.179778099060059
0.954296875,13,11.183761835098267
0.96484375,10,11.186521768569946
0.95078125,14,11.18969988822937
0.961328125,11,11.192431926727295
0.96484375,10,11.194668769836426
0.95078125,14,11.201331853866577
0.954296875,13,11.206100940704346
0.9578125,12,11.210588932037354
0.96484375,10,11.214618921279907
0.95078125,14,11.220388889312744
0.9578125,12,11.225573778152466
0.9578125,12,11.229588985443115
0.954296875,13,11.23484492301941
0.96484375,10,11.23937201499939
0.96484375,10,11.242732048034668
0.96484375,10,11.245487928390503
0.947265625,15,11.24931788444519
0.96484375,10,11.251367807388306
-1,1,11.251858949661255
0.94375,16,11.256180047988892
0.93671875,18,11.260186910629272
0.96484375,10,11.26256799697876
0.9578125,12,11.265609979629517
-1,23,11.270959854125977
0.940234375,17,11.275115966796875
0.9578125,12,11.278081893920898
0.94375,16,11.281320810317993
0.940234375,17,11.285019874572754
0.94375,16,11.289135932922363
0.96484375,10,11.291456937789917
0.96484375,10,11.293975114822388
0.9296875,20,11.298622846603394
0.954296875,13,11.301644086837769
0.947265625,15,11.304992914199829
0.96484375,10,11.307299852371216
0.9578125,12,11.310109853744507
0.96484375,10,11.312424898147583
0.947265625,15,11.315934896469116
0.947265625,15,11.319443941116333
0.96484375,10,11.32178783416748
-1,6,11.323453903198242
0.961328125,11,11.325908899307251
0.96484375,10,11.328502893447876
0.947265625,15,11.332007884979248
0.940234375,17,11.33637285232544
0.96484375,10,11.338951826095581
0.9578125,12,11.34182596206665
0.954296875,13,11.344831943511963
0.954296875,13,11.347853899002075
0.947265625,15,11.351424932479858
0.947265625,15,11.354860067367554
0.95078125,14,11.358287811279297
0.94375,16,11.362431049346924
0.96484375,10,11.364754915237427
0.9578125,12,11.36753797531128
0.954296875,13,11.370637893676758
0.961328125,11,11.37317681312561
0.96484375,10,11.375512838363647
0.961328125,11,11.37821078300476
0.954296875,13,11.38121485710144
0.9578125,12,11.384087085723877
0.9578125,12,11.386756896972656
0.961328125,11,11.38937497138977
0.947265625,15,11.393343925476074
0.961328125,11,11.396003723144531
0.94375,16,11.39971399307251
0.95078125,14,11.403249979019165
0.954296875,13,11.406242847442627
0.94375,16,11.410054922103882
0.96484375,10,11.412384986877441
0.947265625,15,11.41590666770935
0.954296875,13,11.419009923934937
0.961328125,11,11.4215407371521
0.947265625,15,11.425183057785034
0.954296875,13,11.428142786026001
0.93671875,18,11.432309865951538
0.9578125,12,11.435218811035156
0.954296875,13,11.43814992904663
0.954296875,13,11.441368818283081
0.954296875,13,11.444317817687988
0.954296875,13,11.447131872177124
0.9578125,12,11.44989275932312
0.95078125,14,11.453301906585693
0.96484375,10,11.455849885940552
0.961328125,11,11.458468914031982
0.96484375,10,11.460753917694092
0.96484375,10,11.4632728099823
0.96484375,10,11.46576189994812
0.961328125,11,11.46837568283081
0.961328125,11,11.471005916595459
0.947265625,15,11.474443912506104
0.947265625,15,11.477873802185059
0.9578125,12,11.480443954467773
0.954296875,13,11.483646869659424
0.961328125,11,11.486507892608643
0.954296875,13,11.489735841751099
0.940234375,17,11.493466854095459
0.947265625,15,11.496973037719727
0.96484375,10,11.499243021011353
0.93671875,18,11.503325939178467
0.89453125,30,11.510466814041138
0.93671875,18,11.515002727508545
0.961328125,11,11.517854928970337
0.9578125,12,11.520495891571045
0.954296875,13,11.523608684539795
0.94375,16,11.527560949325562
0.9578125,12,11.530349731445312
0.9578125,12,11.533135890960693
0.954296875,13,11.536633729934692
0.9578125,12,11.5393648147583
-1,2,11.539999008178711
0.94375,16,11.54378080368042
0.95078125,14,11.5470609664917
0.954296875,13,11.549975872039795
0.961328125,11,11.55258584022522
0.933203125,19,11.557291984558105
0.95078125,14,11.560860872268677
0.93671875,18,11.56496000289917
-1,2,11.56555700302124
0.961328125,11,11.568173885345459
0.96484375,10,11.570621967315674
0.96484375,10,11.572914838790894
0.954296875,13,11.575743913650513
0.947265625,15,11.579086780548096
-1,10,11.581744909286499
0.9578125,12,11.584386110305786
0.954296875,13,11.587333917617798
0.9578125,12,11.590449810028076
0.96484375,10,11.59278392791748
0.947265625,15,11.59605097770691
0.9578125,12,11.598901987075806
0.9578125,12,11.601849794387817
0.9578125,12,11.604542016983032
0.96484375,10,11.606894731521606
0.9578125,12,11.609815835952759
0.96484375,10,11.612191915512085
0.96484375,10,11.614491939544678
0.961328125,11,11.617178916931152
0.96484375,10,11.619409799575806
0.926171875,21,11.624080896377563
0.96484375,10,11.62637996673584
0.961328125,11,11.630112886428833
0.93671875,18,11.63576889038086
0.947265625,15,11.640905857086182
0.961328125,11,11.644760847091675
0.94375,16,11.650385856628418
0.95078125,14,11.655326843261719
0.9296875,20,11.66202974319458
-1,7,11.665097951889038
0.96484375,10,11.667740821838379
0.961328125,11,11.670854806900024
0.96484375,10,11.673840761184692
0.96484375,10,11.676913976669312
0.9578125,12,11.67999792098999
0.954296875,13,11.683632850646973
0.961328125,11,11.687607049942017
0.940234375,17,11.69492793083191
0.961328125,11,11.69983172416687
0.933203125,19,11.705678701400757
0.961328125,11,11.710021734237671
0.94375,16,11.716356754302979
0.95078125,14,11.721482038497925
0.940234375,17,11.728124856948853
0.96484375,10,11.73164701461792
0.954296875,13,11.735343933105469
0.9578125,12,11.740319967269897
0.9578125,12,11.744902849197388
0.954296875,13,11.748401880264282
0.954296875,13,11.751304864883423
-1,16,11.75545883178711
0.9578125,12,11.75836992263794
-1,9,11.760714054107666
0.96484375,10,11.763048887252808
0.96484375,10,11.765450954437256
0.9578125,12,11.76857876777649
0.96484375,10,11.77104902267456
0.9578125,12,11.773866891860962
0.961328125,11,11.776420831680298
0.961328125,11,11.77925181388855
0.96484375,10,11.781827688217163
0.96484375,10,11.784111738204956
0.947265625,15,11.787394046783447
0.96484375,10,11.789874792098999
0.96484375,10,11.792326927185059
0.947265625,15,11.795974969863892
0.94375,16,11.799822807312012
0.9578125,12,11.802624940872192
0.95078125,14,11.805816888809204
0.940234375,17,11.80979585647583
0.95078125,14,11.812963724136353
0.93671875,18,11.817011833190918
0.94375,16,11.820627927780151
0.9578125,12,11.82339096069336
0.954296875,13,11.82648491859436
-1,11,11.829594850540161
0.96484375,10,11.831847906112671
0.96484375,10,11.834169864654541
0.9296875,20,11.83901596069336
0.9296875,20,11.843673706054688
0.961328125,11,11.846413850784302
0.9578125,12,11.849189758300781
0.940234375,17,11.853147983551025
0.94375,16,11.856823682785034
0.96484375,10,11.85937786102295
0.940234375,17,11.863412857055664
-1,2,11.864046812057495
0.954296875,13,11.866940975189209
0.954296875,13,11.869730710983276
0.961328125,11,11.872471809387207
0.940234375,17,11.876429080963135
0.947265625,15,11.879751920700073
-1,1,11.880153894424438
0.96484375,10,11.882408857345581
0.96484375,10,11.886993885040283
0.954296875,13,11.89220404624939
0.947265625,15,11.89837908744812
-1,10,11.901618957519531
0.95078125,14,11.90760588645935
0.961328125,11,11.911552906036377
0.95078125,14,11.918263673782349
0.954296875,13,11.92261791229248
0.95078125,14,11.92878007888794
0.954296875,13,11.933502912521362
0.961328125,11,11.937960863113403
0.95078125,14,11.945237874984741
0.95078125,14,11.950861692428589
-1,2,11.952324867248535
0.947265625,15,11.959133863449097
0.961328125,11,11.962019920349121
0.961328125,11,11.964440822601318
0.9296875,20,11.969686031341553
0.96484375,10,11.973029851913452
0.954296875,13,11.976111888885498
0.9578125,12,11.979023933410645
0.9578125,12,11.981781959533691
0.9578125,12,11.986798763275146
0.947265625,15,11.993313074111938
0.947265625,15,11.998230934143066
0.96484375,10,12.000593900680542
0.961328125,11,12.003252983093262
0.961328125,11,12.005975723266602
0.933203125,19,12.010649919509888
0.940234375,17,12.01429295539856
0.96484375,10,12.016854047775269
0.96484375,10,12.019317865371704
0.926171875,21,12.023900985717773
0.95078125,14,12.027099847793579
0.954296875,13,12.030427932739258
0.9578125,12,12.033069849014282
0.961328125,11,12.035604000091553
-1,10,12.038517951965332
0.96484375,10,12.04084300994873
0.96484375,10,12.043187856674194
0.96484375,10,12.045602798461914
0.954296875,13,12.04867672920227
-1,3,12.049536943435669
0.9578125,12,12.052191019058228
0.919140625,23,12.057432889938354
0.947265625,15,12.061208724975586
0.954296875,13,12.06411600112915
0.9578125,12,12.067010879516602
0.9578125,12,12.06995677947998
0.961328125,11,12.072397708892822
0.96484375,10,12.074812889099121
0.940234375,17,12.078460931777954
0.926171875,21,12.083341121673584
0.9578125,12,12.08634090423584
0.947265625,15,12.090094804763794
0.93671875,18,12.094200849533081
0.954296875,13,12.097081899642944
0.96484375,10,12.09927487373352
0.9578125,12,12.102446794509888
0.9578125,12,12.10525393486023
-1,1,12.105644702911377
0.96484375,10,12.107913970947266
0.9296875,20,12.112590789794922
0.954296875,13,12.115815877914429
0.961328125,11,12.118424892425537
0.947265625,15,12.122058868408203
-1,5,12.123657941818237
0.96484375,10,12.125979900360107
0.9578125,12,12.128761768341064
0.95078125,14,12.132242918014526
0.9578125,12,12.135009050369263
0.954296875,13,12.138156652450562
0.947265625,15,12.141897916793823
0.9296875,20,12.146330833435059
0.961328125,11,12.148924827575684
0.9578125,12,12.151679039001465
0.9578125,12,12.154295682907104
0.9578125,12,12.157043933868408
0.961328125,11,12.159697771072388
0.95078125,14,12.163012742996216
0.96484375,10,12.165485858917236
0.9578125,12,12.168113946914673
0.947265625,15,12.171863794326782
-1,4,12.17330288887024
0.96484375,10,12.175633907318115
0.96484375,10,12.177783727645874
0.96484375,10,12.179948806762695
0.96484375,10,12.1822988986969
0.96484375,10,12.184924840927124
-1,1,12.185362815856934
0.96484375,10,12.187644958496094
0.90859375,26,12.193719863891602
0.93671875,18,12.198974847793579
0.961328125,11,12.201767921447754
0.926171875,21,12.20646595954895
0.9578125,12,12.209162950515747
0.9578125,12,12.211896896362305
0.96484375,10,12.21452283859253
0.954296875,13,12.217618942260742
0.9578125,12,12.220659017562866
0.9578125,12,12.223680973052979
0.9578125,12,12.22642993927002
0.96484375,10,12.229043960571289
-1,12,12.232324838638306
0.961328125,11,12.234872817993164
0.9578125,12,12.237661838531494
0.9578125,12,12.240579843521118
0.95078125,14,12.243947982788086
0.933203125,19,12.248431921005249
0.961328125,11,12.251074075698853
0.95078125,14,12.254308938980103
0.95078125,14,12.257834911346436
0.96484375,10,12.260329961776733
0.96484375,10,12.26290488243103
0.93671875,18,12.267246723175049
0.9578125,12,12.26985502243042
0.96484375,10,12.272116899490356
0.96484375,10,12.274374961853027
0.96484375,10,12.27685284614563
0.96484375,10,12.279360055923462
0.954296875,13,12.28236699104309
0.9578125,12,12.285114765167236
0.9578125,12,12.288238763809204
-1,5,12.289886951446533
0.9578125,12,12.292663097381592
0.954296875,13,12.295850038528442
0.93671875,18,12.300380945205688
0.961328125,11,12.303378820419312
0.93671875,18,12.307982921600342
0.961328125,11,12.310768842697144
-1,2,12.311494827270508
0.954296875,13,12.31455373764038
0.96484375,10,12.316802024841309
0.961328125,11,12.319457054138184
0.926171875,21,12.32469892501831
0.96484375,10,12.327059984207153
0.961328125,11,12.329684019088745
0.961328125,11,12.33250379562378
0.9578125,12,12.335356950759888
0.940234375,17,12.339134931564331
0.96484375,10,12.34163784980774
0.96484375,10,12.344148874282837
0.947265625,15,12.34762978553772
0.961328125,11,12.350353956222534
0.94375,16,12.354481935501099
0.961328125,11,12.357002019882202
0.905078125,27,12.363335847854614
0.954296875,13,12.366456747055054
0.93671875,18,12.370728969573975
0.93671875,18,12.374725818634033
0.940234375,17,12.378686904907227
0.96484375,10,12.381151914596558
0.9578125,12,12.384191989898682
0.9578125,12,12.386998891830444
0.95078125,14,12.390289783477783
0.96484375,10,12.39264988899231
0.961328125,11,12.395299911499023
0.95078125,14,12.398764848709106
0.9578125,12,12.401349782943726
0.961328125,11,12.403849840164185
0.96484375,10,12.406174898147583
0.96484375,10,12.408618927001953
0.96484375,10,12.410905838012695
0.93671875,18,12.41492772102356
0.96484375,10,12.417505025863647
0.961328125,11,12.42030382156372
0.940234375,17,12.42421293258667
0.96484375,10,12.426444053649902
0.954296875,13,12.429553985595703
0.95078125,14,12.43291974067688
0.96484375,10,12.435205936431885
0.96484375,10,12.437546968460083
0.947265625,15,12.441328763961792
0.961328125,11,12.443768739700317
0.954296875,13,12.446955919265747
0.96484375,10,12.449388027191162
0.954296875,13,12.452591896057129
0.96484375,10,12.455084085464478
0.961328125,11,12.457665920257568
0.961328125,11,12.460226058959961
0.954296875,13,12.46350884437561
0.947265625,15,12.467231035232544
0.96484375,10,12.469578981399536
0.96484375,10,12.471837997436523
0.96484375,10,12.47420072555542
0.9578125,12,12.4770827293396
0.947265625,15,12.480455875396729
0.954296875,13,12.483681917190552
0.96484375,10,12.486001968383789
0.95078125,14,12.489381790161133
0.961328125,11,12.491943836212158
0.95078125,14,12.495285034179688
0.933203125,19,12.4999418258667
0.95078125,14,12.503069877624512
0.9578125,12,12.506018877029419
0.954296875,13,12.509090662002563
0.961328125,11,12.511717796325684
0.95078125,14,12.515164852142334
0.954296875,13,12.518502950668335
0.961328125,11,12.52120590209961
0.940234375,17,12.525280952453613
0.954296875,13,12.528711795806885
0.961328125,11,12.531198024749756
0.961328125,11,12.533751726150513
0.9578125,12,12.536923885345459
0.94375,16,12.541031837463379
0.95078125,14,12.54405403137207
0.96484375,10,12.54676103591919
0.9578125,12,12.549700736999512
0.92265625,22,12.554532766342163
0.94375,16,12.55850076675415
0.93671875,18,12.562951803207397
0.93671875,18,12.5669686794281
0.96484375,10,12.569272756576538
0.961328125,11,12.57190990447998
0.940234375,17,12.576020002365112
0.954296875,13,12.578816890716553
0.954296875,13,12.582054853439331
0.96484375,10,12.584512948989868
0.96484375,10,12.58706784248352
0.93671875,18,12.591329097747803
0.93671875,18,12.595736742019653
0.96484375,10,12.59801697731018
0.961328125,11,12.600504875183105
0.954296875,13,12.60330605506897
0.96484375,10,12.605528831481934
0.95078125,14,12.609194993972778
0.95078125,14,12.612226724624634
0.9578125,12,12.61510181427002
0.9578125,12,12.618061780929565
0.954296875,13,12.621056079864502
0.9578125,12,12.623914957046509
0.94375,16,12.627684831619263
0.961328125,11,12.630316019058228
0.9578125,12,12.633117914199829
0.96484375,10,12.635388851165771
0.954296875,13,12.638324975967407
0.96484375,10,12.640781879425049
0.947265625,15,12.64468789100647
0.961328125,11,12.647202730178833
0.96484375,10,12.649363994598389
0.954296875,13,12.652377843856812
0.9578125,12,12.655170679092407
0.961328125,11,12.658162832260132
0.9578125,12,12.660996913909912
0.94375,16,12.664952754974365
0.96484375,10,12.667613983154297
0.940234375,17,12.6714608669281
0.95078125,14,12.67493200302124
0.954296875,13,12.677848815917969
0.96484375,10,12.68032693862915
0.96484375,10,12.682748794555664
0.96484375,10,12.68497896194458
0.947265625,15,12.688172817230225
0.961328125,11,12.690874814987183
0.96484375,10,12.69344687461853
0.961328125,11,12.696096897125244
0.9578125,12,12.698877811431885
0.95078125,14,12.702332973480225
0.93671875,18,12.706315994262695
0.940234375,17,12.709954023361206
0.9578125,12,12.713160991668701
0.96484375,10,12.715579986572266
0.9578125,12,12.718369960784912
0.96484375,10,12.720702886581421
0.947265625,15,12.724406003952026
0.940234375,17,12.72865104675293
0.954296875,13,12.731550931930542
0.961328125,11,12.734416961669922
0.95078125,14,12.737837791442871
0.940234375,17,12.741676092147827
0.96484375,10,12.74441385269165
0.961328125,11,12.747029066085815
0.961328125,11,12.749549865722656
0.94375,16,12.753317832946777
0.96484375,10,12.755692720413208
0.947265625,15,12.759251832962036
0.954296875,13,12.762408971786499
0.96484375,10,12.76505708694458
0.9578125,12,12.768182039260864
0.947265625,15,12.771858930587769
0.95078125,14,12.775235891342163
0.947265625,15,12.778611898422241
0.96484375,10,12.780884027481079
0.96484375,10,12.78316068649292
0.95078125,14,12.786648750305176
0.95078125,14,12.789973974227905
0.95078125,14,12.792983055114746
0.96484375,10,12.795234680175781
0.954296875,13,12.798380851745605
0.947265625,15,12.801872968673706
0.95078125,14,12.80488395690918
0.947265625,15,12.808376789093018
0.90859375,26,12.814426898956299
0.96484375,10,12.81684684753418
0.94375,16,12.820632696151733
0.96484375,10,12.822909832000732
0.96484375,10,12.825265884399414
0.96484375,10,12.827615976333618
0.961328125,11,12.830225944519043
0.96484375,10,12.832559823989868
0.961328125,11,12.835306882858276
0.961328125,11,12.838032960891724
0.9578125,12,12.840751886367798
0.95078125,14,12.844040870666504
0.961328125,11,12.846901893615723
0.961328125,11,12.849510908126831
0.9578125,12,12.852204084396362
0.954296875,13,12.855294942855835
0.96484375,10,12.857841968536377
0.95078125,14,12.860987901687622
0.96484375,10,12.863257884979248
0.947265625,15,12.867173910140991
0.95078125,14,12.870429992675781
0.947265625,15,12.873679876327515
0.954296875,13,12.876779079437256
0.96484375,10,12.879342794418335
0.96484375,10,12.881557941436768
-1,1,12.88192105293274
0.933203125,19,12.886383771896362
0.96484375,10,12.889122724533081
0.954296875,13,12.89224886894226
0.96484375,10,12.894742965698242
0.9296875,20,12.899386882781982
0.9578125,12,12.90233588218689
0.9578125,12,12.905105829238892
0.947265625,15,12.908339023590088
0.947265625,15,12.91195797920227
0.94375,16,12.915620803833008
0.95078125,14,12.918796062469482
0.961328125,11,12.92149567604065
0.947265625,15,12.925175666809082
-1,5,12.926658868789673
0.95078125,14,12.929794788360596
0.9578125,12,12.932540893554688
0.95078125,14,12.936019897460938
0.94375,16,12.940130710601807
0.95078125,14,12.943285942077637
0.9578125,12,12.946213960647583
0.95078125,14,12.9493567943573
0.9296875,20,12.95479679107666
0.9578125,12,12.957651853561401
0.940234375,17,12.961729049682617
0.947265625,15,12.965234994888306
0.96484375,10,12.96760082244873
0.96484375,10,12.970009803771973
0.954296875,13,12.973238945007324
0.96484375,10,12.975552082061768
0.954296875,13,12.978420972824097
0.95078125,14,12.981757879257202
0.96484375,10,12.98420000076294
0.9578125,12,12.986917734146118
0.93671875,18,12.991495847702026
0.96484375,10,12.993881702423096
0.9578125,12,12.996847867965698
0.96484375,10,12.999268770217896
0.9578125,12,13.001948833465576
0.9578125,12,13.004542827606201
0.94375,16,13.008633852005005
-1,1,13.009034872055054
0.95078125,14,13.012203931808472
0.9578125,12,13.014883756637573
0.947265625,15,13.018397808074951
0.961328125,11,13.021320819854736
0.947265625,15,13.024722814559937
-1,1,13.025084972381592
0.95078125,14,13.028226852416992
0.96484375,10,13.030587911605835
0.96484375,10,13.032951831817627
0.95078125,14,13.036229848861694
0.95078125,14,13.039555788040161
0.961328125,11,13.042175054550171
0.95078125,14,13.045353889465332
0.96484375,10,13.047616958618164
0.96484375,10,13.049915790557861
0.95078125,14,13.05328369140625
0.95078125,14,13.05689287185669
0.954296875,13,13.059951782226562
0.933203125,19,13.064026832580566
0.95078125,14,13.067429780960083
0.954296875,13,13.070514917373657
0.961328125,11,13.07322907447815
0.947265625,15,13.076775789260864
0.94375,16,13.080512046813965
0.96484375,10,13.083117723464966
0.9578125,12,13.085896015167236
0.95078125,14,13.08897089958191
0.90859375,26,13.095341682434082
0.926171875,21,13.100241899490356
0.961328125,11,13.102943897247314
0.95078125,14,13.106059074401855
0.940234375,17,13.109968900680542
0.96484375,10,13.112326860427856
0.9578125,12,13.115354776382446
0.9578125,12,13.118055820465088
0.95078125,14,13.121394872665405
0.95078125,14,13.124827861785889
0.947265625,15,13.128006935119629
0.95078125,14,13.131353855133057
0.961328125,11,13.134116888046265
0.96484375,10,13.136539936065674
0.96484375,10,13.138701677322388
0.954296875,13,13.141705989837646
0.926171875,21,13.146392822265625
-1,2,13.147022724151611
0.96484375,10,13.149259090423584
0.94375,16,13.154554843902588
0.954296875,13,13.157699823379517
0.96484375,10,13.160169839859009
0.961328125,11,13.162957906723022
0.961328125,11,13.165595769882202
-1,1,13.165954113006592
-1,9,13.168319940567017
0.954296875,13,13.171287059783936
0.96484375,10,13.173788785934448
0.947265625,15,13.177303791046143
0.9578125,12,13.1801118850708
0.96484375,10,13.182446718215942
0.96484375,10,13.18477177619934
0.954296875,13,13.187879800796509
0.9578125,12,13.190729856491089
0.95078125,14,13.194381713867188
0.96484375,10,13.196590900421143
0.947265625,15,13.20022201538086
0.96484375,10,13.202646017074585
0.9578125,12,13.205514907836914
0.933203125,19,13.210136890411377
0.9578125,12,13.213095903396606
0.96484375,10,13.215468883514404
0.95078125,14,13.21868085861206
0.961328125,11,13.221240758895874
0.940234375,17,13.2251558303833
0.9578125,12,13.228429794311523
0.961328125,11,13.2310049533844
0.9578125,12,13.23385500907898
0.96484375,10,13.2362539768219
0.9578125,12,13.239243030548096
0.96484375,10,13.24148678779602
0.961328125,11,13.244000911712646
0.940234375,17,13.248137950897217
0.95078125,14,13.251425981521606
0.96484375,10,13.253783702850342
0.95078125,14,13.257593870162964
0.961328125,11,13.260247707366943
0.961328125,11,13.262779951095581
-1,1,13.26319694519043
0.954296875,13,13.266318798065186
0.954296875,13,13.269515991210938
0.961328125,11,13.271975994110107
0.947265625,15,13.275661706924438
0.961328125,11,13.279232025146484
0.961328125,11,13.283575057983398
0.961328125,11,13.28737211227417
0.96484375,10,13.290738821029663
0.96484375,10,13.29451584815979
0.9578125,12,13.29945182800293
0.95078125,14,13.30451488494873
0.9578125,12,13.309223890304565
0.961328125,11,13.313072919845581
0.95078125,14,13.318603992462158
0.96484375,10,13.322102069854736
0.96484375,10,13.325830936431885
0.96484375,10,13.329226970672607
0.9578125,12,13.332560777664185
0.96484375,10,13.335717916488647
0.905078125,27,13.342201709747314
0.954296875,13,13.345431804656982
0.947265625,15,13.350538969039917
0.94375,16,13.35526990890503
0.961328125,11,13.359481811523438
0.9578125,12,13.363681077957153
0.96484375,10,13.367310762405396
0.961328125,11,13.371346950531006
0.9578125,12,13.375406742095947
0.96484375,10,13.377805709838867
0.9578125,12,13.380629062652588
0.961328125,11,13.385587930679321
0.9578125,12,13.388985872268677
0.961328125,11,13.392212867736816
-1,1,13.393250703811646
0.9578125,12,13.397762775421143
0.96484375,10,13.4007089138031
0.9578125,12,13.404640913009644
0.933203125,19,13.410688877105713
0.940234375,17,13.416507959365845
0.9578125,12,13.420813798904419
0.96484375,10,13.427298069000244
0.96484375,10,13.432821989059448
0.954296875,13,13.437529802322388
0.947265625,15,13.441082954406738
0.9578125,12,13.443751811981201
0.9578125,12,13.447954893112183
0.933203125,19,13.455018043518066
0.95078125,14,13.459549903869629
0.9578125,12,13.464843034744263
0.933203125,19,13.470491886138916
0.96484375,10,13.473816871643066
0.9578125,12,13.477820873260498
0.96484375,10,13.481297969818115
0.961328125,11,13.485568046569824
0.96484375,10,13.489154815673828
-1,1,13.48998498916626
0.96484375,10,13.492918014526367
0.933203125,19,13.49875783920288
0.961328125,11,13.501452922821045
0.96484375,10,13.503868818283081
0.95078125,14,13.50725507736206
0.96484375,10,13.509644985198975
0.9578125,12,13.512418746948242
0.9578125,12,13.51511287689209
0.95078125,14,13.518417835235596
0.954296875,13,13.521756887435913
0.9578125,12,13.524460077285767
0.9578125,12,13.52734899520874
0.947265625,15,13.530791997909546
0.93671875,18,13.535117864608765
0.9578125,12,13.53796672821045
0.9578125,12,13.540987968444824
0.961328125,11,13.543880939483643
0.95078125,14,13.547162771224976
0.94375,16,13.551013946533203
0.961328125,11,13.553700923919678
0.954296875,13,13.557002067565918
0.947265625,15,13.560727834701538
0.926171875,21,13.565513849258423
0.9578125,12,13.568296909332275
0.96484375,10,13.57062292098999
0.9015625,28,13.576926946640015
0.9578125,12,13.579835891723633
0.9578125,12,13.582828760147095
0.961328125,11,13.585517883300781
0.96484375,10,13.587790727615356
0.947265625,15,13.591139793395996
0.947265625,15,13.594848871231079
0.940234375,17,13.598713874816895
0.961328125,11,13.601282835006714
0.95078125,14,13.604878902435303
-1,20,13.609931945800781
0.9578125,12,13.61273193359375
0.9578125,12,13.615731954574585
0.9578125,12,13.618592023849487
0.961328125,11,13.621214866638184
0.961328125,11,13.624161005020142
0.961328125,11,13.626816034317017
-1,13,13.630300998687744
0.96484375,10,13.632837772369385
0.954296875,13,13.63595175743103
0.96484375,10,13.638187885284424
0.95078125,14,13.641235828399658
0.96484375,10,13.643716812133789
0.9578125,12,13.64668583869934
0.96484375,10,13.648944854736328
0.96484375,10,13.651460886001587
0.940234375,17,13.655726909637451
0.93671875,18,13.66036081314087
0.96484375,10,13.662678003311157
0.9578125,12,13.66582202911377
0.96484375,10,13.668111801147461
0.93671875,18,13.67256784439087
0.93671875,18,13.677012920379639
0.95078125,14,13.6802077293396
0.940234375,17,13.684039831161499
0.96484375,10,13.686587810516357
0.95078125,14,13.689828872680664
0.96484375,10,13.692130088806152
0.961328125,11,13.694715976715088
0.9578125,12,13.697772026062012
0.912109375,25,13.703794002532959
-1,7,13.705919027328491
0.954296875,13,13.709114789962769
0.96484375,10,13.711451768875122
0.96484375,10,13.713748931884766
0.95078125,14,13.717020988464355
0.940234375,17,13.720969915390015
0.96484375,10,13.723383665084839
0.96484375,10,13.725757837295532
0.96484375,10,13.728264808654785
0.95078125,14,13.731252908706665
0.96484375,10,13.733532905578613
-1,2,13.73411774635315
0.954296875,13,13.737357139587402
0.96484375,10,13.740100860595703
0.95078125,14,13.743263959884644
0.954296875,13,13.746194839477539
0.96484375,10,13.74865198135376
0.96484375,10,13.751138687133789
0.940234375,17,13.754955053329468
0.954296875,13,13.757975816726685
0.954296875,13,13.760766983032227
0.95078125,14,13.764298915863037
0.947265625,15,13.767650127410889
0.95078125,14,13.770851850509644
0.93671875,18,13.775071859359741
0.9578125,12,13.778008699417114
0.954296875,13,13.781030893325806
0.933203125,19,13.785659790039062
0.933203125,19,13.78982400894165
0.95078125,14,13.793361902236938
0.9296875,20,13.797877073287964
-1,12,13.800678968429565
0.954296875,13,13.803839921951294
0.96484375,10,13.806091070175171
0.9578125,12,13.808880805969238
0.96484375,10,13.811171770095825
0.9578125,12,13.81394100189209
0.933203125,19,13.81831979751587
0.961328125,11,13.820873022079468
0.96484375,10,13.823180913925171
0.961328125,11,13.825816869735718
0.947265625,15,13.82918667793274
0.96484375,10,13.831578731536865
0.961328125,11,13.834184885025024
0.954296875,13,13.837307929992676
-1,1,13.837728023529053
0.961328125,11,13.840350866317749
0.96484375,10,13.842772006988525
0.954296875,13,13.845932006835938
0.9578125,12,13.848753929138184
0.96484375,10,13.850971937179565
0.954296875,13,13.85437798500061
0.9578125,12,13.85732388496399
0.961328125,11,13.86005687713623
0.961328125,11,13.862620830535889
0.95078125,14,13.865847826004028
0.9578125,12,13.868700981140137
0.96484375,10,13.871082067489624
0.96484375,10,13.87345576286316
0.95078125,14,13.876866817474365
0.961328125,11,13.87949275970459
0.96484375,10,13.8818678855896
0.961328125,11,13.884428024291992
0.9578125,12,13.887588739395142
0.96484375,10,13.890177011489868
0.96484375,10,13.892382860183716
0.96484375,10,13.894572019577026
0.9578125,12,13.897623777389526
0.94375,16,13.901324033737183
0.961328125,11,13.903953790664673
0.954296875,13,13.906914710998535
0.961328125,11,13.909555912017822
0.954296875,13,13.912361860275269
0.947265625,15,13.9159517288208
0.96484375,10,13.918401002883911
0.9578125,12,13.921314001083374
0.94375,16,13.92476487159729
0.954296875,13,13.927981853485107
0.9578125,12,13.930790901184082
0.96484375,10,13.93320608139038
0.954296875,13,13.936290740966797
0.954296875,13,13.93967890739441
0.9578125,12,13.942560911178589
0.961328125,11,13.945199728012085
0.940234375,17,13.949172973632812
0.96484375,10,13.951571941375732
0.954296875,13,13.95445990562439
0.954296875,13,13.957592725753784
0.96484375,10,13.960203886032104
0.961328125,11,13.962819814682007
0.954296875,13,13.965922117233276
0.954296875,13,13.96907377243042
0.961328125,11,13.971742868423462
0.961328125,11,13.974349737167358
0.940234375,17,13.978188037872314
0.9578125,12,13.980987787246704
0.961328125,11,13.983468055725098
0.954296875,13,13.986599922180176
0.96484375,10,13.988955974578857
0.961328125,11,13.99150800704956
0.96484375,10,13.993921041488647
0.95078125,14,13.997246026992798
-1,24,14.003070831298828
0.96484375,10,14.005547046661377
0.9578125,12,14.008428812026978
0.94375,16,14.012181997299194
0.947265625,15,14.015641927719116
0.95078125,14,14.018916845321655
0.95078125,14,14.022439956665039
0.961328125,11,14.025112867355347
0.9578125,12,14.027963876724243
0.96484375,10,14.030300855636597
-1,17,14.03474473953247
0.961328125,11,14.037566900253296
0.9578125,12,14.040472745895386
0.96484375,10,14.043278694152832
0.9578125,12,14.046161890029907
0.940234375,17,14.050556898117065
0.954296875,13,14.053684949874878
0.95078125,14,14.057207822799683
0.926171875,21,14.062536001205444
0.96484375,10,14.065416812896729
0.961328125,11,14.067924976348877
0.95078125,14,14.07077407836914
0.9578125,12,14.073615789413452
0.93671875,18,14.077701807022095
0.954296875,13,14.08048391342163
0.954296875,13,14.083369016647339
0.940234375,17,14.087563037872314
0.9578125,12,14.090628862380981
0.940234375,17,14.094545841217041
0.95078125,14,14.097534894943237
0.947265625,15,14.100711822509766
0.947265625,15,14.10425591468811
0.905078125,27,14.111157894134521
0.954296875,13,14.114253044128418
0.961328125,11,14.117193937301636
0.961328125,11,14.119772911071777
0.93671875,18,14.123959064483643
0.961328125,11,14.126887798309326
0.9578125,12,14.12980580329895
0.961328125,11,14.132348775863647
0.954296875,13,14.135710000991821
0.961328125,11,14.138427972793579
0.947265625,15,14.141692876815796
0.954296875,13,14.144707918167114
0.9578125,12,14.147645950317383
0.95078125,14,14.150954008102417
0.961328125,11,14.153523921966553
0.95078125,14,14.156847953796387
0.94375,16,14.16072702407837
0.947265625,15,14.164241790771484
0.961328125,11,14.166881084442139
0.947265625,15,14.170670747756958
0.947265625,15,14.173995018005371
0.95078125,14,14.177659749984741
0.9578125,12,14.180652856826782
0.96484375,10,14.182955026626587
0.96484375,10,14.185388088226318
0.954296875,13,14.188518762588501
0.93671875,18,14.192463874816895
0.954296875,13,14.195619821548462
0.947265625,15,14.198892831802368
0.94375,16,14.202763080596924
0.961328125,11,14.205524921417236
0.95078125,14,14.208894968032837
0.9578125,12,14.211935043334961
0.94375,16,14.217068672180176
0.9578125,12,14.220098733901978
0.961328125,11,14.222704887390137
0.95078125,14,14.226256847381592
0.9578125,12,14.229161024093628
0.954296875,13,14.232217788696289
0.947265625,15,14.23581075668335
0.96484375,10,14.238423109054565
-1,6,14.240120887756348
0.96484375,10,14.24244999885559
0.954296875,13,14.245338916778564
0.961328125,11,14.24815583229065
0.95078125,14,14.251605033874512
0.96484375,10,14.253931045532227
-1,15,14.25784707069397
0.954296875,13,14.261079788208008
0.961328125,11,14.263818979263306
0.961328125,11,14.266341924667358
0.961328125,11,14.270755767822266
0.961328125,11,14.275044918060303
0.940234375,17,14.281579971313477
0.96484375,10,14.285314083099365
0.926171875,21,14.293659925460815
0.954296875,13,14.297892808914185
0.947265625,15,14.30336594581604
0.961328125,11,14.307206869125366
0.9578125,12,14.311283826828003
0.93671875,18,14.317901134490967
0.9578125,12,14.321936845779419
0.96484375,10,14.325386047363281
0.95078125,14,14.33001184463501
0.919140625,23,14.337865829467773
0.912109375,25,14.34672474861145
0.95078125,14,14.352190017700195
0.96484375,10,14.355412006378174
0.94375,16,14.360628843307495
0.947265625,15,14.366361856460571
0.9578125,12,14.369334936141968
0.954296875,13,14.372236967086792
0.96484375,10,14.37453007698059
0.96484375,10,14.376863956451416
0.961328125,11,14.379457950592041
0.94375,16,14.383011817932129
0.94375,16,14.386981964111328
0.96484375,10,14.389243841171265
0.961328125,11,14.391897916793823
0.96484375,10,14.394345998764038
0.961328125,11,14.396897077560425
0.96484375,10,14.399291753768921
-1,4,14.400559902191162
0.96484375,10,14.402926921844482
0.961328125,11,14.405576944351196
0.96484375,10,14.40788197517395
0.954296875,13,14.4109628200531
0.947265625,15,14.414650917053223
0.96484375,10,14.417250871658325
0.96484375,10,14.419580936431885
0.954296875,13,14.422586917877197
0.96484375,10,14.424951076507568
0.933203125,19,14.429756879806519
0.93671875,18,14.434210777282715
0.940234375,17,14.43814492225647
0.954296875,13,14.441175699234009
0.93671875,18,14.445518732070923
0.94375,16,14.449358701705933
0.947265625,15,14.453094959259033
0.95078125,14,14.456851959228516
0.919140625,23,14.462389945983887
-1,1,14.462892770767212
0.961328125,11,14.465357780456543
0.94375,16,14.469356060028076
0.961328125,11,14.471988916397095
0.95078125,14,14.475502729415894
0.9578125,12,14.478549003601074
-1,7,14.480423927307129
0.94375,16,14.484306812286377
0.9578125,12,14.487469673156738
0.940234375,17,14.49160385131836
0.95078125,14,14.495090961456299
0.96484375,10,14.497438907623291
0.954296875,13,14.50051474571228
0.933203125,19,14.505053997039795
0.94375,16,14.50870680809021
0.96484375,10,14.511219024658203
0.9578125,12,14.514132022857666
0.961328125,11,14.516910791397095
0.96484375,10,14.519284963607788
0.9296875,20,14.523931980133057
0.95078125,14,14.527170896530151
0.95078125,14,14.530354976654053
0.95078125,14,14.533966779708862
0.9578125,12,14.536926031112671
0.96484375,10,14.539280891418457
0.95078125,14,14.543227910995483
0.9578125,12,14.546274662017822
0.96484375,10,14.549075841903687
0.9578125,12,14.55162501335144
0.9578125,12,14.55433177947998
-1,1,14.554844856262207
0.9578125,12,14.55795407295227
0.961328125,11,14.560569763183594
0.94375,16,14.564398765563965
0.9578125,12,14.567248821258545
0.94375,16,14.570648908615112
0.9296875,20,14.575395822525024
0.93671875,18,14.579483985900879
0.93671875,18,14.583478927612305
0.954296875,13,14.58666706085205
0.96484375,10,14.58896279335022
0.9578125,12,14.59174394607544
0.947265625,15,14.595601797103882
0.96484375,10,14.597888946533203
0.96484375,10,14.60013484954834
0.95078125,14,14.60341501235962
-1,6,14.605122804641724
0.96484375,10,14.60746693611145
0.96484375,10,14.609754800796509
0.919140625,23,14.615249872207642
0.947265625,15,14.618727922439575
0.954296875,13,14.62183403968811
0.954296875,13,14.624851942062378
0.95078125,14,14.628045082092285
0.961328125,11,14.630757808685303
0.95078125,14,14.634168863296509
0.96484375,10,14.63669490814209
0.9578125,12,14.63945484161377
0.961328125,11,14.642093896865845
0.940234375,17,14.646232843399048
0.96484375,10,14.648535013198853
-1,9,14.650734901428223
0.947265625,15,14.654129981994629
0.961328125,11,14.656739711761475
-1,1,14.657171964645386
0.912109375,25,14.6628737449646
0.9578125,12,14.665550708770752
0.93671875,18,14.669881820678711
0.96484375,10,14.672356843948364
0.9578125,12,14.675081968307495
0.961328125,11,14.677700757980347
0.9578125,12,14.680562973022461
0.947265625,15,14.684161901473999
0.954296875,13,14.687065839767456
0.9578125,12,14.689989805221558
-1,1,14.690364837646484
0.95078125,14,14.693557024002075
0.96484375,10,14.695874691009521
0.961328125,11,14.698544979095459
0.961328125,11,14.701313018798828
0.9578125,12,14.70399785041809
0.954296875,13,14.707063674926758
0.94375,16,14.710394859313965
0.947265625,15,14.713719844818115
0.954296875,13,14.716897964477539
0.9578125,12,14.719595909118652
0.940234375,17,14.723527908325195
-1,3,14.72448992729187
0.96484375,10,14.72694993019104
0.95078125,14,14.730305910110474
0.96484375,10,14.73263168334961
0.95078125,14,14.736058950424194
0.93671875,18,14.74003791809082
0.954296875,13,14.74335789680481
0.96484375,10,14.74567985534668
0.954296875,13,14.74862003326416
0.93671875,18,14.75262188911438
0.96484375,10,14.754955053329468
0.96484375,10,14.757590055465698
0.95078125,14,14.76102089881897
-1,1,14.761443853378296
0.9578125,12,14.764334917068481
0.933203125,19,14.768605947494507
0.96484375,10,14.771077871322632
0.947265625,15,14.77450180053711
0.947265625,15,14.778103828430176
0.961328125,11,14.780614852905273
0.96484375,10,14.783024787902832
0.96484375,10,14.785398006439209
0.9578125,12,14.788156986236572
0.96484375,10,14.790514945983887
0.96484375,10,14.792885065078735
0.940234375,17,14.797337770462036
0.95078125,14,14.80084776878357
0.9578125,12,14.803661823272705
-1,2,14.804374933242798
0.961328125,11,14.80727505683899
0.961328125,11,14.809906959533691
0.96484375,10,14.812204837799072
0.96484375,10,14.814568996429443
0.9578125,12,14.817575931549072
0.961328125,11,14.820319890975952
0.961328125,11,14.822916746139526
0.954296875,13,14.826044797897339
0.96484375,10,14.82879900932312
0.96484375,10,14.831351041793823
0.961328125,11,14.833865880966187
0.954296875,13,14.83696699142456
0.96484375,10,14.83950686454773
0.954296875,13,14.842833995819092
0.9578125,12,14.845499753952026
0.961328125,11,14.84810185432434
0.954296875,13,14.85138988494873
0.9578125,12,14.854091882705688
0.93671875,18,14.858224868774414
0.92265625,22,14.863353729248047
0.961328125,11,14.86591386795044
0.95078125,14,14.869014978408813
0.9578125,12,14.871870994567871
0.9578125,12,14.874860048294067
0.961328125,11,14.877311944961548
0.93671875,18,14.8816237449646
0.9578125,12,14.884296894073486
0.9578125,12,14.886944055557251
0.954296875,13,14.890007734298706
0.954296875,13,14.893308877944946
0.96484375,10,14.895589828491211
0.96484375,10,14.897863864898682
0.9578125,12,14.900563955307007
0.954296875,13,14.903844833374023
0.961328125,11,14.906438827514648
0.947265625,15,14.909753799438477
0.96484375,10,14.91199803352356
0.961328125,11,14.914726972579956
0.96484375,10,14.91709280014038
0.9578125,12,14.91974687576294
0.96484375,10,14.922087907791138
0.95078125,14,14.925510883331299
-1,3,14.926376819610596
0.954296875,13,14.92931580543518
0.96484375,10,14.931554794311523
0.95078125,14,14.934866905212402
0.954296875,13,14.937761068344116
0.96484375,10,14.940227746963501
0.96484375,10,14.942505836486816
0.9578125,12,14.945144891738892
0.96484375,10,14.9480299949646
0.96484375,10,14.950422048568726
0.947265625,15,14.953671932220459
0.96484375,10,14.956009864807129
0.96484375,10,14.958457708358765
0.9578125,12,14.961282014846802
0.96484375,10,14.963554859161377
0.93671875,18,14.967782974243164
0.96484375,10,14.970093727111816
0.96484375,10,14.972381830215454
0.9578125,12,14.9751558303833
0.926171875,21,14.98035478591919
0.961328125,11,14.98301386833191
0.961328125,11,14.985615730285645
0.96484375,10,14.987956047058105
0.9578125,12,14.990808725357056
0.96484375,10,14.993067979812622
0.9578125,12,14.995906829833984
0.93671875,18,14.999985933303833
0.93671875,18,15.004280805587769
0.961328125,11,15.006932020187378
0.9578125,12,15.009641885757446
0.919140625,23,15.01526689529419
0.961328125,11,15.018208026885986
0.96484375,10,15.02048373222351
0.96484375,10,15.022872686386108
0.947265625,15,15.026248931884766
0.926171875,21,15.03139877319336
0.96484375,10,15.033708810806274
0.96484375,10,15.03606390953064
0.96484375,10,15.038923025131226
0.940234375,17,15.043080806732178
0.96484375,10,15.045702934265137
0.96484375,10,15.048072814941406
0.96484375,10,15.050456762313843
0.915625,24,15.055552005767822
0.954296875,13,15.058825969696045
0.961328125,11,15.061378002166748
0.96484375,10,15.063860893249512
0.961328125,11,15.066585779190063
0.9578125,12,15.069539785385132
0.96484375,10,15.071906089782715
0.9578125,12,15.075084924697876
0.9578125,12,15.077932834625244
0.9578125,12,15.080986738204956
0.9578125,12,15.083789110183716
0.96484375,10,15.08612585067749
0.9015625,28,15.092544078826904
0.96484375,10,15.094882726669312
0.9578125,12,15.097620964050293
0.947265625,15,15.101183891296387
0.954296875,13,15.104190826416016
-1,2,15.104984760284424
0.96484375,10,15.10743498802185
0.961328125,11,15.11023473739624
0.9015625,28,15.116508960723877
0.96484375,10,15.118961811065674
0.96484375,10,15.121307849884033
0.9296875,20,15.126022815704346
0.954296875,13,15.12900185585022
0.9578125,12,15.131742000579834
0.947265625,15,15.136984825134277
0.9578125,12,15.141103744506836
0.9578125,12,15.145283699035645
0.961328125,11,15.150287866592407
0.96484375,10,15.15357494354248
0.96484375,10,15.157421827316284
0.961328125,11,15.160056829452515
0.926171875,21,15.164900779724121
0.96484375,10,15.167303800582886
0.947265625,15,15.172951698303223
0.96484375,10,15.177164077758789
0.9578125,12,15.18139386177063
0.95078125,14,15.187104940414429
0.96484375,10,15.190683841705322
-1,2,15.191459894180298
0.947265625,15,15.196380853652954
0.9578125,12,15.201079845428467
0.961328125,11,15.205476760864258
0.954296875,13,15.209800958633423
0.961328125,11,15.214133024215698
0.94375,16,15.222839832305908
0.96484375,10,15.226821899414062
0.961328125,11,15.230807065963745
0.9578125,12,15.235745906829834
0.954296875,13,15.241262912750244
0.961328125,11,15.245441913604736
0.96484375,10,15.249086856842041
0.94375,16,15.252643823623657
0.961328125,11,15.255507946014404
0.96484375,10,15.257913827896118
0.96484375,10,15.260356903076172
0.96484375,10,15.262753009796143
0.9578125,12,15.265578985214233
0.961328125,11,15.268157958984375
0.954296875,13,15.27108097076416
0.940234375,17,15.275271892547607
0.95078125,14,15.278479814529419
0.96484375,10,15.281115770339966
0.947265625,15,15.284719944000244
0.95078125,14,15.28830885887146
0.96484375,10,15.290743827819824
0.961328125,11,15.29339075088501
0.96484375,10,15.29594087600708
0.954296875,13,15.299314975738525
0.96484375,10,15.301714897155762
0.947265625,15,15.305518865585327
0.961328125,11,15.308698892593384
0.95078125,14,15.312005758285522
0.94375,16,15.315738916397095
0.919140625,23,15.3212149143219
0.961328125,11,15.323835849761963
-1,1,15.324423789978027
0.96484375,10,15.32704472541809
0.93671875,18,15.330960750579834
0.933203125,19,15.335340023040771
0.961328125,11,15.337893962860107
0.9578125,12,15.341030836105347
0.95078125,14,15.344266891479492
0.954296875,13,15.347295045852661
0.94375,16,15.350996971130371
0.940234375,17,15.356137990951538
0.954296875,13,15.3605797290802
0.954296875,13,15.363696813583374
0.95078125,14,15.367543697357178
0.940234375,17,15.37155294418335
0.93671875,18,15.376668930053711
0.9578125,12,15.379671812057495
0.954296875,13,15.382502794265747
0.96484375,10,15.384849786758423
0.9578125,12,15.38765287399292
0.95078125,14,15.391020774841309
-1,2,15.391861915588379
0.95078125,14,15.395085096359253
0.96484375,10,15.397425889968872
0.961328125,11,15.399996995925903
0.96484375,10,15.402463912963867
0.9578125,12,15.405335664749146
0.95078125,14,15.408812761306763
0.9578125,12,15.411641836166382
0.94375,16,15.41531491279602
0.95078125,14,15.41870379447937
0.940234375,17,15.422968864440918
0.9578125,12,15.42599606513977
0.96484375,10,15.428444862365723
0.95078125,14,15.432426929473877
0.9578125,12,15.435383796691895
0.954296875,13,15.438380002975464
0.95078125,14,15.441758871078491
0.96484375,10,15.444217920303345
0.940234375,17,15.448227882385254
0.940234375,17,15.45258092880249
0.96484375,10,15.454935789108276
0.9578125,12,15.457884788513184
0.96484375,10,15.460427045822144
0.961328125,11,15.463032722473145
0.95078125,14,15.466405868530273
0.94375,16,15.470154047012329
0.961328125,11,15.473419904708862
0.9578125,12,15.476716756820679
0.96484375,10,15.47905683517456
0.954296875,13,15.48202395439148
0.947265625,15,15.485862970352173
0.9578125,12,15.488836765289307
0.96484375,10,15.49124789237976
0.9578125,12,15.494122982025146
0.9578125,12,15.497133731842041
0.933203125,19,15.5013108253479
0.96484375,10,15.503716945648193
0.9578125,12,15.506881952285767
0.947265625,15,15.510199069976807
0.961328125,11,15.512869834899902
0.947265625,15,15.516390800476074
0.9578125,12,15.519315004348755
0.93671875,18,15.523866891860962
0.95078125,14,15.52786374092102
-1,1,15.528295993804932
0.961328125,11,15.530759811401367
0.9578125,12,15.53341794013977
0.96484375,10,15.535835981369019
0.9578125,12,15.538877010345459
0.947265625,15,15.542533874511719
0.94375,16,15.546592950820923
0.93671875,18,15.551167011260986
0.95078125,14,15.554605722427368
-1,2,15.555211067199707
0.95078125,14,15.558554887771606
-1,1,15.559032678604126
0.940234375,17,15.563220024108887
0.94375,16,15.567102909088135
0.96484375,10,15.5694739818573
0.961328125,11,15.572170972824097
0.9578125,12,15.575331687927246
0.9578125,12,15.578229904174805
0.954296875,13,15.58163571357727
0.92265625,22,15.587609767913818
0.9578125,12,15.590916872024536
0.961328125,11,15.593666076660156
0.9578125,12,15.596608877182007
0.95078125,14,15.599901914596558
0.9578125,12,15.60314393043518
0.9578125,12,15.608243942260742
0.96484375,10,15.610445737838745
0.954296875,13,15.614897966384888
0.96484375,10,15.618850708007812
0.9578125,12,15.621957778930664
0.9578125,12,15.629372835159302
0.93671875,18,15.633232831954956
0.954296875,13,15.638509750366211
0.961328125,11,15.647309064865112
0.96484375,10,15.651158094406128
0.96484375,10,15.656614780426025
0.926171875,21,15.663312911987305
0.961328125,11,15.665834903717041
0.95078125,14,15.668933868408203
0.94375,16,15.673258066177368
0.94375,16,15.679556846618652
0.96484375,10,15.682056903839111
-1,3,15.683420896530151
0.940234375,17,15.687115907669067
0.954296875,13,15.69166111946106
0.926171875,21,15.698363780975342
0.961328125,11,15.700984716415405
0.9578125,12,15.704364776611328
0.954296875,13,15.709338903427124
0.954296875,13,15.714369058609009
0.96484375,10,15.719490766525269
0.93671875,18,15.72611403465271
0.961328125,11,15.734120845794678
0.9578125,12,15.741895914077759
0.96484375,10,15.749523878097534
0.954296875,13,15.757284879684448
0.96484375,10,15.763248920440674
0.954296875,13,15.766307830810547
0.954296875,13,15.769254922866821
0.96484375,10,15.771557807922363
0.96484375,10,15.775306940078735
0.96484375,10,15.777600049972534
0.96484375,10,15.78001594543457
0.961328125,11,15.782511949539185
0.96484375,10,15.786106824874878
0.940234375,17,15.798541069030762
0.947265625,15,15.806298732757568
0.95078125,14,15.814497947692871
0.96484375,10,15.822322845458984
0.961328125,11,15.828906059265137
0.95078125,14,15.83830189704895
0.96484375,10,15.843374729156494
0.954296875,13,15.84912371635437
-1,1,15.850258827209473
0.9578125,12,15.857460021972656
0.954296875,13,15.86430287361145
0.96484375,10,15.872049808502197
0.9578125,12,15.87497591972351
0.947265625,15,15.878495931625366
0.96484375,10,15.880815744400024
0.961328125,11,15.883383750915527
0.96484375,10,15.885734796524048
0.947265625,15,15.889006853103638
0.9578125,12,15.892018795013428
0.9578125,12,15.894805908203125
0.954296875,13,15.898138761520386
0.954296875,13,15.901506662368774
0.94375,16,15.905324697494507
0.93671875,18,15.909523010253906
0.94375,16,15.913159847259521
0.954296875,13,15.916860818862915
0.9296875,20,15.921595811843872
0.961328125,11,15.924149990081787
0.926171875,21,15.929744958877563
0.95078125,14,15.933097839355469
0.90859375,26,15.939576864242554
0.954296875,13,15.94271183013916
0.96484375,10,15.945077896118164
0.9578125,12,15.947901964187622
0.9578125,12,15.951016902923584
0.954296875,13,15.95514178276062
0.9578125,12,15.958224773406982
0.9578125,12,15.960974931716919
0.940234375,17,15.96495008468628
-1,1,15.965691804885864
0.90859375,26,15.971724033355713
0.93671875,18,15.976248741149902
0.919140625,23,15.981530904769897
0.9578125,12,15.984384059906006
0.954296875,13,15.987287044525146
0.95078125,14,15.991000890731812
0.954296875,13,15.994132995605469
0.96484375,10,15.996549844741821
0.961328125,11,15.999032735824585
0.961328125,11,16.001635789871216
0.954296875,13,16.004565954208374
0.96484375,10,16.007093906402588
0.9578125,12,16.01032781600952
0.96484375,10,16.01370072364807
0.96484375,10,16.016438007354736
0.940234375,17,16.022528886795044
-1,10,16.026163816452026
0.96484375,10,16.029934883117676
0.933203125,19,16.03567886352539
0.940234375,17,16.0413179397583
0.96484375,10,16.044168949127197
-1,4,16.046175956726074
0.954296875,13,16.049243927001953
0.9578125,12,16.052677869796753
0.954296875,13,16.057579040527344
0.9578125,12,16.06184983253479
0.95078125,14,16.068482875823975
0.95078125,14,16.073642015457153
0.954296875,13,16.080013036727905
0.96484375,10,16.084043979644775
0.947265625,15,16.092657804489136
0.96484375,10,16.09525990486145
0.954296875,13,16.098394870758057
0.954296875,13,16.101567029953003
0.961328125,11,16.105976819992065
0.96484375,10,16.10990595817566
0.954296875,13,16.11664390563965
0.94375,16,16.124403953552246
0.961328125,11,16.12687587738037
0.96484375,10,16.129324674606323
0.954296875,13,16.13271975517273
0.961328125,11,16.13542675971985
0.96484375,10,16.13777470588684
0.96484375,10,16.140175819396973
0.954296875,13,16.1434907913208
0.96484375,10,16.146138906478882
0.954296875,13,16.149280071258545
0.961328125,11,16.152082920074463
0.961328125,11,16.154876947402954
0.9578125,12,16.157795906066895
0.96484375,10,16.16040873527527
0.9578125,12,16.163431882858276
0.95078125,14,16.1667058467865
0.961328125,11,16.169392824172974
0.96484375,10,16.171857833862305
0.93671875,18,16.17583680152893
0.9578125,12,16.17899799346924
0.9578125,12,16.18166494369507
0.9578125,12,16.184525728225708
-1,8,16.18716597557068
0.9578125,12,16.19059991836548
0.926171875,21,16.195789098739624
0.954296875,13,16.19920778274536
0.954296875,13,16.202759981155396
0.954296875,13,16.205795764923096
0.9578125,12,16.20856285095215
0.9578125,12,16.211427688598633
0.96484375,10,16.213762760162354
0.9578125,12,16.216814756393433
0.95078125,14,16.22012996673584
0.96484375,10,16.22244882583618
0.940234375,17,16.22644567489624
0.940234375,17,16.230599880218506
0.95078125,14,16.234647750854492
0.93671875,18,16.239253997802734
0.96484375,10,16.241559743881226
0.96484375,10,16.24378800392151
0.954296875,13,16.247148036956787
0.95078125,14,16.250488758087158
0.940234375,17,16.254390954971313
0.96484375,10,16.257328748703003
0.96484375,10,16.260746002197266
0.9578125,12,16.26429009437561
0.96484375,10,16.267708778381348
0.96484375,10,16.270917892456055
0.947265625,15,16.274966955184937
0.954296875,13,16.278799772262573
0.9578125,12,16.28261399269104
0.933203125,19,16.28718113899231
0.9578125,12,16.29117488861084
0.947265625,15,16.295832872390747
0.96484375,10,16.298173904418945
0.96484375,10,16.30040979385376
0.947265625,15,16.307896852493286
0.9578125,12,16.312383890151978
0.96484375,10,16.314903020858765
0.933203125,19,16.32167887687683
0.954296875,13,16.32949995994568
0.954296875,13,16.337880849838257
0.9578125,12,16.34600591659546
0.96484375,10,16.350486993789673
0.947265625,15,16.357650995254517
0.961328125,11,16.362518072128296
0.961328125,11,16.366562843322754
0.96484375,10,16.370326042175293
0.9578125,12,16.374120950698853
0.961328125,11,16.376780033111572
0.96484375,10,16.379098892211914
0.933203125,19,16.38347291946411
0.947265625,15,16.387135982513428
0.940234375,17,16.391087770462036
0.9578125,12,16.394092798233032
0.954296875,13,16.397429943084717
0.96484375,10,16.40007185935974
0.93671875,18,16.40468692779541
0.9578125,12,16.407696962356567
0.940234375,17,16.411874055862427
0.96484375,10,16.41425895690918
0.954296875,13,16.417707920074463
0.96484375,10,16.420135974884033
0.96484375,10,16.422358989715576
-1,1,16.422839879989624
0.96484375,10,16.42528200149536
0.94375,16,16.42914366722107
0.9578125,12,16.432141065597534
0.9578125,12,16.434959888458252
0.96484375,10,16.43754291534424
0.94375,16,16.44163680076599
0.95078125,14,16.444984912872314
0.9578125,12,16.447787046432495
0.954296875,13,16.450787782669067
0.9296875,20,16.45529294013977
0.954296875,13,16.45835280418396
0.9578125,12,16.461066007614136
0.961328125,11,16.463701009750366
0.9578125,12,16.466672897338867
0.954296875,13,16.469725847244263
0.92265625,22,16.474609851837158
0.95078125,14,16.477942943572998
0.954296875,13,16.481156826019287
0.961328125,11,16.48372507095337
0.940234375,17,16.48781991004944
0.954296875,13,16.491150856018066
0.93671875,18,16.495470762252808
0.9296875,20,16.500123977661133
0.9578125,12,16.503746032714844
0.947265625,15,16.508601903915405
0.95078125,14,16.512635946273804
0.954296875,13,16.51621985435486
0.940234375,17,16.521561861038208
0.96484375,10,16.52429175376892
0.96484375,10,16.526800870895386
0.96484375,10,16.529826879501343
0.947265625,15,16.534380674362183
0.961328125,11,16.5381498336792
0.940234375,17,16.543112993240356
0.954296875,13,16.546261072158813
0.947265625,15,16.550984859466553
0.954296875,13,16.554528951644897
0.94375,16,16.559724807739258
0.96484375,10,16.56306481361389
0.9578125,12,16.56680178642273
0.96484375,10,16.56989288330078
0.961328125,11,16.573401927947998
0.9578125,12,16.57716679573059
0.96484375,10,16.579717874526978
0.940234375,17,16.585776805877686
0.9578125,12,16.589080810546875
0.96484375,10,16.592410802841187
0.94375,16,16.59718084335327
0.940234375,17,16.602532863616943
0.940234375,17,16.606438875198364
0.96484375,10,16.609465837478638
0.9578125,12,16.61269783973694
0.9578125,12,16.615524768829346
0.96484375,10,16.61836290359497
0.9578125,12,16.62262988090515
0.933203125,19,16.626797676086426
0.96484375,10,16.629244804382324
0.9578125,12,16.63224697113037
0.961328125,11,16.634963989257812
0.9578125,12,16.637856006622314
0.9578125,12,16.640882968902588
0.9578125,12,16.643844842910767
0.933203125,19,16.648667812347412
0.96484375,10,16.651091814041138
0.954296875,13,16.654024839401245
0.933203125,19,16.658487796783447
0.947265625,15,16.661847829818726
0.96484375,10,16.664236783981323
0.95078125,14,16.66776704788208
0.947265625,15,16.671403884887695
0.947265625,15,16.675019025802612
0.9578125,12,16.677985906600952
0.961328125,11,16.680737018585205
0.915625,24,16.686249017715454
0.96484375,10,16.68867301940918
0.9578125,12,16.691682815551758
0.96484375,10,16.69408893585205
0.96484375,10,16.696265935897827
0.940234375,17,16.700259685516357
0.9578125,12,16.703248977661133
0.9578125,12,16.706458806991577
0.9578125,12,16.70936608314514
0.9578125,12,16.712445974349976
0.961328125,11,16.71525287628174
0.961328125,11,16.718509674072266
0.96484375,10,16.72081470489502
0.9578125,12,16.723793983459473
0.933203125,19,16.72819685935974
0.9578125,12,16.731307983398438
0.96484375,10,16.733683824539185
0.96484375,10,16.73613476753235
0.947265625,15,16.74080991744995
0.954296875,13,16.74382996559143
0.96484375,10,16.747654914855957
0.96484375,10,16.75227689743042
0.954296875,13,16.75748896598816
0.96484375,10,16.76220393180847
0.9578125,12,16.767846822738647
0.9296875,20,16.77370810508728
0.95078125,14,16.78125
0.95078125,14,16.785459995269775
0.96484375,10,16.791278839111328
0.92265625,22,16.798882722854614
0.90859375,26,16.80854892730713
0.961328125,11,16.813392877578735
0.93671875,18,16.817622900009155
0.96484375,10,16.820019006729126
-1,2,16.82079005241394
0.96484375,10,16.82309079170227
0.947265625,15,16.829174995422363
0.961328125,11,16.833058834075928
0.96484375,10,16.837010860443115
0.96484375,10,16.8410587310791
0.96484375,10,16.845963954925537
0.96484375,10,16.849591732025146
0.954296875,13,16.8542799949646
0.9578125,12,16.859127044677734
0.9296875,20,16.866503953933716
0.96484375,10,16.870014905929565
0.95078125,14,16.8751380443573
0.9578125,12,16.878943920135498
0.954296875,13,16.884084939956665
0.961328125,11,16.8883318901062
0.961328125,11,16.892096996307373
0.9578125,12,16.89690089225769
0.96484375,10,16.899906873703003
0.954296875,13,16.90405297279358
0.947265625,15,16.909036874771118
0.947265625,15,16.913395881652832
0.93671875,18,16.919590950012207
0.954296875,13,16.923743963241577
0.961328125,11,16.929309844970703
0.96484375,10,16.933538675308228
0.954296875,13,16.93879771232605
0.9578125,12,16.943871021270752
0.9578125,12,16.947962760925293
0.933203125,19,16.95480990409851
0.96484375,10,16.958515882492065
0.95078125,14,16.964014768600464
0.96484375,10,16.966489791870117
0.954296875,13,16.969968795776367
0.947265625,15,16.97389793395996
0.95078125,14,16.979390859603882
0.96484375,10,16.982698917388916
0.95078125,14,16.98833990097046
0.933203125,19,16.995115995407104
-1,1,16.995588779449463
0.947265625,15,17.000221967697144
0.96484375,10,17.00257682800293
0.961328125,11,17.005221843719482
0.9578125,12,17.00818681716919
0.933203125,19,17.012744903564453
0.96484375,10,17.015293836593628
0.940234375,17,17.019131898880005
0.96484375,10,17.02224588394165
0.94375,16,17.02630090713501
0.94375,16,17.030427932739258
0.961328125,11,17.0346040725708
0.9578125,12,17.037391901016235
0.96484375,10,17.03973889350891
0.919140625,23,17.044904947280884
0.961328125,11,17.04762601852417
0.954296875,13,17.05088996887207
0.96484375,10,17.053652048110962
0.961328125,11,17.056774854660034
0.926171875,21,17.06200075149536
0.95078125,14,17.065772771835327
0.96484375,10,17.068363904953003
0.96484375,10,17.070924997329712
0.96484375,10,17.07384705543518
0.9578125,12,17.076714038848877
0.954296875,13,17.079755067825317
0.95078125,14,17.08370089530945
0.96484375,10,17.086095809936523
0.96484375,10,17.08858895301819
0.961328125,11,17.091461896896362
0.96484375,10,17.094599962234497
0.954296875,13,17.097707986831665
0.947265625,15,17.10158109664917
0.947265625,15,17.105071783065796
0.96484375,10,17.107438802719116
0.94375,16,17.111164808273315
0.954296875,13,17.11446189880371
0.93671875,18,17.118302822113037
0.96484375,10,17.12057399749756
0.954296875,13,17.12409496307373
0.940234375,17,17.127946853637695
0.961328125,11,17.130666971206665
0.954296875,13,17.133786916732788
0.961328125,11,17.13647699356079
0.93671875,18,17.140912771224976
0.961328125,11,17.144171953201294
0.96484375,10,17.14638900756836
0.954296875,13,17.149250030517578
0.954296875,13,17.15553879737854
-1,1,17.156141757965088
0.947265625,15,17.159721851348877
0.947265625,15,17.163599729537964
-1,12,17.166510820388794
0.947265625,15,17.169972896575928
0.95078125,14,17.173760890960693
0.947265625,15,17.177604913711548
0.9578125,12,17.180474758148193
0.954296875,13,17.183536767959595
0.9578125,12,17.186521768569946
0.96484375,10,17.1888530254364
0.9578125,12,17.19162893295288
0.954296875,13,17.194711685180664
0.961328125,11,17.197299003601074
0.9578125,12,17.200108766555786
0.954296875,13,17.203315019607544
0.93671875,18,17.207724809646606
0.954296875,13,17.210760831832886
0.9578125,12,17.213626861572266
0.961328125,11,17.216253995895386
0.933203125,19,17.220815896987915
0.8875,32,17.228162050247192
0.96484375,10,17.230639934539795
0.96484375,10,17.233189821243286
0.96484375,10,17.235650777816772
0.93671875,18,17.239898920059204
0.954296875,13,17.243488073349
0.9578125,12,17.247057914733887
-1,1,17.247604846954346
0.961328125,11,17.250107765197754
0.947265625,15,17.253528833389282
-1,1,17.253949880599976
0.94375,16,17.260278940200806
0.9578125,12,17.264410734176636
-1,8,17.266929864883423
0.94375,16,17.272302865982056
0.9296875,20,17.279319047927856
0.947265625,15,17.285335063934326
0.961328125,11,17.28943109512329
0.95078125,14,17.294790983200073
0.96484375,10,17.298452854156494
0.933203125,19,17.30568289756775
0.961328125,11,17.310184955596924
0.96484375,10,17.31449866294861
0.96484375,10,17.316816806793213
0.940234375,17,17.323630809783936
0.9296875,20,17.3311870098114
0.96484375,10,17.334604024887085
0.95078125,14,17.339632749557495
0.954296875,13,17.34463882446289
0.954296875,13,17.34942889213562
0.95078125,14,17.35303497314453
0.954296875,13,17.35626482963562
0.947265625,15,17.35997700691223
0.961328125,11,17.36496591567993
0.94375,16,17.370205879211426
0.95078125,14,17.37452793121338
0.95078125,14,17.377786874771118
0.954296875,13,17.38105082511902
0.954296875,13,17.384438037872314
0.954296875,13,17.387463808059692
0.93671875,18,17.39169192314148
0.95078125,14,17.39509677886963
0.95078125,14,17.398921012878418
0.954296875,13,17.4019877910614
0.95078125,14,17.405128002166748
-1,13,17.40857696533203
0.9578125,12,17.41146969795227
0.961328125,11,17.413919925689697
0.96484375,10,17.416290044784546
0.94375,16,17.42047095298767
0.9578125,12,17.423319816589355
0.961328125,11,17.425818920135498
0.905078125,27,17.432092905044556
0.954296875,13,17.4351749420166
0.94375,16,17.43895983695984
0.961328125,11,17.441617965698242
0.947265625,15,17.445183038711548
0.96484375,10,17.44771409034729
0.9578125,12,17.450840711593628
0.9578125,12,17.453635692596436
-1,1,17.454096794128418
0.9578125,12,17.457101106643677
0.940234375,17,17.461347818374634
0.940234375,17,17.465125799179077
0.961328125,11,17.467870950698853
0.912109375,25,17.474085807800293
0.96484375,10,17.47638487815857
-1,13,17.479535818099976
0.940234375,17,17.483691930770874
0.947265625,15,17.487441778182983
0.96484375,10,17.489929914474487
0.95078125,14,17.493226051330566
0.96484375,10,17.495733976364136
0.961328125,11,17.49845576286316
0.954296875,13,17.501884937286377
0.954296875,13,17.504901885986328
0.954296875,13,17.50848889350891
-1,3,17.509660959243774
0.954296875,13,17.512878894805908
0.96484375,10,17.515244722366333
0.9578125,12,17.518152952194214
0.95078125,14,17.521978855133057
0.90859375,26,17.52927279472351
0.96484375,10,17.531928777694702
0.961328125,11,17.534709930419922
0.954296875,13,17.53768491744995
0.912109375,25,17.54330801963806
0.92265625,22,17.54843497276306
0.94375,16,17.552201986312866
0.947265625,15,17.555747747421265
0.96484375,10,17.55817985534668
0.947265625,15,17.562115907669067
0.940234375,17,17.566071033477783
0.9578125,12,17.568949937820435
0.95078125,14,17.572149991989136
0.96484375,10,17.5747127532959
0.954296875,13,17.577826738357544
0.954296875,13,17.58083200454712
0.954296875,13,17.584192037582397
0.96484375,10,17.586628913879395
0.95078125,14,17.59010672569275
0.926171875,21,17.59472680091858
0.96484375,10,17.597023010253906
0.954296875,13,17.59993886947632
0.961328125,11,17.60241675376892
0.94375,16,17.606323957443237
0.96484375,10,17.608775854110718
0.95078125,14,17.612118005752563
0.93671875,18,17.616389751434326
0.9578125,12,17.619230031967163
0.95078125,14,17.622596740722656
-1,1,17.623345851898193
0.96484375,10,17.626746892929077
0.9578125,12,17.630652904510498
0.9578125,12,17.634434700012207
0.95078125,14,17.63977074623108
0.961328125,11,17.642647743225098
0.9578125,12,17.646605014801025
0.9578125,12,17.65108585357666
0.947265625,15,17.65500497817993
0.95078125,14,17.66056180000305
-1,1,17.661252737045288
0.961328125,11,17.66474175453186
0.961328125,11,17.66841697692871
0.96484375,10,17.67170476913452
0.96484375,10,17.67508888244629
0.961328125,11,17.679085731506348
0.93671875,18,17.68464684486389
0.96484375,10,17.688246965408325
0.954296875,13,17.69246006011963
0.961328125,11,17.696019887924194
0.954296875,13,17.700419902801514
0.961328125,11,17.70432996749878
0.96484375,10,17.706897974014282
0.961328125,11,17.709988832473755
0.961328125,11,17.71417498588562
0.961328125,11,17.717868089675903
0.940234375,17,17.724312782287598
0.9578125,12,17.72847580909729
0.96484375,10,17.732017993927002
0.93671875,18,17.73926591873169
0.95078125,14,17.746176958084106
0.954296875,13,17.74973487854004
0.961328125,11,17.752463817596436
0.95078125,14,17.75554895401001
0.954296875,13,17.758672952651978
0.95078125,14,17.762211799621582
0.954296875,13,17.7653329372406
-1,2,17.766023874282837
0.940234375,17,17.770210027694702
0.96484375,10,17.772624969482422
0.96484375,10,17.775064706802368
0.961328125,11,17.7777898311615
0.96484375,10,17.78010392189026
-1,6,17.782545804977417
0.954296875,13,17.785725831985474
0.940234375,17,17.7902729511261
0.96484375,10,17.792560815811157
0.933203125,19,17.796916007995605
0.954296875,13,17.800246953964233
0.9296875,20,17.805009841918945
0.954296875,13,17.808177947998047
0.947265625,15,17.81165385246277
0.961328125,11,17.81421995162964
0.954296875,13,17.817200899124146
0.96484375,10,17.819546937942505
0.96484375,10,17.82200598716736
0.9578125,12,17.825031995773315
0.96484375,10,17.827615976333618
0.954296875,13,17.83062982559204
0.96484375,10,17.833196878433228
0.93671875,18,17.837655067443848
0.933203125,19,17.842155933380127
0.9578125,12,17.845106840133667
0.96484375,10,17.847441911697388
0.947265625,15,17.850882053375244
0.94375,16,17.85485601425171
0.96484375,10,17.857321977615356
0.9578125,12,17.860107898712158
0.961328125,11,17.86293387413025
0.95078125,14,17.866232872009277
0.93671875,18,17.87077569961548
0.954296875,13,17.873920917510986
0.96484375,10,17.876514673233032
0.961328125,11,17.87921380996704
0.961328125,11,17.88184690475464
0.961328125,11,17.884480953216553
0.96484375,10,17.8868727684021
0.947265625,15,17.890701055526733
0.9578125,12,17.893346071243286
0.96484375,10,17.895721912384033
0.93671875,18,17.900048971176147
0.94375,16,17.90373992919922
0.94375,16,17.907958030700684
0.94375,16,17.911689043045044
0.961328125,11,17.914371728897095
0.947265625,15,17.91798186302185
0.961328125,11,17.920809984207153
0.954296875,13,17.924025774002075
0.954296875,13,17.926978826522827
0.93671875,18,17.93108081817627
0.9578125,12,17.9339656829834
0.933203125,19,17.93824005126953
0.96484375,10,17.940483808517456
-1,13,17.943732976913452
0.9578125,12,17.946485996246338
0.95078125,14,17.949846029281616
0.95078125,14,17.95303988456726
0.96484375,10,17.955435037612915
0.961328125,11,17.95797085762024
0.933203125,19,17.962562799453735
0.96484375,10,17.9648220539093
0.940234375,17,17.968464851379395
0.961328125,11,17.971197843551636
0.96484375,10,17.9736430644989
0.96484375,10,17.97623085975647
0.94375,16,17.980007886886597
0.961328125,11,17.98289203643799
0.9578125,12,17.98576283454895
0.961328125,11,17.988568782806396
0.96484375,10,17.99120783805847
0.96484375,10,17.99367594718933
0.9578125,12,17.99653673171997
0.96484375,10,17.99885892868042
0.93671875,18,18.003628730773926
0.947265625,15,18.008400917053223
0.933203125,19,18.015883922576904
0.940234375,17,18.01968479156494
0.933203125,19,18.024188995361328
0.961328125,11,18.026917934417725
0.933203125,19,18.031060934066772
0.961328125,11,18.035458087921143
0.96484375,10,18.03860569000244
0.9578125,12,18.042582988739014
0.961328125,11,18.04737901687622
0.9578125,12,18.051341772079468
0.9296875,20,18.057343006134033
0.9578125,12,18.061280012130737
0.940234375,17,18.065973043441772
0.95078125,14,18.070129871368408
0.94375,16,18.07650899887085
0.9578125,12,18.080825805664062
0.96484375,10,18.08465266227722
0.9578125,12,18.088603973388672
0.961328125,11,18.093021869659424
0.96484375,10,18.09742283821106
0.9578125,12,18.10158371925354
0.9578125,12,18.107610940933228
0.954296875,13,18.110743045806885
0.947265625,15,18.114423036575317
0.96484375,10,18.11817979812622
0.9578125,12,18.121753931045532
-1,2,18.123241901397705
0.961328125,11,18.12678098678589
0.961328125,11,18.130669832229614
0.961328125,11,18.13406991958618
0.954296875,13,18.13815665245056
0.96484375,10,18.141259908676147
-1,10,18.14403986930847
0.96484375,10,18.14656376838684
0.96484375,10,18.149005889892578
0.947265625,15,18.15479874610901
0.954296875,13,18.158227920532227
0.93671875,18,18.164276838302612
0.96484375,10,18.167022705078125
0.94375,16,18.172346830368042
0.961328125,11,18.175920963287354
0.9578125,12,18.1791570186615
0.947265625,15,18.184260845184326
0.96484375,10,18.18707776069641
0.93671875,18,18.193217039108276
0.961328125,11,18.196146965026855
0.9578125,12,18.200525760650635
0.961328125,11,18.204919815063477
0.95078125,14,18.209630012512207
0.96484375,10,18.21273398399353
0.96484375,10,18.21586298942566
0.961328125,11,18.21914291381836
0.96484375,10,18.222232818603516
0.95078125,14,18.227420806884766
0.947265625,15,18.23141574859619
0.95078125,14,18.23618197441101
0.96484375,10,18.23951482772827
0.940234375,17,18.24398112297058
0.961328125,11,18.246631860733032
0.954296875,13,18.24984884262085
0.947265625,15,18.25332999229431
0.915625,24,18.259267807006836
0.96484375,10,18.261759996414185
0.96484375,10,18.26400089263916
0.96484375,10,18.266299962997437
0.94375,16,18.270337104797363
0.95078125,14,18.27352285385132
0.9578125,12,18.276236057281494
0.96484375,10,18.278734922409058
0.96484375,10,18.281282663345337
0.9578125,12,18.2839937210083
-1,2,18.28458595275879
0.94375,16,18.288753986358643
0.96484375,10,18.291087865829468
0.961328125,11,18.29375171661377
0.954296875,13,18.296933889389038
0.954296875,13,18.30034303665161
0.9578125,12,18.303162813186646
0.947265625,15,18.306809902191162
0.954296875,13,18.31012487411499
-1,9,18.312461137771606
0.94375,16,18.316107034683228
0.96484375,10,18.31841778755188
0.96484375,10,18.320753812789917
0.96484375,10,18.323484897613525
0.96484375,10,18.325814962387085
0.940234375,17,18.32990288734436
0.96484375,10,18.332638025283813
0.96484375,10,18.334972858428955
0.96484375,10,18.33735990524292
0.9578125,12,18.340483903884888
0.961328125,11,18.34300684928894
0.954296875,13,18.345875024795532
0.96484375,10,18.348411798477173
0.891015625,31,18.35566997528076
0.961328125,11,18.358288764953613
0.961328125,11,18.361161947250366
0.9578125,12,18.36426281929016
0.947265625,15,18.368039846420288
-1,4,18.369329929351807
0.96484375,10,18.37182378768921
0.961328125,11,18.374469757080078
0.96484375,10,18.37673282623291
0.961328125,11,18.379574060440063
0.95078125,14,18.38311767578125
0.95078125,14,18.38627576828003
0.940234375,17,18.39046883583069
0.96484375,10,18.392884016036987
0.954296875,13,18.395949840545654
0.95078125,14,18.399202823638916
0.961328125,11,18.40183687210083
0.954296875,13,18.404953718185425
0.9578125,12,18.407529830932617
0.95078125,14,18.410651922225952
0.961328125,11,18.413491010665894
0.94375,16,18.417489767074585
0.940234375,17,18.42163586616516
0.954296875,13,18.425084829330444
0.961328125,11,18.427844762802124
0.96484375,10,18.430084943771362
0.9578125,12,18.433053970336914
0.94375,16,18.437062978744507
0.940234375,17,18.44088888168335
0.9578125,12,18.443574905395508
0.961328125,11,18.446242809295654
0.9578125,12,18.448943853378296
0.94375,16,18.452754974365234
0.933203125,19,18.457315921783447
0.9578125,12,18.460129022598267
0.940234375,17,18.463990926742554
0.95078125,14,18.467380046844482
0.95078125,14,18.470696926116943
0.947265625,15,18.47413682937622
0.915625,24,18.479556798934937
0.95078125,14,18.482834815979004
0.954296875,13,18.486461877822876
0.96484375,10,18.48884391784668
0.96484375,10,18.491106033325195
0.9578125,12,18.494039058685303
0.961328125,11,18.496734857559204
-1,1,18.497194051742554
0.940234375,17,18.501295804977417
0.96484375,10,18.50359082221985
0.961328125,11,18.506289958953857
0.93671875,18,18.51085376739502
0.961328125,11,18.513584852218628
0.961328125,11,18.516369819641113
0.96484375,10,18.518824815750122
0.961328125,11,18.52170968055725
0.961328125,11,18.524231910705566
0.9578125,12,18.527200937271118
0.90859375,26,18.533357858657837
0.933203125,19,18.538002967834473
0.96484375,10,18.54059910774231
0.961328125,11,18.543210983276367
0.96484375,10,18.54547095298767
0.9578125,12,18.548195838928223
0.961328125,11,18.55073308944702
0.96484375,10,18.55315399169922
-1,1,18.553674936294556
0.9578125,12,18.55653977394104
0.961328125,11,18.55921983718872
0.933203125,19,18.56353783607483
0.9578125,12,18.56635594367981
0.954296875,13,18.56968402862549
0.933203125,19,18.574285745620728
-1,3,18.5751690864563
0.95078125,14,18.57846689224243
0.9578125,12,18.58135986328125
0.96484375,10,18.58369207382202
-1,2,18.584367752075195
0.947265625,15,18.587759733200073
0.96484375,10,18.5903217792511
0.947265625,15,18.59368395805359
0.961328125,11,18.59652304649353
0.96484375,10,18.598956823349
0.961328125,11,18.601974964141846
0.9578125,12,18.60480284690857
0.947265625,15,18.608173847198486
0.9578125,12,18.61124300956726
0.9578125,12,18.614038944244385
0.9578125,12,18.616986751556396
0.954296875,13,18.620054006576538
0.96484375,10,18.622473001480103
0.96484375,10,18.625
0.96484375,10,18.627696752548218
0.9578125,12,18.63093876838684
0.92265625,22,18.635602951049805
0.9578125,12,18.638336896896362
0.961328125,11,18.64102077484131
0.95078125,14,18.644202947616577
-1,1,18.64458990097046
0.940234375,17,18.648764848709106
0.9578125,12,18.651649951934814
0.94375,16,18.655333757400513
0.954296875,13,18.65862202644348
0.95078125,14,18.66218400001526
0.9578125,12,18.665026664733887
0.96484375,10,18.66723394393921
0.961328125,11,18.669906854629517
0.961328125,11,18.672998905181885
0.954296875,13,18.6761736869812
0.940234375,17,18.680316925048828
0.898046875,29,18.687020778656006
0.9578125,12,18.689866065979004
-1,1,18.690361738204956
-1,1,18.690871715545654
0.96484375,10,18.693314790725708
0.9578125,12,18.6959969997406
0.94375,16,18.699654817581177
0.961328125,11,18.702425718307495
0.961328125,11,18.704986810684204
0.9578125,12,18.707942962646484
0.96484375,10,18.710283994674683
0.954296875,13,18.713469982147217
0.961328125,11,18.715941905975342
0.9578125,12,18.718724727630615
0.96484375,10,18.72094178199768
0.94375,16,18.72497272491455
0.9578125,12,18.728638887405396
0.96484375,10,18.73117995262146
0.9578125,12,18.733966827392578
0.954296875,13,18.736953735351562
0.961328125,11,18.740330934524536
0.96484375,10,18.742835998535156
0.96484375,10,18.745100021362305
0.961328125,11,18.747644901275635
0.961328125,11,18.75024104118347
0.954296875,13,18.753273725509644
0.95078125,14,18.756667852401733
0.961328125,11,18.759216785430908
0.947265625,15,18.76252794265747
0.919140625,23,18.767964839935303
0.954296875,13,18.77147388458252
0.93671875,18,18.7757728099823
0.954296875,13,18.778936862945557
0.961328125,11,18.781561851501465
0.95078125,14,18.78498888015747
0.919140625,23,18.790620803833008
0.9578125,12,18.793601036071777
0.96484375,10,18.795989990234375
0.947265625,15,18.799410820007324
0.926171875,21,18.804176807403564
0.96484375,10,18.80654788017273
0.9578125,12,18.80957007408142
0.9578125,12,18.812506914138794
-1,3,18.813432693481445
0.9578125,12,18.81617784500122
0.947265625,15,18.82001280784607
0.961328125,11,18.822731018066406
0.940234375,17,18.82681703567505
0.947265625,15,18.830383777618408
0.961328125,11,18.832957983016968
0.96484375,10,18.835267782211304
0.93671875,18,18.83955192565918
0.95078125,14,18.842962980270386
0.961328125,11,18.845671892166138
0.9578125,12,18.848601818084717
0.961328125,11,18.851232051849365
0.954296875,13,18.85423493385315
0.961328125,11,18.857112884521484
0.95078125,14,18.86031484603882
0.9578125,12,18.863443851470947
0.961328125,11,18.866220712661743
0.95078125,14,18.869520902633667
0.9578125,12,18.872627019882202
0.94375,16,18.876412868499756
0.9578125,12,18.879145860671997
0.9296875,20,18.883818864822388
0.9578125,12,18.886862754821777
0.95078125,14,18.890058040618896
-1,6,18.891928911209106
0.95078125,14,18.89533495903015
0.9578125,12,18.898144006729126
0.9578125,12,18.901036739349365
0.94375,16,18.90486979484558
0.9296875,20,18.90932583808899
0.95078125,14,18.91307806968689
0.96484375,10,18.915568828582764
0.96484375,10,18.918033838272095
0.95078125,14,18.92150592803955
0.95078125,14,18.92511796951294
0.961328125,11,18.92760705947876
0.96484375,10,18.929812908172607
0.9578125,12,18.93264889717102
0.9578125,12,18.9356107711792
-1,10,18.938021898269653
0.95078125,14,18.94120192527771
0.96484375,10,18.94385004043579
0.9578125,12,18.946910858154297
0.961328125,11,18.949602842330933
0.95078125,14,18.953158855438232
0.912109375,25,18.959481716156006
0.9578125,12,18.962416887283325
0.95078125,14,18.965559005737305
0.96484375,10,18.967843770980835
0.961328125,11,18.97046685218811
0.96484375,10,18.972978830337524
0.96484375,10,18.97545289993286
0.9578125,12,18.97837495803833
0.96484375,10,18.98061180114746
0.947265625,15,18.984410762786865
0.96484375,10,18.986798763275146
0.954296875,13,18.989919900894165
0.96484375,10,18.99241280555725
0.947265625,15,18.995970010757446
0.940234375,17,18.999940872192383
0.94375,16,19.004077672958374
0.94375,16,19.007633924484253
0.9578125,12,19.01040267944336
0.954296875,13,19.01358699798584
0.961328125,11,19.01604199409485
0.96484375,10,19.018635034561157
0.961328125,11,19.02142906188965
0.95078125,14,19.024791717529297
0.96484375,10,19.027220010757446
0.96484375,10,19.029565811157227
0.947265625,15,19.033179759979248
0.9578125,12,19.03613591194153
0.9578125,12,19.039187908172607
0.96484375,10,19.041738033294678
0.95078125,14,19.045381784439087
0.96484375,10,19.047671794891357
0.961328125,11,19.050318717956543
0.9578125,12,19.053306818008423
0.95078125,14,19.05673885345459
0.96484375,10,19.05940294265747
0.954296875,13,19.062553882598877
0.947265625,15,19.066123008728027
0.96484375,10,19.068480968475342
0.9578125,12,19.071481704711914
0.940234375,17,19.075589895248413
0.9578125,12,19.078478813171387
0.96484375,10,19.08093285560608
-1,2,19.081520795822144
0.96484375,10,19.08381485939026
0.961328125,11,19.086285829544067
0.933203125,19,19.09070372581482
0.96484375,10,19.093044996261597
0.912109375,25,19.09852170944214
0.954296875,13,19.10169792175293
0.940234375,17,19.105690956115723
0.96484375,10,19.108011960983276
0.95078125,14,19.111300945281982
0.95078125,14,19.114905834197998
0.947265625,15,19.118338108062744
-1,1,19.118793964385986
0.93671875,18,19.12351679801941
0.954296875,13,19.126580953598022
0.961328125,11,19.129413843154907
0.94375,16,19.133320808410645
0.96484375,10,19.135703086853027
0.9578125,12,19.13847303390503
0.947265625,15,19.14210295677185
0.947265625,15,19.145526885986328
0.9578125,12,19.148650884628296
0.961328125,11,19.151455879211426
0.9578125,12,19.15461492538452
0.954296875,13,19.15796685218811
0.954296875,13,19.160831928253174
0.96484375,10,19.163275003433228
0.954296875,13,19.166380882263184
0.96484375,10,19.168542861938477
0.919140625,23,19.174015998840332
0.96484375,10,19.176284790039062
0.96484375,10,19.178619861602783
-1,1,19.17904281616211
0.9578125,12,19.182442903518677
0.947265625,15,19.186267852783203
0.9578125,12,19.18895387649536
0.954296875,13,19.19216275215149
0.9578125,12,19.195188999176025
0.96484375,10,19.197529792785645
0.96484375,10,19.199917793273926
0.961328125,11,19.202545881271362
0.961328125,11,19.20503282546997
0.96484375,10,19.207185983657837
0.961328125,11,19.21004581451416
0.9578125,12,19.212735891342163
0.954296875,13,19.21562695503235
-1,11,19.21825098991394
0.954296875,13,19.221518754959106
0.96484375,10,19.223865747451782
0.9578125,12,19.226801872253418
-1,2,19.22766375541687
0.961328125,11,19.2303569316864
0.940234375,17,19.234434127807617
0.9578125,12,19.237411737442017
0.947265625,15,19.240723848342896
0.96484375,10,19.24308681488037
0.961328125,11,19.24571704864502
-1,2,19.24653172492981
0.96484375,10,19.248789072036743
0.940234375,17,19.252827882766724
0.947265625,15,19.256587028503418
0.961328125,11,19.259138822555542
0.96484375,10,19.26130199432373
-1,1,19.261794090270996
0.947265625,15,19.26544690132141
0.94375,16,19.269550800323486
0.961328125,11,19.27212691307068
0.96484375,10,19.274765014648438
0.9578125,12,19.278095722198486
0.9578125,12,19.28092074394226
0.954296875,13,19.28394079208374
0.947265625,15,19.2874858379364
0.933203125,19,19.292031049728394
0.961328125,11,19.294662952423096
0.95078125,14,19.298126697540283
0.933203125,19,19.302618741989136
0.961328125,11,19.305155754089355
0.947265625,15,19.30897879600525
0.96484375,10,19.3116717338562
0.947265625,15,19.315167903900146
0.947265625,15,19.318724870681763
0.95078125,14,19.32184386253357
0.95078125,14,19.325130939483643
0.9578125,12,19.32811689376831
0.954296875,13,19.33095693588257
0.96484375,10,19.33341073989868
0.96484375,10,19.335863828659058
0.961328125,11,19.338533878326416
0.947265625,15,19.342303037643433
0.961328125,11,19.345172882080078
0.947265625,15,19.348496913909912
0.96484375,10,19.350899934768677
0.96484375,10,19.353107929229736
0.940234375,17,19.357102870941162
0.9578125,12,19.35994791984558
0.9578125,12,19.362957000732422
0.96484375,10,19.365474700927734
0.96484375,10,19.367882013320923
-1,1,19.36845588684082
0.96484375,10,19.370725870132446
0.9578125,12,19.37361192703247
0.961328125,11,19.376343727111816
0.94375,16,19.380345821380615
-1,2,19.38097381591797
0.93671875,18,19.385649919509888
0.94375,16,19.38944101333618
0.96484375,10,19.391895055770874
0.961328125,11,19.39454698562622
0.947265625,15,19.397923707962036
0.961328125,11,19.4006290435791
0.94375,16,19.40481209754944
0.961328125,11,19.407655954360962
0.94375,16,19.411329984664917
0.95078125,14,19.41487693786621
0.940234375,17,19.418884754180908
0.954296875,13,19.42221689224243
0.9578125,12,19.425400733947754
0.96484375,10,19.4276340007782
0.96484375,10,19.430001974105835
0.961328125,11,19.432801008224487
0.96484375,10,19.435096740722656
0.96484375,10,19.43749189376831
0.961328125,11,19.440135955810547
0.961328125,11,19.442795991897583
0.9578125,12,19.445592880249023
0.961328125,11,19.448343753814697
0.926171875,21,19.453507900238037
0.96484375,10,19.45587468147278
0.9578125,12,19.458878993988037
0.96484375,10,19.46123194694519
0.95078125,14,19.464335918426514
0.94375,16,19.468634843826294
0.9578125,12,19.471394777297974
0.9578125,12,19.474370002746582
0.954296875,13,19.47776985168457
0.9578125,12,19.480586051940918
0.954296875,13,19.48369264602661
0.9578125,12,19.486381769180298
0.94375,16,19.49014687538147
0.961328125,11,19.49289870262146
0.940234375,17,19.49734592437744
0.9578125,12,19.500135898590088
0.961328125,11,19.502757787704468
0.96484375,10,19.50501775741577
0.954296875,13,19.50786590576172
0.947265625,15,19.511379957199097
0.954296875,13,19.51460576057434
-1,1,19.51505208015442
0.961328125,11,19.517765760421753
0.9578125,12,19.520795822143555
0.954296875,13,19.52378487586975
0.96484375,10,19.526099920272827
-1,8,19.528242826461792
0.947265625,15,19.53181481361389
0.954296875,13,19.534883737564087
0.961328125,11,19.537556886672974
0.9578125,12,19.540788888931274
0.954296875,13,19.543932914733887
0.94375,16,19.547799110412598
0.947265625,15,19.551400899887085
0.95078125,14,19.55475401878357
0.947265625,15,19.55813503265381
0.96484375,10,19.560546875
-1,15,19.564210891723633
0.96484375,10,19.566812992095947
0.926171875,21,19.571484804153442
0.96484375,10,19.57426381111145
0.961328125,11,19.576940059661865
0.95078125,14,19.58014678955078
0.96484375,10,19.582624912261963
0.9296875,20,19.587215900421143
0.96484375,10,19.589517831802368
0.96484375,10,19.59240484237671
0.961328125,11,19.59514284133911
0.96484375,10,19.597543954849243
0.9578125,12,19.60046696662903
0.9578125,12,19.603343725204468
0.9578125,12,19.606276750564575
0.940234375,17,19.61020803451538
0.96484375,10,19.61246681213379
0.954296875,13,19.615439891815186
0.961328125,11,19.61815595626831
0.961328125,11,19.620961904525757
0.96484375,10,19.623328924179077
0.961328125,11,19.626081943511963
0.96484375,10,19.62862992286682
0.954296875,13,19.63190197944641
0.947265625,15,19.635415077209473
0.954296875,13,19.6402428150177
0.96484375,10,19.645529747009277
0.961328125,11,19.65083599090576
0.96484375,10,19.65452289581299
0.95078125,14,19.659624814987183
0.95078125,14,19.665140867233276
0.94375,16,19.672326803207397
0.94375,16,19.67906880378723
0.96484375,10,19.685223817825317
0.933203125,19,19.69001793861389
0.95078125,14,19.693612098693848
0.9578125,12,19.698226928710938
0.961328125,11,19.70319104194641
0.947265625,15,19.71004581451416
0.9578125,12,19.715181827545166
0.947265625,15,19.72177791595459
0.95078125,14,19.72654390335083
0.96484375,10,19.728904962539673
0.954296875,13,19.731806993484497
0.947265625,15,19.73711371421814
0.93671875,18,19.744993925094604
0.96484375,10,19.74859070777893
0.95078125,14,19.751760959625244
0.961328125,11,19.754482984542847
0.961328125,11,19.75710391998291
0.9578125,12,19.75995898246765
0.9578125,12,19.762671947479248
0.96484375,10,19.76499891281128
0.961328125,11,19.76771879196167
0.933203125,19,19.77229380607605
0.933203125,19,19.77692484855652
0.96484375,10,19.779955863952637
0.940234375,17,19.784092903137207
0.940234375,17,19.787991762161255
-1,4,19.78946089744568
0.961328125,11,19.792136907577515
0.961328125,11,19.794704914093018
0.9578125,12,19.797658920288086
0.933203125,19,19.802263736724854
0.954296875,13,19.805234909057617
0.954296875,13,19.808539867401123
0.947265625,15,19.81209707260132
0.96484375,10,19.81449604034424
0.947265625,15,19.81837010383606
0.926171875,21,19.823524713516235
0.96484375,10,19.826008796691895
0.933203125,19,19.83050799369812
0.96484375,10,19.832866668701172
0.954296875,13,19.835898876190186
0.94375,16,19.83972406387329
0.954296875,13,19.84294295310974
0.961328125,11,19.845443725585938
0.961328125,11,19.848007917404175
0.961328125,11,19.850677967071533
0.954296875,13,19.85366988182068
0.96484375,10,19.85609197616577
0.9578125,12,19.85887885093689
0.933203125,19,19.863112926483154
0.961328125,11,19.86602282524109
0.9578125,12,19.868977785110474
0.961328125,11,19.871551990509033
0.961328125,11,19.874134063720703
0.94375,16,19.877843856811523
0.95078125,14,19.88153386116028
0.961328125,11,19.884297847747803
0.9578125,12,19.887913942337036
0.961328125,11,19.89066195487976
-1,3,19.89156484603882
0.961328125,11,19.89422106742859
0.954296875,13,19.897165060043335
0.9578125,12,19.90015172958374
0.947265625,15,19.90385103225708
0.9578125,12,19.906771898269653
0.961328125,11,19.90937876701355
0.96484375,10,19.911824941635132
0.926171875,21,19.9167799949646
0.95078125,14,19.92012071609497
0.961328125,11,19.922714948654175
0.961328125,11,19.925389051437378
0.96484375,10,19.927850008010864
0.961328125,11,19.930593967437744
0.96484375,10,19.932905912399292
0.96484375,10,19.935328006744385
0.94375,16,19.939555883407593
0.96484375,10,19.94188380241394
0.915625,24,19.94766592979431
0.940234375,17,19.951735019683838
0.96484375,10,19.95396399497986
0.961328125,11,19.956791877746582
0.94375,16,19.960561990737915
0.9578125,12,19.963500022888184
0.954296875,13,19.966712713241577
0.9578125,12,19.96974277496338
0.947265625,15,19.9732928276062
0.96484375,10,19.975766897201538
0.9578125,12,19.97882390022278
0.9578125,12,19.982008695602417
0.9578125,12,19.985066890716553
0.947265625,15,19.98848271369934
0.954296875,13,19.991731882095337
0.94375,16,19.99527406692505
0.954296875,13,19.99840998649597
0.9578125,12,20.001527070999146
0.96484375,10,20.003965854644775
-1,10,20.00688886642456
0.954296875,13,20.010157823562622
0.961328125,11,20.012860774993896
-1,1,20.013281106948853
0.961328125,11,20.015702962875366
0.947265625,15,20.01947808265686
0.94375,16,20.02338981628418
0.926171875,21,20.028254985809326
0.94375,16,20.03236985206604
0.96484375,10,20.03455686569214
0.93671875,18,20.03913402557373
0.940234375,17,20.043279886245728
0.961328125,11,20.045950889587402
0.96484375,10,20.04836392402649
0.9578125,12,20.05158495903015
0.954296875,13,20.05480980873108
0.926171875,21,20.060322046279907
0.96484375,10,20.06281590461731
0.926171875,21,20.067516803741455
0.961328125,11,20.070319890975952
0.940234375,17,20.07451891899109
0.96484375,10,20.07679271697998
0.954296875,13,20.080193042755127
0.96484375,10,20.08268690109253
-1,1,20.08316683769226
0.96484375,10,20.085516929626465
0.96484375,10,20.08789587020874
0.94375,16,20.09215474128723
0.9578125,12,20.09503173828125
0.954296875,13,20.098090887069702
0.961328125,11,20.100831985473633
0.94375,16,20.104490995407104
0.954296875,13,20.107837915420532
0.94375,16,20.11159610748291
0.96484375,10,20.114069938659668
0.954296875,13,20.117186069488525
0.95078125,14,20.120422840118408
0.954296875,13,20.124056816101074
0.954296875,13,20.12718105316162
0.96484375,10,20.129385948181152
0.95078125,14,20.132829904556274
-1,7,20.135106086730957
0.96484375,10,20.137391805648804
0.9578125,12,20.13995909690857
0.954296875,13,20.142722845077515
0.9578125,12,20.14565086364746
0.94375,16,20.149378776550293
0.933203125,19,20.153820991516113
0.9578125,12,20.157007932662964
0.92265625,22,20.16213083267212
0.94375,16,20.165951013565063
0.961328125,11,20.168684005737305
0.96484375,10,20.17098593711853
0.95078125,14,20.174269914627075
0.9578125,12,20.177165031433105
0.961328125,11,20.179820775985718
0.95078125,14,20.18280601501465
0.9578125,12,20.185881853103638
0.94375,16,20.189757823944092
0.947265625,15,20.192929983139038
0.96484375,10,20.195494890213013
0.9578125,12,20.198542833328247
0.954296875,13,20.201497793197632
0.954296875,13,20.20437979698181
0.9578125,12,20.207478046417236
0.961328125,11,20.210083723068237
0.96484375,10,20.212326765060425
0.9578125,12,20.215308904647827
-1,1,20.21576690673828
0.96484375,10,20.218201875686646
0.9578125,12,20.221090078353882
0.954296875,13,20.224024772644043
0.96484375,10,20.226468801498413
0.954296875,13,20.229431867599487
0.95078125,14,20.232781887054443
0.954296875,13,20.2359619140625
0.94375,16,20.240112781524658
0.961328125,11,20.242600917816162
0.954296875,13,20.24582290649414
0.947265625,15,20.249491930007935
0.95078125,14,20.252834796905518
0.9578125,12,20.25570797920227
0.9578125,12,20.2589008808136
0.95078125,14,20.262417793273926
0.96484375,10,20.26481580734253
0.96484375,10,20.267170667648315
0.947265625,15,20.270871877670288
0.95078125,14,20.274091958999634
0.94375,16,20.27796506881714
0.961328125,11,20.280829906463623
0.95078125,14,20.28429079055786
0.96484375,10,20.286468744277954
0.96484375,10,20.28883194923401
0.95078125,14,20.292297840118408
0.940234375,17,20.29582691192627
0.919140625,23,20.301271677017212
0.96484375,10,20.303720951080322
0.96484375,10,20.305970907211304
0.95078125,14,20.309788942337036
0.96484375,10,20.31228995323181
0.961328125,11,20.314838886260986
0.96484375,10,20.317306756973267
0.961328125,11,20.31985378265381
0.96484375,10,20.322285890579224
0.9578125,12,20.32546591758728
0.96484375,10,20.327733993530273
0.954296875,13,20.330959796905518
0.947265625,15,20.334752082824707
0.9296875,20,20.339085817337036
0.9578125,12,20.34207797050476
0.961328125,11,20.344825744628906
0.961328125,11,20.347405672073364
0.940234375,17,20.351660013198853
0.940234375,17,20.3558189868927
0.96484375,10,20.358152866363525
0.94375,16,20.36225986480713
0.947265625,15,20.365827798843384
0.96484375,10,20.368250846862793
0.961328125,11,20.370945930480957
0.926171875,21,20.375834941864014
0.954296875,13,20.37908673286438
0.940234375,17,20.383460760116577
0.96484375,10,20.385890007019043
0.96484375,10,20.38824987411499
-1,1,20.388667821884155
0.915625,24,20.39435601234436
0.9578125,12,20.397664070129395
0.96484375,10,20.400003910064697
0.954296875,13,20.40272283554077
0.961328125,11,20.4055597782135
0.961328125,11,20.408190965652466
0.96484375,10,20.41039800643921
0.93671875,18,20.41551375389099
0.94375,16,20.41925287246704
0.954296875,13,20.422083854675293
0.9578125,12,20.425095796585083
0.9296875,20,20.429828882217407
0.96484375,10,20.432076930999756
0.96484375,10,20.434820890426636
0.954296875,13,20.438000917434692
0.93671875,18,20.442229986190796
0.96484375,10,20.444949865341187
0.96484375,10,20.447489976882935
0.947265625,15,20.451079845428467
0.954296875,13,20.454415798187256
0.93671875,18,20.45877504348755
-1,1,20.459254026412964
0.95078125,14,20.462324857711792
0.954296875,13,20.465412855148315
0.96484375,10,20.467818021774292
0.96484375,10,20.47028088569641
0.947265625,15,20.473719120025635
0.96484375,10,20.476064920425415
0.96484375,10,20.478546857833862
0.954296875,13,20.481766939163208
0.961328125,11,20.484421968460083
0.95078125,14,20.487464904785156
-1,10,20.490089893341064
0.954296875,13,20.49323797225952
0.9578125,12,20.49642276763916
0.954296875,13,20.49940586090088
0.9578125,12,20.502627849578857
0.94375,16,20.506475925445557
0.94375,16,20.51059579849243
-1,1,20.51099705696106
0.926171875,21,20.516348838806152
0.961328125,11,20.51900887489319
0.961328125,11,20.52160096168518
0.95078125,14,20.525073766708374
0.961328125,11,20.527650117874146
-1,1,20.52808690071106
0.94375,16,20.532160997390747
0.94375,16,20.53578495979309
0.94375,16,20.54000997543335
0.95078125,14,20.54347586631775
0.9296875,20,20.547851085662842
0.926171875,21,20.552828788757324
0.947265625,15,20.556299924850464
0.92265625,22,20.56097388267517
0.94375,16,20.564801931381226
-1,2,20.565442085266113
0.9578125,12,20.568294763565063
0.947265625,15,20.571682691574097
0.961328125,11,20.57463788986206
0.94375,16,20.578470945358276
0.961328125,11,20.58104181289673
0.96484375,10,20.583412885665894
0.95078125,14,20.586814880371094
-1,4,20.588207721710205
0.96484375,10,20.590521812438965
0.94375,16,20.594298839569092
0.96484375,10,20.596990823745728
0.95078125,14,20.6007719039917
0.96484375,10,20.60299801826477
0.92265625,22,20.60823392868042
0.961328125,11,20.611232042312622
0.961328125,11,20.613801956176758
0.96484375,10,20.616232872009277
0.96484375,10,20.618708848953247
0.961328125,11,20.621741771697998
0.9578125,12,20.62456488609314
-1,5,20.625810861587524
-1,6,20.62734580039978
0.96484375,10,20.629750967025757
0.947265625,15,20.63340187072754
0.961328125,11,20.635977029800415
0.954296875,13,20.639174938201904
0.961328125,11,20.642740964889526
0.96484375,10,20.647393941879272
0.954296875,13,20.654144048690796
0.9578125,12,20.660035848617554
0.96484375,10,20.664474725723267
0.961328125,11,20.671180963516235
0.9578125,12,20.67783498764038
0.96484375,10,20.68247079849243
-1,8,20.68589186668396
0.95078125,14,20.691548824310303
0.961328125,11,20.6962947845459
0.9578125,12,20.701937913894653
0.961328125,11,20.708274841308594
0.96484375,10,20.71190094947815
0.96484375,10,20.7165949344635
0.95078125,14,20.72208285331726
0.95078125,14,20.72848677635193
0.95078125,14,20.7356379032135
0.947265625,15,20.741333961486816
0.947265625,15,20.746156692504883
0.947265625,15,20.750104904174805
0.961328125,11,20.752678871154785
0.954296875,13,20.755846977233887
0.9578125,12,20.758845806121826
0.95078125,14,20.762475967407227
0.96484375,10,20.765016794204712
0.96484375,10,20.767383098602295
0.961328125,11,20.769917964935303
0.93671875,18,20.774662971496582
0.93671875,18,20.778636932373047
0.95078125,14,20.782357931137085
0.947265625,15,20.7862868309021
0.95078125,14,20.78994369506836
0.961328125,11,20.792791843414307
0.94375,16,20.796770095825195
0.947265625,15,20.800561904907227
0.96484375,10,20.803096771240234
0.940234375,17,20.80714702606201
0.95078125,14,20.810546875
0.93671875,18,20.81509494781494
0.940234375,17,20.8193039894104
0.912109375,25,20.82497787475586
0.961328125,11,20.827789783477783
0.940234375,17,20.83234190940857
0.96484375,10,20.834744691848755
0.9296875,20,20.840200901031494
0.961328125,11,20.84288001060486
0.96484375,10,20.845143795013428
0.95078125,14,20.848408699035645
0.940234375,17,20.85257887840271
0.9578125,12,20.85574507713318
0.947265625,15,20.859102964401245
0.96484375,10,20.86135506629944
0.96484375,10,20.864454984664917
0.947265625,15,20.86791491508484
0.9578125,12,20.870537042617798
0.96484375,10,20.873048782348633
0.961328125,11,20.875828981399536
0.947265625,15,20.879074811935425
0.933203125,19,20.883743047714233
0.96484375,10,20.886240005493164
0.95078125,14,20.88957905769348
0.954296875,13,20.892738819122314
0.9578125,12,20.896047830581665
0.961328125,11,20.898865938186646
0.96484375,10,20.901389837265015
0.933203125,19,20.906468868255615
-1,2,20.90717887878418
0.947265625,15,20.911045789718628
0.9578125,12,20.91393208503723
0.9578125,12,20.91673970222473
0.95078125,14,20.920012950897217
0.961328125,11,20.922719955444336
0.940234375,17,20.927539825439453
0.961328125,11,20.930157899856567
0.9578125,12,20.933997869491577
0.96484375,10,20.93663477897644
0.961328125,11,20.93916082382202
0.9578125,12,20.941956758499146
0.95078125,14,20.945587873458862
0.95078125,14,20.94871687889099
-1,8,20.95080590248108
0.96484375,10,20.95353889465332
0.93671875,18,20.95841383934021
0.95078125,14,20.961636781692505
0.954296875,13,20.964783906936646
0.96484375,10,20.967360019683838
0.9578125,12,20.96995782852173
0.961328125,11,20.972476959228516
0.961328125,11,20.97516393661499
0.95078125,14,20.979050874710083
0.9578125,12,20.981876850128174
0.95078125,14,20.98550772666931
0.961328125,11,20.98821496963501
0.915625,24,20.994088888168335
0.954296875,13,20.997318983078003
0.961328125,11,20.999908924102783
0.947265625,15,21.003601789474487
0.96484375,10,21.00610899925232
0.947265625,15,21.00982689857483
0.947265625,15,21.013633966445923
0.9578125,12,21.01699185371399
0.96484375,10,21.019633769989014
0.9578125,12,21.02239990234375
0.940234375,17,21.027255058288574
0.96484375,10,21.029464721679688
0.933203125,19,21.03501582145691
0.954296875,13,21.038447856903076
0.947265625,15,21.04189896583557
0.954296875,13,21.045166730880737
0.954296875,13,21.04851794242859
0.940234375,17,21.05324077606201
0.954296875,13,21.056469917297363
0.947265625,15,21.060516834259033
0.961328125,11,21.06310772895813
0.9578125,12,21.066174030303955
0.954296875,13,21.069852828979492
0.954296875,13,21.073118925094604
0.947265625,15,21.0763840675354
0.954296875,13,21.079465866088867
0.947265625,15,21.083662748336792
0.933203125,19,21.087812900543213
0.95078125,14,21.09087896347046
-1,3,21.091781854629517
0.93671875,18,21.096354007720947
0.954296875,13,21.10057806968689
0.961328125,11,21.103543043136597
0.95078125,14,21.107063055038452
0.961328125,11,21.10975694656372
0.954296875,13,21.112878799438477
0.961328125,11,21.11643695831299
0.94375,16,21.120574951171875
0.9578125,12,21.12398386001587
0.961328125,11,21.126691818237305
0.961328125,11,21.12947678565979
0.96484375,10,21.132277965545654
0.94375,16,21.13593602180481
0.961328125,11,21.13859987258911
0.9578125,12,21.141668796539307
0.9578125,12,21.144624948501587
0.95078125,14,21.148199796676636
0.947265625,15,21.15199899673462
0.96484375,10,21.15428400039673
0.93671875,18,21.158989906311035
0.96484375,10,21.161386966705322
0.96484375,10,21.16423201560974
-1,2,21.16491985321045
0.9296875,20,21.169233798980713
0.9578125,12,21.17248272895813
0.954296875,13,21.175713062286377
0.961328125,11,21.178107976913452
0.95078125,14,21.181843996047974
0.905078125,27,21.188591718673706
0.954296875,13,21.191713094711304
0.961328125,11,21.194478750228882
0.96484375,10,21.196826934814453
0.9578125,12,21.199776887893677
0.947265625,15,21.2032949924469
0.95078125,14,21.206902980804443
0.96484375,10,21.209211826324463
0.961328125,11,21.21183681488037
0.961328125,11,21.214672803878784
0.96484375,10,21.2169988155365
0.9578125,12,21.219844818115234
0.96484375,10,21.2223060131073
0.9578125,12,21.225351810455322
0.9578125,12,21.22827386856079
0.96484375,10,21.230647087097168
0.9578125,12,21.233431816101074
0.954296875,13,21.236552953720093
0.961328125,11,21.239522695541382
0.947265625,15,21.24328589439392
0.954296875,13,21.246694803237915
0.95078125,14,21.249799966812134
-1,11,21.253082752227783
0.940234375,17,21.257580757141113
0.947265625,15,21.260886907577515
0.9578125,12,21.26415491104126
0.96484375,10,21.266660928726196
0.9578125,12,21.269585847854614
0.93671875,18,21.27414083480835
0.961328125,11,21.276710987091064
0.9578125,12,21.279704809188843
-1,24,21.285018920898438
0.9578125,12,21.288400888442993
0.95078125,14,21.291719913482666
0.9578125,12,21.294514894485474
0.9578125,12,21.29739809036255
0.96484375,10,21.29983377456665
0.961328125,11,21.302722692489624
0.9578125,12,21.305620908737183
0.96484375,10,21.3079617023468
0.961328125,11,21.310472011566162
0.96484375,10,21.313119888305664
0.96484375,10,21.315626859664917
0.954296875,13,21.31877088546753
0.96484375,10,21.32107901573181
0.96484375,10,21.323466062545776
0.9578125,12,21.3266339302063
0.954296875,13,21.32975697517395
0.95078125,14,21.333194971084595
0.94375,16,21.33703303337097
0.94375,16,21.34160590171814
0.926171875,21,21.348063945770264
0.961328125,11,21.350600004196167
0.95078125,14,21.35379672050476
0.954296875,13,21.35749578475952
0.961328125,11,21.36029887199402
0.95078125,14,21.365619897842407
0.96484375,10,21.368072986602783
0.96484375,10,21.370385885238647
0.961328125,11,21.374189853668213
0.96484375,10,21.37659978866577
0.954296875,13,21.379700899124146
0.961328125,11,21.382327795028687
0.947265625,15,21.38612389564514
0.954296875,13,21.39130687713623
0.9578125,12,21.395270824432373
0.95078125,14,21.40020775794983
0.954296875,13,21.406906843185425
0.961328125,11,21.409607887268066
0.9296875,20,21.415592908859253
0.96484375,10,21.418099880218506
0.9578125,12,21.424814701080322
0.961328125,11,21.43157196044922
0.96484375,10,21.43697690963745
0.961328125,11,21.44220280647278
0.94375,16,21.45198392868042
0.9296875,20,21.466596841812134
0.96484375,10,21.474082708358765
0.96484375,10,21.48022198677063
0.93671875,18,21.498961925506592
0.95078125,14,21.504042863845825
-1,2,21.50470781326294
0.947265625,15,21.509140968322754
0.954296875,13,21.514217853546143
0.954296875,13,21.517343044281006
0.954296875,13,21.52122974395752
0.96484375,10,21.523895740509033
0.96484375,10,21.52643084526062
0.940234375,17,21.530767917633057
0.94375,16,21.53494882583618
0.9578125,12,21.537911653518677
0.933203125,19,21.54522967338562
0.954296875,13,21.548231840133667
0.95078125,14,21.55172300338745
0.94375,16,21.55651879310608
0.961328125,11,21.559211015701294
0.9578125,12,21.562076807022095
0.954296875,13,21.565322875976562
0.96484375,10,21.567909955978394
0.9578125,12,21.570957899093628
0.954296875,13,21.574100017547607
0.95078125,14,21.57743000984192
0.96484375,10,21.57983374595642
0.9578125,12,21.58364701271057
0.933203125,19,21.58910083770752
0.93671875,18,21.593158960342407
0.94375,16,21.599084854125977
0.954296875,13,21.60398006439209
0.9578125,12,21.608479976654053
0.94375,16,21.612674713134766
0.93671875,18,21.617029905319214
0.96484375,10,21.61991786956787
0.96484375,10,21.623461961746216
0.96484375,10,21.627570867538452
-1,4,21.630032777786255
0.9578125,12,21.635102033615112
0.96484375,10,21.638948917388916
0.96484375,10,21.643188953399658
0.9578125,12,21.64787793159485
0.96484375,10,21.650836944580078
0.9296875,20,21.66144371032715
0.954296875,13,21.666565895080566
0.96484375,10,21.669124841690063
0.9578125,12,21.672398805618286
0.95078125,14,21.679298877716064
0.954296875,13,21.694532871246338
0.96484375,10,21.698337078094482
0.961328125,11,21.701873779296875
0.940234375,17,21.706825971603394
0.96484375,10,21.71004295349121
0.9578125,12,21.713947772979736
0.96484375,10,21.71644687652588
0.9578125,12,21.7207088470459
0.961328125,11,21.731266736984253
0.96484375,10,21.733643054962158
0.96484375,10,21.73825478553772
0.961328125,11,21.749387979507446
0.96484375,10,21.754469871520996
0.96484375,10,21.763794898986816
0.954296875,13,21.771939754486084
0.95078125,14,21.781487941741943
0.9578125,12,21.787595987319946
0.926171875,21,21.816178798675537
0.961328125,11,21.81874990463257
0.961328125,11,21.82485580444336
0.96484375,10,21.82728886604309
0.96484375,10,21.829691886901855
0.95078125,14,21.83365774154663
0.940234375,17,21.837512016296387
0.954296875,13,21.841317892074585
0.954296875,13,21.87598180770874
0.947265625,15,21.882122039794922
0.9578125,12,21.88782286643982
-1,10,21.892823696136475
0.96484375,10,21.898034811019897
0.9578125,12,21.902342796325684
0.961328125,11,21.908934831619263
0.954296875,13,21.91611385345459
0.96484375,10,21.92197895050049
0.95078125,14,21.929481029510498
0.9578125,12,21.936235904693604
0.95078125,14,21.943367958068848
0.9578125,12,21.94922399520874
0.947265625,15,21.958757877349854
0.954296875,13,21.966377019882202
0.94375,16,21.973618984222412
-1,4,21.974994897842407
0.96484375,10,21.97719383239746
0.95078125,14,21.98058295249939
0.954296875,13,21.985853910446167
0.961328125,11,21.993478775024414
0.954296875,13,22.000478982925415
0.96484375,10,22.00383687019348
0.954296875,13,22.008431911468506
0.912109375,25,22.019027948379517
0.961328125,11,22.022416830062866
0.933203125,19,22.029789924621582
0.92265625,22,22.0374116897583
0.96484375,10,22.04018473625183
0.940234375,17,22.045403957366943
-1,3,22.046384811401367
0.96484375,10,22.04944372177124
0.961328125,11,22.053833961486816
0.9578125,12,22.06025791168213
0.96484375,10,22.065057039260864
0.947265625,15,22.07203984260559
0.9578125,12,22.077273845672607
0.96484375,10,22.082327842712402
0.961328125,11,22.08746075630188
0.95078125,14,22.093837022781372
0.961328125,11,22.104763984680176
0.961328125,11,22.110219955444336
0.933203125,19,22.116173028945923
0.947265625,15,22.120835781097412
0.954296875,13,22.125184059143066
0.94375,16,22.12892174720764
0.954296875,13,22.131938695907593
0.961328125,11,22.13456392288208
0.961328125,11,22.137367010116577
0.94375,16,22.14117670059204
0.954296875,13,22.145817756652832
0.947265625,15,22.150543928146362
0.961328125,11,22.15393090248108
0.9578125,12,22.157063961029053
0.947265625,15,22.160663843154907
0.95078125,14,22.164281845092773
0.926171875,21,22.169172048568726
0.96484375,10,22.171648025512695
0.947265625,15,22.175530910491943
0.96484375,10,22.17778205871582
0.961328125,11,22.18066382408142
0.954296875,13,22.18356680870056
0.9578125,12,22.186739921569824
0.96484375,10,22.189026832580566
0.96484375,10,22.19167995452881
0.96484375,10,22.193914890289307
0.96484375,10,22.196353912353516
0.96484375,10,22.19933009147644
0.954296875,13,22.20234489440918
0.961328125,11,22.204969882965088
0.9578125,12,22.208123922348022
0.95078125,14,22.211812734603882
0.96484375,10,22.21420907974243
-1,11,22.217192888259888
0.9578125,12,22.220102787017822
0.9578125,12,22.223273992538452
0.915625,24,22.229151010513306
0.95078125,14,22.232648849487305
0.96484375,10,22.23502278327942
0.9578125,12,22.23786687850952
0.95078125,14,22.24125385284424
0.9578125,12,22.244168996810913
0.96484375,10,22.24647879600525
0.9578125,12,22.24962878227234
0.93671875,18,22.254217863082886
0.96484375,10,22.25705075263977
0.954296875,13,22.260597944259644
0.96484375,10,22.26281189918518
0.96484375,10,22.2653648853302
0.96484375,10,22.26775598526001
0.95078125,14,22.271288871765137
0.9578125,12,22.274248838424683
0.95078125,14,22.27741003036499
0.961328125,11,22.280184745788574
0.96484375,10,22.282846927642822
0.954296875,13,22.286021947860718
0.95078125,14,22.28958797454834
0.9578125,12,22.29284977912903
0.947265625,15,22.29616904258728
0.95078125,14,22.299572944641113
0.96484375,10,22.302326917648315
0.961328125,11,22.30488872528076
0.933203125,19,22.309612035751343
0.96484375,10,22.312869787216187
0.961328125,11,22.3154878616333
0.947265625,15,22.318909883499146
0.96484375,10,22.32151770591736
0.94375,16,22.325596809387207
0.96484375,10,22.32799482345581
0.961328125,11,22.33075785636902
0.96484375,10,22.333200931549072
0.9578125,12,22.335962772369385
0.95078125,14,22.33905005455017
0.94375,16,22.342692852020264
0.94375,16,22.346759796142578
0.961328125,11,22.349475860595703
0.954296875,13,22.352759838104248
0.954296875,13,22.356351852416992
0.961328125,11,22.359091997146606
-1,1,22.359469890594482
0.961328125,11,22.362035989761353
0.919140625,23,22.367852687835693
0.933203125,19,22.372173070907593
0.947265625,15,22.37577795982361
-1,1,22.37629008293152
0.961328125,11,22.378939867019653
0.947265625,15,22.382699966430664
0.961328125,11,22.38535976409912
0.96484375,10,22.38769268989563
0.954296875,13,22.390971899032593
0.9578125,12,22.394022941589355
0.92265625,22,22.39876675605774
-1,1,22.39927387237549
0.9296875,20,22.404091835021973
0.9578125,12,22.407087802886963
0.96484375,10,22.409312963485718
-1,1,22.40970277786255
0.9578125,12,22.412429809570312
0.9578125,12,22.416168928146362
0.95078125,14,22.419845819473267
0.96484375,10,22.42207384109497
0.96484375,10,22.424561977386475
0.94375,16,22.428457021713257
0.96484375,10,22.43083906173706
0.95078125,14,22.434114694595337
0.9578125,12,22.43697190284729
0.940234375,17,22.4411940574646
-1,1,22.441694021224976
0.96484375,10,22.444021940231323
0.95078125,14,22.44717001914978
0.947265625,15,22.450496912002563
0.947265625,15,22.453829765319824
0.9578125,12,22.457074880599976
0.95078125,14,22.460230827331543
0.9578125,12,22.462949752807617
0.954296875,13,22.466063737869263
0.947265625,15,22.4701509475708
0.96484375,10,22.472546815872192
0.940234375,17,22.476747035980225
0.9578125,12,22.479626893997192
0.94375,16,22.483797073364258
0.954296875,13,22.48716902732849
0.9578125,12,22.490039825439453
-1,2,22.490739822387695
0.954296875,13,22.493990898132324
0.9578125,12,22.497299909591675
0.96484375,10,22.49971890449524
0.954296875,13,22.502927780151367
0.940234375,17,22.507709980010986
0.96484375,10,22.510679006576538
0.947265625,15,22.515244007110596
0.96484375,10,22.518736839294434
0.9296875,20,22.525554895401
-1,2,22.526294946670532
0.96484375,10,22.528870820999146
0.95078125,14,22.531959772109985
0.954296875,13,22.53508687019348
0.95078125,14,22.540158987045288
-1,1,22.540920734405518
0.94375,16,22.5461208820343
0.954296875,13,22.55284285545349
0.940234375,17,22.55674910545349
0.96484375,10,22.55913281440735
0.96484375,10,22.561935901641846
0.9296875,20,22.568206787109375
0.947265625,15,22.574607849121094
0.9296875,20,22.57951283454895
0.96484375,10,22.581997871398926
0.947265625,15,22.586262941360474
0.94375,16,22.595253944396973
0.954296875,13,22.601311922073364
0.926171875,21,22.60715389251709
0.940234375,17,22.610923051834106
0.96484375,10,22.613234996795654
0.96484375,10,22.61584997177124
0.96484375,10,22.619183778762817
0.95078125,14,22.624579906463623
0.940234375,17,22.62873601913452
0.96484375,10,22.631634950637817
0.93671875,18,22.636133909225464
0.96484375,10,22.63843083381653
0.96484375,10,22.641230821609497
0.9578125,12,22.643961906433105
0.96484375,10,22.646572828292847
0.961328125,11,22.649443864822388
0.947265625,15,22.652763843536377
0.9578125,12,22.655658960342407
0.96484375,10,22.658166885375977
0.96484375,10,22.660653829574585
0.961328125,11,22.663229942321777
0.961328125,11,22.667258739471436
0.96484375,10,22.669620990753174
0.961328125,11,22.672448873519897
0.96484375,10,22.675034761428833
0.940234375,17,22.67889380455017
0.9578125,12,22.68275785446167
0.96484375,10,22.685077905654907
0.933203125,19,22.689456939697266
0.940234375,17,22.693289041519165
0.95078125,14,22.69721484184265
0.96484375,10,22.699761867523193
0.954296875,13,22.70244789123535
0.9578125,12,22.7065589427948
0.926171875,21,22.711788654327393
0.96484375,10,22.714540719985962
0.961328125,11,22.71711802482605
0.961328125,11,22.71996808052063
0.954296875,13,22.723284006118774
0.933203125,19,22.728477954864502
0.96484375,10,22.730865955352783
0.940234375,17,22.735002756118774
0.96484375,10,22.737918853759766
0.940234375,17,22.742496967315674
0.954296875,13,22.746302843093872
0.95078125,14,22.74945878982544
0.96484375,10,22.753336906433105
0.96484375,10,22.75791883468628
0.947265625,15,22.767499923706055
0.96484375,10,22.772021055221558
0.96484375,10,22.775291919708252
0.940234375,17,22.78202986717224
0.96484375,10,22.785316944122314
0.94375,16,22.790816068649292
0.9578125,12,22.795846939086914
0.954296875,13,22.800163745880127
0.961328125,11,22.808345794677734
0.96484375,10,22.817975759506226
0.9578125,12,22.824837923049927
0.9578125,12,22.83501696586609
0.961328125,11,22.838423013687134
0.9578125,12,22.84207582473755
0.95078125,14,22.846619844436646
0.933203125,19,22.853550910949707
0.96484375,10,22.855832815170288
0.9578125,12,22.859238862991333
0.96484375,10,22.862745761871338
0.95078125,14,22.869531869888306
0.961328125,11,22.876779079437256
0.9578125,12,22.88109803199768
0.954296875,13,22.88437294960022
0.954296875,13,22.887728929519653
0.96484375,10,22.890138864517212
0.919140625,23,22.896256923675537
0.94375,16,22.902484893798828
0.933203125,19,22.90906596183777
0.919140625,23,22.916953802108765
0.961328125,11,22.920668840408325
-1,13,22.92506694793701
-1,14,22.930429935455322
0.9578125,12,22.933510780334473
0.954296875,13,22.936758995056152
0.9578125,12,22.939600944519043
0.94375,16,22.944883823394775
0.926171875,21,22.953094959259033
0.947265625,15,22.958616733551025
0.954296875,13,22.961742877960205
0.926171875,21,22.96678590774536
0.961328125,11,22.969607830047607
0.954296875,13,22.97273588180542
0.96484375,10,22.9756338596344
0.96484375,10,22.978813886642456
0.95078125,14,22.98341393470764
0.954296875,13,22.987870931625366
0.95078125,14,22.99263286590576
-1,1,22.993411779403687
0.954296875,13,22.99793791770935
-1,3,22.99906086921692
0.940234375,17,23.00275993347168
0.926171875,21,23.007758855819702
0.95078125,14,23.011703729629517
0.94375,16,23.01556897163391
0.961328125,11,23.017966747283936
0.95078125,14,23.021371841430664
0.954296875,13,23.024898052215576
0.961328125,11,23.027533769607544
0.96484375,10,23.030107975006104
0.947265625,15,23.033813953399658
0.9578125,12,23.036874055862427
0.96484375,10,23.03940200805664
0.933203125,19,23.043993711471558
0.954296875,13,23.047096729278564
0.94375,16,23.050782918930054
0.93671875,18,23.054978847503662
0.96484375,10,23.057353973388672
0.961328125,11,23.06013011932373
0.9578125,12,23.063161849975586
0.9578125,12,23.065977811813354
0.961328125,11,23.06853985786438
0.96484375,10,23.07094669342041
-1,10,23.073604822158813
0.96484375,10,23.07586097717285
0.96484375,10,23.078157901763916
0.96484375,10,23.080307960510254
0.961328125,11,23.082812786102295
-1,1,23.083250999450684
0.96484375,10,23.085766792297363
0.93671875,18,23.09032702445984
0.96484375,10,23.092726945877075
0.961328125,11,23.095355987548828
0.9578125,12,23.098256826400757
-1,6,23.100421905517578
0.96484375,10,23.102925777435303
-1,4,23.104459047317505
-1,5,23.106098890304565
0.9578125,12,23.109517097473145
0.961328125,11,23.112711906433105
0.9578125,12,23.116158962249756
0.94375,16,23.119848012924194
0.9578125,12,23.123416900634766
0.96484375,10,23.126341819763184
0.961328125,11,23.128916025161743
0.95078125,14,23.13211703300476
0.96484375,10,23.134472846984863
0.94375,16,23.1381618976593
0.94375,16,23.142040729522705
0.961328125,11,23.144762754440308
-1,6,23.14643692970276
-1,1,23.146981954574585
0.933203125,19,23.151381015777588
0.954296875,13,23.154464960098267
0.961328125,11,23.157330989837646
0.954296875,13,23.160619020462036
0.9578125,12,23.16354489326477
0.9578125,12,23.166242122650146
0.947265625,15,23.16983199119568
0.961328125,11,23.17293906211853
0.9578125,12,23.175983905792236
0.96484375,10,23.178396940231323
0.94375,16,23.182158708572388
0.954296875,13,23.185304880142212
0.9578125,12,23.18825602531433
0.933203125,19,23.193345069885254
0.9578125,12,23.196075916290283
0.947265625,15,23.199493885040283
0.96484375,10,23.201992988586426
0.95078125,14,23.20535397529602
0.961328125,11,23.207830905914307
0.96484375,10,23.210339784622192
0.961328125,11,23.213223934173584
-1,4,23.21439790725708
0.9578125,12,23.217434883117676
0.9578125,12,23.2203209400177
0.954296875,13,23.223642826080322
0.940234375,17,23.22792387008667
0.94375,16,23.23178195953369
0.94375,16,23.235484838485718
0.9578125,12,23.238342761993408
0.95078125,14,23.241870880126953
0.954296875,13,23.24489188194275
0.95078125,14,23.248523950576782
0.96484375,10,23.251671075820923
0.96484375,10,23.255106687545776
0.961328125,11,23.259514808654785
0.96484375,10,23.263593912124634
-1,9,23.26670479774475
0.961328125,11,23.2702739238739
0.96484375,10,23.274781942367554
0.961328125,11,23.27781081199646
0.954296875,13,23.282723903656006
0.95078125,14,23.288546800613403
0.95078125,14,23.29432702064514
0.926171875,21,23.300764799118042
0.9578125,12,23.305049896240234
0.954296875,13,23.308790922164917
0.961328125,11,23.312291860580444
0.961328125,11,23.31583595275879
0.954296875,13,23.31982183456421
0.954296875,13,23.32496690750122
0.9578125,12,23.32976007461548
0.9578125,12,23.335947036743164
0.9578125,12,23.34093999862671
0.9578125,12,23.345651865005493
0.961328125,11,23.349443912506104
0.940234375,17,23.354835987091064
0.933203125,19,23.363231897354126
-1,2,23.36409878730774
0.95078125,14,23.367377996444702
0.95078125,14,23.370678901672363
0.94375,16,23.37700080871582
0.947265625,15,23.382768869400024
0.961328125,11,23.387410879135132
0.96484375,10,23.391377925872803
0.961328125,11,23.396398782730103
0.961328125,11,23.399889945983887
0.95078125,14,23.406754732131958
0.96484375,10,23.409360885620117
0.933203125,19,23.41634202003479
0.9578125,12,23.42317795753479
0.961328125,11,23.426997900009155
0.947265625,15,23.435134887695312
0.9015625,28,23.445932865142822
0.961328125,11,23.450116872787476
0.954296875,13,23.456519842147827
0.954296875,13,23.46235704421997
0.954296875,13,23.46733784675598
0.96484375,10,23.47143292427063
0.9578125,12,23.47443985939026
0.9578125,12,23.47722887992859
0.912109375,25,23.483577728271484
0.96484375,10,23.48604393005371
0.954296875,13,23.488911867141724
0.947265625,15,23.492347955703735
0.96484375,10,23.495244026184082
-1,2,23.495925903320312
0.954296875,13,23.498944997787476
0.915625,24,23.50621485710144
0.9578125,12,23.509787797927856
0.9578125,12,23.512903928756714
0.94375,16,23.517168760299683
0.94375,16,23.521678924560547
0.9578125,12,23.524664878845215
0.95078125,14,23.5278799533844
0.96484375,10,23.533211946487427
0.95078125,14,23.536455869674683
-1,1,23.536932945251465
0.961328125,11,23.539769887924194
0.9578125,12,23.54271697998047
0.9578125,12,23.54546093940735
0.940234375,17,23.549623012542725
0.94375,16,23.553732872009277
0.9578125,12,23.5572350025177
0.954296875,13,23.560581922531128
0.961328125,11,23.563259840011597
0.95078125,14,23.56668996810913
0.92265625,22,23.571479082107544
0.96484375,10,23.574195861816406
0.96484375,10,23.576839923858643
0.9578125,12,23.579458713531494
0.95078125,14,23.582770824432373
0.94375,16,23.586599826812744
0.9578125,12,23.589423894882202
0.9578125,12,23.592264890670776
0.94375,16,23.596151113510132
0.947265625,15,23.599962949752808
0.947265625,15,23.603314876556396
0.96484375,10,23.60637903213501
0.9578125,12,23.609493017196655
0.940234375,17,23.61334490776062
0.9578125,12,23.61631679534912
0.961328125,11,23.61898970603943
0.94375,16,23.623223781585693
-1,1,23.62382483482361
0.96484375,10,23.626266956329346
0.9296875,20,23.63135004043579
0.9578125,12,23.63448190689087
0.954296875,13,23.637990951538086
0.95078125,14,23.641127824783325
0.9296875,20,23.645655870437622
0.9578125,12,23.648599863052368
0.9578125,12,23.651323795318604
0.9578125,12,23.654217958450317
0.93671875,18,23.658549070358276
0.96484375,10,23.660860776901245
0.961328125,11,23.663524866104126
0.961328125,11,23.666087865829468
0.9578125,12,23.669069051742554
0.96484375,10,23.671597719192505
0.961328125,11,23.67426896095276
0.9578125,12,23.67704701423645
0.96484375,10,23.679385900497437
0.961328125,11,23.68199872970581
0.926171875,21,23.686787843704224
0.96484375,10,23.68912100791931
0.961328125,11,23.69153881072998
0.919140625,23,23.69798493385315
0.96484375,10,23.700323820114136
0.94375,16,23.704131841659546
0.9578125,12,23.70762801170349
0.9578125,12,23.71081805229187
0.95078125,14,23.714106798171997
0.947265625,15,23.718122005462646
0.9578125,12,23.721449851989746
0.954296875,13,23.724649906158447
0.9578125,12,23.727509021759033
0.9296875,20,23.732402801513672
0.961328125,11,23.735259771347046
0.93671875,18,23.7396559715271
0.92265625,22,23.744855880737305
0.961328125,11,23.74749183654785
0.9578125,12,23.750508785247803
0.961328125,11,23.75329089164734
0.96484375,10,23.755584001541138
-1,21,23.760597944259644
0.94375,16,23.764819860458374
0.961328125,11,23.76760196685791
0.96484375,10,23.770010948181152
0.9578125,12,23.77282691001892
0.954296875,13,23.77600383758545
0.96484375,10,23.778344869613647
0.954296875,13,23.781363010406494
0.96484375,10,23.78366494178772
0.95078125,14,23.78732705116272
0.876953125,35,23.795471906661987
0.94375,16,23.799644947052002
0.95078125,14,23.802965879440308
0.961328125,11,23.80550980567932
0.96484375,10,23.807817935943604
0.961328125,11,23.810565948486328
0.96484375,10,23.812838792800903
0.96484375,10,23.81520104408264
0.954296875,13,23.818781852722168
0.961328125,11,23.8246967792511
0.9578125,12,23.827348947525024
0.96484375,10,23.82948088645935
0.96484375,10,23.83271884918213
0.961328125,11,23.83553385734558
0.9578125,12,23.838217973709106
0.9578125,12,23.840888738632202
0.9578125,12,23.843716859817505
0.96484375,10,23.84598398208618
0.95078125,14,23.849260091781616
0.93671875,18,23.853968858718872
0.947265625,15,23.85806107521057
0.954296875,13,23.861414909362793
0.912109375,25,23.867062091827393
0.94375,16,23.870664834976196
0.947265625,15,23.874316930770874
0.940234375,17,23.878450870513916
0.954296875,13,23.881407022476196
0.954296875,13,23.884488821029663
0.96484375,10,23.88683795928955
0.915625,24,23.89273190498352
0.93671875,18,23.89668583869934
0.96484375,10,23.899033784866333
0.94375,16,23.90319585800171
0.96484375,10,23.905674934387207
0.96484375,10,23.908057928085327
0.954296875,13,23.911412954330444
0.961328125,11,23.91448974609375
-1,1,23.91500186920166
0.96484375,10,23.917515993118286
0.9578125,12,23.920793771743774
0.95078125,14,23.924243927001953
0.9578125,12,23.927368879318237
0.961328125,11,23.93032193183899
0.95078125,14,23.93356490135193
0.940234375,17,23.938023805618286
0.96484375,10,23.940399885177612
0.96484375,10,23.94330906867981
0.95078125,14,23.947148084640503
-1,1,23.94754385948181
0.954296875,13,23.95138382911682
0.94375,16,23.955650091171265
0.9578125,12,23.95925998687744
0.954296875,13,23.96257781982422
0.954296875,13,23.96550488471985
0.961328125,11,23.96817898750305
0.96484375,10,23.970704793930054
0.9578125,12,23.973825931549072
0.947265625,15,23.977836847305298
0.93671875,18,23.982079029083252
0.961328125,11,23.984802722930908
0.96484375,10,23.987201929092407
0.96484375,10,23.989869832992554
0.954296875,13,23.993353843688965
0.9578125,12,23.99623990058899
0.96484375,10,23.998591899871826
0.954296875,13,24.00422191619873
0.961328125,11,24.00923180580139
0.961328125,11,24.01411485671997
0.940234375,17,24.021820783615112
0.9578125,12,24.02774977684021
0.947265625,15,24.035268783569336
0.94375,16,24.038813829421997
0.940234375,17,24.04698896408081
0.95078125,14,24.053346872329712
0.954296875,13,24.060165882110596
0.9578125,12,24.06482481956482
0.947265625,15,24.071379899978638
0.9578125,12,24.074386835098267
0.95078125,14,24.07736301422119
0.961328125,11,24.080315828323364
0.9578125,12,24.08369779586792
0.96484375,10,24.088904857635498
0.9578125,12,24.091909885406494
0.954296875,13,24.094952821731567
0.954296875,13,24.098094701766968
0.96484375,10,24.101619958877563
0.954296875,13,24.1119167804718
0.947265625,15,24.117149829864502
0.954296875,13,24.12017583847046
0.940234375,17,24.124600887298584
0.96484375,10,24.126991748809814
0.933203125,19,24.1319260597229
0.940234375,17,24.13627791404724
0.95078125,14,24.140264987945557
0.9578125,12,24.14368987083435
0.947265625,15,24.14826488494873
0.947265625,15,24.152137994766235
0.95078125,14,24.155237913131714
0.96484375,10,24.15801978111267
0.96484375,10,24.160366773605347
0.947265625,15,24.164134979248047
0.940234375,17,24.168333768844604
0.95078125,14,24.172191858291626
0.940234375,17,24.176276922225952
-1,10,24.179479122161865
0.961328125,11,24.182151794433594
0.9578125,12,24.18488383293152
0.9578125,12,24.18884778022766
0.961328125,11,24.192067861557007
0.9578125,12,24.195636987686157
0.933203125,19,24.20121693611145
0.96484375,10,24.20476794242859
0.961328125,11,24.208505868911743
0.96484375,10,24.211328983306885
0.947265625,15,24.215528964996338
0.947265625,15,24.218917846679688
0.96484375,10,24.222071886062622
0.954296875,13,24.227978944778442
0.954296875,13,24.232435941696167
0.96484375,10,24.234681844711304
-1,2,24.235482931137085
0.961328125,11,24.240041971206665
0.961328125,11,24.24412488937378
0.9578125,12,24.247665882110596
0.9578125,12,24.250668048858643
0.96484375,10,24.25456690788269
0.940234375,17,24.25881290435791
0.96484375,10,24.261142015457153
0.954296875,13,24.265092849731445
0.961328125,11,24.26817488670349
0.9578125,12,24.272324800491333
0.947265625,15,24.275864839553833
0.95078125,14,24.280006885528564
0.96484375,10,24.2825288772583
0.912109375,25,24.288933753967285
0.961328125,11,24.29151487350464
0.954296875,13,24.294588804244995
0.947265625,15,24.298974990844727
0.954296875,13,24.302711009979248
0.95078125,14,24.30695080757141
0.96484375,10,24.310304880142212
0.96484375,10,24.31298589706421
0.947265625,15,24.31676483154297
0.96484375,10,24.319222927093506
0.94375,16,24.323282957077026
0.96484375,10,24.32569694519043
0.961328125,11,24.328892946243286
0.9578125,12,24.3326358795166
0.94375,16,24.336649894714355
-1,5,24.33815097808838
0.95078125,14,24.342262029647827
0.95078125,14,24.34634804725647
0.961328125,11,24.349158763885498
0.96484375,10,24.351770877838135
0.947265625,15,24.355098962783813
0.96484375,10,24.3577139377594
0.961328125,11,24.360551834106445
0.947265625,15,24.364988803863525
0.940234375,17,24.369059801101685
0.954296875,13,24.37240767478943
0.940234375,17,24.376405000686646
0.94375,16,24.380226850509644
0.96484375,10,24.382993936538696
0.947265625,15,24.386785984039307
0.933203125,19,24.391279935836792
-1,1,24.39178490638733
0.947265625,15,24.39613175392151
0.94375,16,24.399778127670288
0.96484375,10,24.402373790740967
0.954296875,13,24.405344009399414
0.96484375,10,24.40785574913025
0.947265625,15,24.41173791885376
0.954296875,13,24.414960861206055
0.933203125,19,24.419362783432007
0.9578125,12,24.422244787216187
0.96484375,10,24.424850940704346
0.954296875,13,24.428026914596558
0.94375,16,24.431646823883057
0.95078125,14,24.434952974319458
0.954296875,13,24.438072681427002
0.96484375,10,24.440497875213623
0.954296875,13,24.443542003631592
0.940234375,17,24.44762086868286
0.954296875,13,24.4506618976593
0.96484375,10,24.453133821487427
0.961328125,11,24.455870866775513
0.96484375,10,24.458448886871338
0.933203125,19,24.462722063064575
0.96484375,10,24.465061902999878
0.92265625,22,24.47022008895874
0.961328125,11,24.472954750061035
0.95078125,14,24.476481914520264
0.9578125,12,24.47956395149231
0.961328125,11,24.482091903686523
0.954296875,13,24.485134840011597
0.9578125,12,24.48802375793457
0.96484375,10,24.490912914276123
0.954296875,13,24.493968963623047
0.954296875,13,24.497195959091187
0.95078125,14,24.500818967819214
0.96484375,10,24.50350785255432
0.933203125,19,24.507832765579224
-1,2,24.50847101211548
0.95078125,14,24.51185894012451
-1,2,24.512536764144897
0.96484375,10,24.51500177383423
0.961328125,11,24.51771593093872
0.926171875,21,24.52308988571167
0.9578125,12,24.526225805282593
0.954296875,13,24.529376983642578
0.96484375,10,24.531807899475098
0.96484375,10,24.534240007400513
0.961328125,11,24.53688097000122
-1,11,24.539628744125366
0.96484375,10,24.542012929916382
0.926171875,21,24.546777725219727
0.96484375,10,24.54924702644348
0.9578125,12,24.55214786529541
0.96484375,10,24.554704904556274
0.9578125,12,24.557812929153442
0.961328125,11,24.560420751571655
0.96484375,10,24.562798738479614
0.961328125,11,24.565626859664917
0.9578125,12,24.568582773208618
0.96484375,10,24.571222066879272
0.9578125,12,24.574041843414307
0.96484375,10,24.576592922210693
0.93671875,18,24.58072280883789
0.954296875,13,24.58387303352356
0.9578125,12,24.5869038105011
0.961328125,11,24.589804649353027
0.96484375,10,24.592082977294922
0.9578125,12,24.594773054122925
-1,2,24.595402002334595
0.947265625,15,24.59931492805481
0.961328125,11,24.60216975212097
0.94375,16,24.6058669090271
0.954296875,13,24.609432697296143
0.9578125,12,24.612462759017944
0.96484375,10,24.615010738372803
0.93671875,18,24.619426727294922
0.96484375,10,24.62192988395691
0.954296875,13,24.625087022781372
0.96484375,10,24.627461910247803
0.954296875,13,24.63055992126465
0.919140625,23,24.63595700263977
0.947265625,15,24.639590978622437
0.9578125,12,24.644967794418335
0.94375,16,24.649493932724
0.93671875,18,24.656901836395264
0.96484375,10,24.660962104797363
0.933203125,19,24.66913104057312
0.947265625,15,24.674744844436646
0.961328125,11,24.67789077758789
-1,1,24.67840576171875
0.961328125,11,24.68156909942627
0.96484375,10,24.684704065322876
0.9578125,12,24.688127040863037
0.9578125,12,24.692210912704468
0.954296875,13,24.69582486152649
0.954296875,13,24.700081825256348
0.9578125,12,24.703170776367188
0.9578125,12,24.70752477645874
-1,1,24.708082914352417
0.961328125,11,24.711446046829224
0.9578125,12,24.715120792388916
0.95078125,14,24.718992948532104
0.96484375,10,24.72229790687561
0.961328125,11,24.7254478931427
0.96484375,10,24.728006839752197
0.9578125,12,24.73163080215454
0.96484375,10,24.734914779663086
0.954296875,13,24.738459825515747
0.96484375,10,24.741346836090088
0.9578125,12,24.745617866516113
0.96484375,10,24.748517751693726
0.961328125,11,24.751086711883545
0.940234375,17,24.755048990249634
0.947265625,15,24.758626699447632
0.9578125,12,24.761667728424072
0.954296875,13,24.765124797821045
0.95078125,14,24.76877188682556
0.96484375,10,24.77116894721985
0.961328125,11,24.774019718170166
-1,5,24.77566885948181
0.961328125,11,24.778448820114136
0.961328125,11,24.781328916549683
0.940234375,17,24.78591275215149
0.954296875,13,24.7893807888031
0.940234375,17,24.793660879135132
0.954296875,13,24.797148942947388
-1,8,24.799654960632324
0.954296875,13,24.803122997283936
0.94375,16,24.807004928588867
0.93671875,18,24.81127405166626
0.95078125,14,24.814528942108154
0.954296875,13,24.817922830581665
0.94375,16,24.821680784225464
0.96484375,10,24.82414698600769
0.961328125,11,24.82708501815796
0.96484375,10,24.82943105697632
0.947265625,15,24.83294701576233
0.940234375,17,24.837228059768677
0.96484375,10,24.839671850204468
0.961328125,11,24.842466115951538
0.94375,16,24.846081972122192
0.954296875,13,24.84963297843933
-1,1,24.8501398563385
0.954296875,13,24.85324192047119
0.96484375,10,24.85572576522827
0.95078125,14,24.85941505432129
0.961328125,11,24.862193822860718
0.96484375,10,24.864603757858276
0.96484375,10,24.86703586578369
0.96484375,10,24.86957597732544
0.96484375,10,24.872013092041016
0.95078125,14,24.8753559589386
0.95078125,14,24.8785719871521
0.95078125,14,24.882473945617676
0.93671875,18,24.88662886619568
0.954296875,13,24.88967776298523
0.96484375,10,24.89208698272705
0.95078125,14,24.895773887634277
0.94375,16,24.89963984489441
0.96484375,10,24.902217864990234
0.9578125,12,24.90507698059082
0.9578125,12,24.90799379348755
0.96484375,10,24.91039490699768
0.940234375,17,24.9147047996521
0.96484375,10,24.91696286201477
-1,1,24.917353868484497
-1,7,24.919387817382812
0.94375,16,24.923038959503174
0.9578125,12,24.925813913345337
0.940234375,17,24.929935932159424
0.961328125,11,24.93283987045288
0.915625,24,24.938591957092285
0.96484375,10,24.941359758377075
0.947265625,15,24.945090770721436
0.961328125,11,24.947767734527588
0.96484375,10,24.95016884803772
0.96484375,10,24.952953815460205
0.95078125,14,24.95666790008545
0.94375,16,24.960670948028564
0.96484375,10,24.963128805160522
0.96484375,10,24.96537971496582
0.947265625,15,24.969110012054443
0.947265625,15,24.972800970077515
0.961328125,11,24.97539186477661
0.947265625,15,24.97884702682495
0.96484375,10,24.981207847595215
0.95078125,14,24.98490071296692
0.96484375,10,24.987748861312866
0.94375,16,24.99145197868347
0.961328125,11,24.99420189857483
0.96484375,10,24.996798992156982
0.93671875,18,25.000864028930664
0.947265625,15,25.00440287590027
0.95078125,14,25.007949829101562
0.940234375,17,25.011817932128906
0.940234375,17,25.01615285873413
0.96484375,10,25.01848077774048
0.954296875,13,25.021579027175903
0.9578125,12,25.024653673171997
0.954296875,13,25.027793884277344
0.947265625,15,25.031434059143066
0.96484375,10,25.033800840377808
0.9578125,12,25.036966800689697
0.954296875,13,25.041571855545044
0.940234375,17,25.04563570022583
0.93671875,18,25.049968957901
0.961328125,11,25.05247473716736
0.96484375,10,25.055094957351685
0.96484375,10,25.057819843292236
0.940234375,17,25.06159782409668
0.961328125,11,25.064486980438232
-1,20,25.06931781768799
0.96484375,10,25.07181692123413
0.961328125,11,25.0746488571167
0.95078125,14,25.077790021896362
0.961328125,11,25.080488920211792
0.9578125,12,25.083493947982788
0.96484375,10,25.085848808288574
0.96484375,10,25.088352918624878
-1,13,25.09174680709839
0.961328125,11,25.095205783843994
0.96484375,10,25.097506046295166
0.961328125,11,25.10012698173523
0.93671875,18,25.104697704315186
0.961328125,11,25.107518911361694
0.96484375,10,25.11033797264099
0.96484375,10,25.112864017486572
0.954296875,13,25.11613893508911
0.96484375,10,25.11849284172058
0.96484375,10,25.120925903320312
0.940234375,17,25.125191926956177
0.96484375,10,25.12748384475708
0.954296875,13,25.130775690078735
0.94375,16,25.13471794128418
0.95078125,14,25.138027906417847
0.96484375,10,25.140563011169434
0.947265625,15,25.14435887336731
0.94375,16,25.148212909698486
0.96484375,10,25.150804042816162
0.96484375,10,25.15326476097107
0.940234375,17,25.157517671585083
0.94375,16,25.161274909973145
0.9296875,20,25.166218996047974
0.940234375,17,25.17027997970581
0.9578125,12,25.173243761062622
0.9578125,12,25.17611598968506
0.954296875,13,25.17930293083191
0.96484375,10,25.18179202079773
0.94375,16,25.185438871383667
0.961328125,11,25.188154935836792
0.95078125,14,25.191802740097046
0.947265625,15,25.19540500640869
0.954296875,13,25.198668003082275
0.947265625,15,25.20212984085083
0.947265625,15,25.2056987285614
-1,1,25.20616602897644
0.95078125,14,25.209389686584473
0.961328125,11,25.21204400062561
0.954296875,13,25.215086698532104
0.95078125,14,25.218384742736816
0.93671875,18,25.222662925720215
0.94375,16,25.22624897956848
0.9578125,12,25.229626893997192
0.961328125,11,25.232362031936646
0.933203125,19,25.236649990081787
0.96484375,10,25.239266872406006
0.96484375,10,25.241771936416626
-1,1,25.242280960083008
0.96484375,10,25.24459195137024
0.96484375,10,25.247097730636597
0.96484375,10,25.249558925628662
0.96484375,10,25.252009868621826
-1,2,25.25265884399414
0.96484375,10,25.254992961883545
0.95078125,14,25.258201837539673
0.954296875,13,25.261507749557495
0.96484375,10,25.263795852661133
0.954296875,13,25.267053842544556
0.96484375,10,25.26956582069397
0.940234375,17,25.27376103401184
0.954296875,13,25.277275800704956
0.96484375,10,25.27960991859436
0.96484375,10,25.282116889953613
0.9578125,12,25.28510284423828
0.961328125,11,25.28774666786194
0.9578125,12,25.290796041488647
0.961328125,11,25.293669939041138
0.954296875,13,25.296610116958618
0.96484375,10,25.298860788345337
0.95078125,14,25.302440881729126
0.94375,16,25.30633807182312
0.96484375,10,25.308692932128906
0.96484375,10,25.31156897544861
-1,4,25.31295680999756
0.94375,16,25.316767930984497
0.905078125,27,25.323598861694336
0.961328125,11,25.326276779174805
0.954296875,13,25.329524993896484
0.947265625,15,25.333019971847534
0.9578125,12,25.33585786819458
0.95078125,14,25.339210033416748
0.96484375,10,25.341989755630493
0.9578125,12,25.34463095664978
0.95078125,14,25.348092794418335
0.9578125,12,25.350940942764282
0.9578125,12,25.35394787788391
0.9578125,12,25.35674500465393
0.95078125,14,25.360079765319824
0.9578125,12,25.363061904907227
0.9578125,12,25.365954875946045
0.96484375,10,25.36822509765625
0.961328125,11,25.370791912078857
0.9296875,20,25.375571966171265
0.95078125,14,25.379021883010864
0.96484375,10,25.381608963012695
0.961328125,11,25.38470983505249
0.96484375,10,25.38717293739319
0.96484375,10,25.389447927474976
0.95078125,14,25.392799854278564
0.95078125,14,25.3962619304657
0.95078125,14,25.399756908416748
0.93671875,18,25.404258012771606
0.93671875,18,25.40887975692749
0.95078125,14,25.41228175163269
0.95078125,14,25.41554570198059
0.954296875,13,25.41868805885315
0.954296875,13,25.421863794326782
0.961328125,11,25.424438953399658
0.95078125,14,25.427591800689697
0.961328125,11,25.430262088775635
0.954296875,13,25.43367290496826
0.94375,16,25.437203884124756
0.95078125,14,25.440708875656128
0.95078125,14,25.444277048110962
0.96484375,10,25.44671392440796
0.940234375,17,25.45055389404297
0.96484375,10,25.4531090259552
0.9578125,12,25.456185817718506
0.9578125,12,25.459146976470947
0.954296875,13,25.462385892868042
0.947265625,15,25.466453075408936
0.954296875,13,25.469475746154785
0.94375,16,25.47321391105652
0.93671875,18,25.47738289833069
0.96484375,10,25.47998595237732
0.947265625,15,25.483783960342407
-1,1,25.484304904937744
0.96484375,10,25.48672890663147
0.954296875,13,25.489763736724854
0.961328125,11,25.492761850357056
0.96484375,10,25.49547791481018
-1,9,25.497734785079956
0.954296875,13,25.500788927078247
0.947265625,15,25.50444483757019
0.940234375,17,25.50863790512085
0.947265625,15,25.512110710144043
0.96484375,10,25.514726877212524
-1,17,25.519266843795776
0.954296875,13,25.52216386795044
0.9578125,12,25.525380849838257
0.95078125,14,25.528801918029785
0.95078125,14,25.532043933868408
0.954296875,13,25.535013914108276
0.947265625,15,25.538295030593872
0.919140625,23,25.543770790100098
0.947265625,15,25.547087907791138
-1,1,25.54762291908264
0.947265625,15,25.551156997680664
0.9578125,12,25.554007053375244
0.96484375,10,25.556723833084106
0.96484375,10,25.55907678604126
0.96484375,10,25.561468839645386
0.961328125,11,25.564116954803467
0.94375,16,25.56757402420044
0.9578125,12,25.57036590576172
0.961328125,11,25.57306981086731
0.961328125,11,25.575822830200195
0.961328125,11,25.57841682434082
0.95078125,14,25.581694841384888
0.9578125,12,25.5846951007843
0.961328125,11,25.587285041809082
0.961328125,11,25.589849710464478
0.9578125,12,25.59265685081482
0.96484375,10,25.59517478942871
0.915625,24,25.60059380531311
0.954296875,13,25.603930950164795
0.940234375,17,25.608682870864868
0.93671875,18,25.613645792007446
0.96484375,10,25.61597990989685
0.96484375,10,25.618318796157837
0.96484375,10,25.62058687210083
0.947265625,15,25.624910831451416
0.96484375,10,25.62758493423462
0.96484375,10,25.629955768585205
0.96484375,10,25.6323299407959
0.95078125,14,25.637008905410767
0.94375,16,25.64982771873474
0.96484375,10,25.65594482421875
0.961328125,11,25.664463758468628
0.954296875,13,25.675384759902954
0.891015625,31,25.69010877609253
0.947265625,15,25.696009874343872
0.961328125,11,25.700979948043823
0.96484375,10,25.70602297782898
0.961328125,11,25.7111759185791
0.9578125,12,25.714099884033203
0.96484375,10,25.716400861740112
0.9578125,12,25.719515800476074
0.94375,16,25.724334716796875
0.94375,16,25.734672784805298
0.96484375,10,25.740059852600098
0.9578125,12,25.745686054229736
0.9578125,12,25.74934983253479
0.92265625,22,25.754522800445557
0.96484375,10,25.756879806518555
0.9578125,12,25.759723901748657
-1,1,25.760284900665283
0.96484375,10,25.762786865234375
0.940234375,17,25.766710996627808
0.9578125,12,25.76958179473877
0.9578125,12,25.772530794143677
0.9578125,12,25.775326013565063
0.933203125,19,25.779833793640137
0.954296875,13,25.78288698196411
0.9578125,12,25.786262035369873
0.947265625,15,25.789923906326294
0.93671875,18,25.794529914855957
0.915625,24,25.800153732299805
0.95078125,14,25.803770780563354
0.9578125,12,25.806884765625
0.940234375,17,25.811035871505737
0.96484375,10,25.81332492828369
0.954296875,13,25.816471815109253
0.94375,16,25.820751905441284
0.961328125,11,25.823471784591675
0.96484375,10,25.826043844223022
0.961328125,11,25.828876972198486
0.9578125,12,25.83174180984497
0.961328125,11,25.834471940994263
0.96484375,10,25.836863040924072
0.96484375,10,25.839423894882202
0.961328125,11,25.842318773269653
0.947265625,15,25.84598183631897
0.947265625,15,25.849721908569336
0.96484375,10,25.852322101593018
0.93671875,18,25.856276035308838
0.95078125,14,25.860026836395264
0.947265625,15,25.863532781600952
0.92265625,22,25.86897587776184
-1,5,25.870532751083374
0.9578125,12,25.873734951019287
0.96484375,10,25.876140832901
0.96484375,10,25.878550052642822
0.9578125,12,25.881393909454346
0.96484375,10,25.884026765823364
0.96484375,10,25.886518001556396
0.96484375,10,25.888768911361694
0.9578125,12,25.89173674583435
0.947265625,15,25.89566993713379
0.96484375,10,25.897964000701904
0.954296875,13,25.901081800460815
0.9578125,12,25.904016971588135
0.94375,16,25.907830953598022
0.9578125,12,25.91070795059204
-1,1,25.911229848861694
-1,11,25.914532899856567
0.912109375,25,25.919980764389038
0.94375,16,25.92405390739441
0.9296875,20,25.929492950439453
0.93671875,18,25.93408489227295
0.947265625,15,25.938118934631348
0.9578125,12,25.941093921661377
0.96484375,10,25.94351577758789
0.95078125,14,25.94692301750183
0.96484375,10,25.949342012405396
0.95078125,14,25.9525728225708
0.947265625,15,25.95639395713806
0.9296875,20,25.961090087890625
0.94375,16,25.965052843093872
0.94375,16,25.96916389465332
0.9578125,12,25.9719717502594
0.95078125,14,25.975401878356934
0.954296875,13,25.978911876678467
0.9578125,12,25.981947898864746
0.9578125,12,25.984975814819336
0.9578125,12,25.988165855407715
0.947265625,15,25.991811752319336
0.95078125,14,25.995099782943726
-1,5,25.99665594100952
0.95078125,14,26.00000286102295
0.954296875,13,26.002870082855225
0.9578125,12,26.00567078590393
0.96484375,10,26.008074045181274
0.954296875,13,26.01119089126587
0.96484375,10,26.013571739196777
0.9296875,20,26.018611907958984
0.961328125,11,26.021281957626343
0.96484375,10,26.023764848709106
0.961328125,11,26.026522874832153
0.961328125,11,26.029241800308228
0.95078125,14,26.032667875289917
0.95078125,14,26.035780906677246
0.95078125,14,26.03889799118042
-1,1,26.042717933654785
0.96484375,10,26.045649766921997
0.9578125,12,26.048441886901855
0.9578125,12,26.051233053207397
0.954296875,13,26.054611921310425
0.919140625,23,26.05985188484192
-1,2,26.06073498725891
0.940234375,17,26.064992904663086
0.961328125,11,26.067853689193726
0.947265625,15,26.071736812591553
0.954296875,13,26.07491683959961
0.9578125,12,26.07787275314331
0.961328125,11,26.080785989761353
0.954296875,13,26.084068775177002
0.961328125,11,26.086713790893555
0.9296875,20,26.09172511100769
0.9578125,12,26.094582080841064
0.9578125,12,26.09750509262085
0.96484375,10,26.099795818328857
0.954296875,13,26.102940797805786
0.9578125,12,26.106338024139404
0.940234375,17,26.110252857208252
0.9578125,12,26.112980842590332
0.95078125,14,26.116391897201538
0.954296875,13,26.119789838790894
0.961328125,11,26.122469902038574
0.947265625,15,26.126014947891235
0.94375,16,26.13085174560547
0.947265625,15,26.135565042495728
0.95078125,14,26.13967275619507
0.9578125,12,26.14325976371765
0.9578125,12,26.146579027175903
0.9578125,12,26.150173902511597
0.9578125,12,26.15326476097107
0.961328125,11,26.156641006469727
0.940234375,17,26.162192821502686
0.947265625,15,26.166813850402832
0.9578125,12,26.17113184928894
0.93671875,18,26.177586793899536
0.940234375,17,26.183315992355347
0.954296875,13,26.186357975006104
-1,13,26.18946385383606
0.94375,16,26.193373918533325
0.94375,16,26.20139789581299
0.94375,16,26.207711935043335
0.926171875,21,26.213775873184204
0.9578125,12,26.21860408782959
0.947265625,15,26.223434925079346
0.93671875,18,26.229318857192993
0.96484375,10,26.23222780227661
0.96484375,10,26.235679864883423
0.95078125,14,26.239773988723755
0.96484375,10,26.24270796775818
-1,1,26.243225812911987
0.96484375,10,26.246623992919922
0.9296875,20,26.25158405303955
0.954296875,13,26.254590034484863
0.96484375,10,26.257083892822266
0.9578125,12,26.259846925735474
0.96484375,10,26.262068033218384
0.954296875,13,26.26526188850403
0.961328125,11,26.268085956573486
0.9578125,12,26.27117395401001
0.9578125,12,26.274351835250854
0.961328125,11,26.277137994766235
0.9578125,12,26.279921770095825
0.92265625,22,26.285071849822998
0.95078125,14,26.288727045059204
0.9578125,12,26.291740894317627
0.96484375,10,26.29421377182007
0.940234375,17,26.29819393157959
-1,7,26.30005979537964
0.933203125,19,26.304744958877563
0.96484375,10,26.307122945785522
0.96484375,10,26.309491872787476
0.954296875,13,26.312553882598877
0.96484375,10,26.31494975090027
0.9578125,12,26.318027019500732
0.94375,16,26.322258949279785
0.9578125,12,26.325181007385254
0.93671875,18,26.32939910888672
0.9296875,20,26.33438277244568
0.954296875,13,26.337679862976074
0.947265625,15,26.341282844543457
0.961328125,11,26.34406304359436
0.961328125,11,26.346850872039795
0.96484375,10,26.349454879760742
0.95078125,14,26.35272789001465
0.954296875,13,26.355811834335327
0.961328125,11,26.358682870864868
0.95078125,14,26.36227583885193
0.9578125,12,26.365111112594604
0.96484375,10,26.36748480796814
0.947265625,15,26.371250867843628
0.96484375,10,26.373767852783203
0.96484375,10,26.376429796218872
0.9578125,12,26.379765033721924
0.95078125,14,26.383280754089355
0.96484375,10,26.385814905166626
0.940234375,17,26.39034080505371
0.95078125,14,26.394016981124878
0.96484375,10,26.396421909332275
0.9578125,12,26.399317979812622
-1,23,26.40478491783142
0.96484375,10,26.40730595588684
0.9578125,12,26.410094738006592
0.96484375,10,26.412467002868652
0.93671875,18,26.416598081588745
0.940234375,17,26.420689821243286
0.961328125,11,26.4236159324646
0.96484375,10,26.42599081993103
0.954296875,13,26.4291410446167
0.9578125,12,26.431898832321167
0.96484375,10,26.43439793586731
0.947265625,15,26.437880754470825
0.96484375,10,26.44012689590454
0.9578125,12,26.443042755126953
0.95078125,14,26.446298837661743
0.96484375,10,26.44882583618164
0.95078125,14,26.452439785003662
0.9578125,12,26.455259799957275
-1,15,26.45929503440857
0.961328125,11,26.46212887763977
0.954296875,13,26.465338945388794
0.93671875,18,26.470024824142456
0.93671875,18,26.47525405883789
0.93671875,18,26.479583024978638
0.94375,16,26.48384380340576
0.9578125,12,26.486835956573486
0.96484375,10,26.48994469642639
0.954296875,13,26.493239879608154
0.947265625,15,26.497352838516235
0.9578125,12,26.500504732131958
-1,1,26.50154399871826
0.947265625,15,26.50671887397766
0.954296875,13,26.514651775360107
0.96484375,10,26.518488883972168
0.96484375,10,26.521964073181152
0.96484375,10,26.525078058242798
0.9578125,12,26.528800010681152
0.95078125,14,26.534861087799072
0.961328125,11,26.539201021194458
0.961328125,11,26.542916774749756
0.9578125,12,26.54670000076294
0.961328125,11,26.55099391937256
0.96484375,10,26.557668924331665
0.947265625,15,26.561589002609253
0.954296875,13,26.564632892608643
0.954296875,13,26.5676589012146
0.92265625,22,26.573314666748047
0.961328125,11,26.577629804611206
0.96484375,10,26.582733869552612
0.96484375,10,26.58732295036316
0.95078125,14,26.59269690513611
0.95078125,14,26.59877300262451
0.961328125,11,26.60335898399353
0.9578125,12,26.609426975250244
-1,8,26.613102912902832
0.961328125,11,26.618061780929565
-1,1,26.619207859039307
0.96484375,10,26.623140811920166
0.954296875,13,26.6264328956604
0.961328125,11,26.629045963287354
0.954296875,13,26.632259845733643
0.947265625,15,26.63629698753357
0.96484375,10,26.638860940933228
0.96484375,10,26.64138174057007
0.961328125,11,26.64412498474121
0.96484375,10,26.646548986434937
0.96484375,10,26.6492657661438
0.954296875,13,26.652623891830444
0.9578125,12,26.655659914016724
-1,1,26.656116008758545
0.926171875,21,26.660948991775513
0.96484375,10,26.663267850875854
0.95078125,14,26.66724681854248
0.9578125,12,26.670248985290527
0.933203125,19,26.674978733062744
0.96484375,10,26.677592754364014
0.947265625,15,26.681914806365967
0.947265625,15,26.68581771850586
0.947265625,15,26.689416885375977
0.96484375,10,26.69190788269043
0.96484375,10,26.694257974624634
0.9578125,12,26.697162866592407
0.961328125,11,26.69986367225647
-1,1,26.700402975082397
0.96484375,10,26.703261852264404
0.96484375,10,26.70594310760498
0.961328125,11,26.708826780319214
0.961328125,11,26.71141505241394
0.961328125,11,26.71382975578308
-1,3,26.714629888534546
0.9578125,12,26.717654943466187
0.954296875,13,26.720961093902588
0.940234375,17,26.72491192817688
0.95078125,14,26.72833490371704
0.94375,16,26.732297897338867
0.940234375,17,26.736407041549683
0.94375,16,26.740126848220825
0.96484375,10,26.7425799369812
0.961328125,11,26.745231866836548
0.96484375,10,26.74741506576538
0.94375,16,26.75096607208252
0.961328125,11,26.75389289855957
0.947265625,15,26.757498741149902
0.954296875,13,26.760626792907715
0.95078125,14,26.764500856399536
0.961328125,11,26.7672598361969
0.961328125,11,26.770359754562378
-1,7,26.77236580848694
0.93671875,18,26.776625871658325
0.9578125,12,26.77960705757141
0.933203125,19,26.784162044525146
-1,1,26.784703016281128
0.95078125,14,26.78814172744751
0.95078125,14,26.791714668273926
0.95078125,14,26.795368909835815
0.947265625,15,26.79915499687195
0.95078125,14,26.8026020526886
0.96484375,10,26.804950952529907
0.961328125,11,26.807830095291138
0.947265625,15,26.81150484085083
0.954296875,13,26.814809799194336
0.954296875,13,26.818336009979248
0.947265625,15,26.82283592224121
-1,1,26.823720932006836
0.954296875,13,26.832880973815918
0.96484375,10,26.839009046554565
0.954296875,13,26.85181999206543
0.96484375,10,26.859185934066772
0.94375,16,26.864450693130493
0.95078125,14,26.871205806732178
0.9296875,20,26.878210067749023
0.9578125,12,26.88112473487854
0.947265625,15,26.88672685623169
0.9578125,12,26.891572952270508
0.961328125,11,26.894529104232788
0.919140625,23,26.90013885498047
0.961328125,11,26.903939723968506
0.96484375,10,26.906632900238037
0.947265625,15,26.910168886184692
0.96484375,10,26.912664890289307
0.940234375,17,26.917158842086792
0.93671875,18,26.92131996154785
0.961328125,11,26.924112796783447
0.96484375,10,26.9268159866333
0.96484375,10,26.929229736328125
0.96484375,10,26.9316668510437
0.961328125,11,26.934829711914062
0.96484375,10,26.937381744384766
0.940234375,17,26.941443920135498
0.96484375,10,26.944007873535156
0.95078125,14,26.947509050369263
0.92265625,22,26.952611923217773
0.933203125,19,26.95759677886963
0.961328125,11,26.9602530002594
0.96484375,10,26.962639808654785
0.94375,16,26.967073917388916
0.9578125,12,26.969920873641968
0.96484375,10,26.972511053085327
0.95078125,14,26.975872039794922
0.94375,16,26.979612827301025
0.961328125,11,26.982502937316895
0.96484375,10,26.98518395423889
0.947265625,15,26.989126920700073
0.940234375,17,26.993363857269287
0.9578125,12,26.99634885787964
0.961328125,11,26.999017000198364
0.94375,16,27.002879858016968
0.961328125,11,27.005680799484253
0.947265625,15,27.009005784988403
0.93671875,18,27.013264894485474
0.954296875,13,27.016376733779907
0.96484375,10,27.0185649394989
0.961328125,11,27.021223783493042
0.9578125,12,27.025104761123657
0.96484375,10,27.02798104286194
0.954296875,13,27.03291893005371
0.96484375,10,27.036237001419067
0.947265625,15,27.041000843048096
0.954296875,13,27.04510474205017
0.961328125,11,27.048630952835083
0.954296875,13,27.053021907806396
0.96484375,10,27.05572772026062
0.954296875,13,27.059000730514526
0.954296875,13,27.062206029891968
0.9578125,12,27.064887762069702
0.954296875,13,27.071183919906616
0.954296875,13,27.075236797332764
0.954296875,13,27.080809831619263
0.961328125,11,27.08686113357544
0.96484375,10,27.08952498435974
0.926171875,21,27.09396982192993
0.94375,16,27.097781896591187
0.954296875,13,27.104519844055176
0.954296875,13,27.109014987945557
0.915625,24,27.118942975997925
0.954296875,13,27.12312388420105
0.9578125,12,27.126128911972046
-1,2,27.126785039901733
0.9578125,12,27.129597902297974
0.96484375,10,27.131996870040894
0.961328125,11,27.134692907333374
0.95078125,14,27.138269901275635
0.954296875,13,27.14135980606079
0.96484375,10,27.143702030181885
0.933203125,19,27.14840292930603
0.947265625,15,27.151957988739014
0.9578125,12,27.154765129089355
0.94375,16,27.158917903900146
0.96484375,10,27.161213874816895
0.9578125,12,27.16403102874756
0.96484375,10,27.166645050048828
0.947265625,15,27.170125007629395
0.96484375,10,27.172690868377686
0.95078125,14,27.17609190940857
0.9578125,12,27.179042100906372
0.9578125,12,27.182044982910156
0.96484375,10,27.184598922729492
0.96484375,10,27.187275886535645
0.933203125,19,27.19175887107849
0.961328125,11,27.194217920303345
0.961328125,11,27.19717574119568
0.947265625,15,27.201090097427368
0.9578125,12,27.204041004180908
0.954296875,13,27.207536935806274
0.94375,16,27.211488962173462
0.94375,16,27.215155839920044
0.96484375,10,27.217606782913208
0.947265625,15,27.221519947052002
0.96484375,10,27.223986864089966
0.961328125,11,27.226540088653564
0.9578125,12,27.2294499874115
0.961328125,11,27.232138872146606
0.93671875,18,27.236392974853516
0.961328125,11,27.23915195465088
0.961328125,11,27.24208378791809
0.95078125,14,27.245440006256104
0.961328125,11,27.248119115829468
-1,2,27.24869394302368
0.940234375,17,27.25288486480713
0.92265625,22,27.258140802383423
0.9578125,12,27.2613308429718
0.96484375,10,27.263781785964966
0.954296875,13,27.2671799659729
0.9578125,12,27.270152807235718
0.961328125,11,27.272950887680054
0.9578125,12,27.276202917099
0.947265625,15,27.279804944992065
0.95078125,14,27.283514738082886
0.96484375,10,27.286096811294556
0.9578125,12,27.28892993927002
0.95078125,14,27.292755842208862
0.933203125,19,27.297574758529663
0.96484375,10,27.29984474182129
0.9578125,12,27.302936792373657
0.9578125,12,27.305948972702026
0.961328125,11,27.308332681655884
0.96484375,10,27.31067967414856
0.96484375,10,27.313403844833374
0.961328125,11,27.315903902053833
0.96484375,10,27.31825280189514
0.96484375,10,27.32062005996704
0.9578125,12,27.323747873306274
0.9578125,12,27.326575756072998
0.947265625,15,27.330193996429443
0.926171875,21,27.334996938705444
0.9578125,12,27.337717056274414
0.90859375,26,27.3437077999115
0.96484375,10,27.34619688987732
0.95078125,14,27.349501848220825
0.9578125,12,27.352378845214844
0.96484375,10,27.354753971099854
0.961328125,11,27.357269048690796
0.96484375,10,27.359598875045776
0.94375,16,27.36335587501526
0.954296875,13,27.366647720336914
-1,2,27.367299795150757
0.96484375,10,27.369855880737305
0.96484375,10,27.37240505218506
0.96484375,10,27.374716997146606
0.9578125,12,27.3785080909729
0.9578125,12,27.38171076774597
0.961328125,11,27.384761810302734
0.961328125,11,27.387969970703125
0.9578125,12,27.39159393310547
0.96484375,10,27.394307851791382
0.919140625,23,27.40077495574951
0.94375,16,27.405056953430176
0.94375,16,27.410980939865112
0.96484375,10,27.41532278060913
0.95078125,14,27.419723987579346
0.96484375,10,27.423489093780518
0.933203125,19,27.430174827575684
-1,18,27.43661379814148
0.93671875,18,27.44228482246399
0.96484375,10,27.445132970809937
0.95078125,14,27.44848895072937
0.961328125,11,27.453036785125732
0.95078125,14,27.457759857177734
0.93671875,18,27.464188814163208
0.96484375,10,27.46763277053833
0.954296875,13,27.47253394126892
0.96484375,10,27.476194858551025
0.961328125,11,27.480053901672363
0.96484375,10,27.483850955963135
0.9578125,12,27.48842191696167
0.961328125,11,27.49337077140808
0.9578125,12,27.496946811676025
0.940234375,17,27.501776933670044
0.94375,16,27.50526189804077
0.96484375,10,27.507731914520264
0.94375,16,27.511781930923462
0.961328125,11,27.51455593109131
0.947265625,15,27.51828670501709
0.95078125,14,27.521829843521118
0.961328125,11,27.52460479736328
0.9578125,12,27.52749276161194
0.961328125,11,27.530064821243286
0.93671875,18,27.53448486328125
0.954296875,13,27.537795782089233
0.96484375,10,27.540238857269287
0.954296875,13,27.543640851974487
0.96484375,10,27.546154022216797
0.9578125,12,27.549313068389893
0.954296875,13,27.55264902114868
0.961328125,11,27.55534291267395
0.947265625,15,27.559568881988525
0.933203125,19,27.564105987548828
0.954296875,13,27.56720995903015
-1,2,27.567863702774048
0.926171875,21,27.573013067245483
0.961328125,11,27.57587480545044
0.96484375,10,27.578190803527832
0.954296875,13,27.581341981887817
0.95078125,14,27.585094928741455
0.954296875,13,27.588366746902466
0.96484375,10,27.590819835662842
0.954296875,13,27.593886852264404
0.954296875,13,27.597415924072266
0.9578125,12,27.600526809692383
0.95078125,14,27.603729963302612
0.93671875,18,27.608346939086914
0.96484375,10,27.610734701156616
0.9578125,12,27.613502979278564
0.947265625,15,27.61773991584778
0.96484375,10,27.62015700340271
0.9578125,12,27.62300705909729
0.954296875,13,27.62642478942871
0.933203125,19,27.63077998161316
0.9578125,12,27.6337788105011
0.96484375,10,27.63626503944397
0.947265625,15,27.639707803726196
0.96484375,10,27.642233848571777
0.95078125,14,27.645548105239868
-1,1,27.645951986312866
0.961328125,11,27.648521900177002
0.94375,16,27.652446031570435
0.961328125,11,27.655176877975464
0.96484375,10,27.657408952713013
0.95078125,14,27.660615921020508
0.9296875,20,27.66539978981018
0.96484375,10,27.6678569316864
0.96484375,10,27.670233726501465
0.95078125,14,27.673699855804443
0.954296875,13,27.67694091796875
0.96484375,10,27.67942786216736
0.96484375,10,27.681785821914673
0.96484375,10,27.684143781661987
0.947265625,15,27.68775773048401
0.96484375,10,27.690123081207275
0.961328125,11,27.6927227973938
0.9578125,12,27.69576096534729
0.95078125,14,27.699042797088623
0.96484375,10,27.70149874687195
0.954296875,13,27.704710960388184
0.96484375,10,27.70693588256836
0.96484375,10,27.709272861480713
0.954296875,13,27.712241888046265
0.96484375,10,27.714419841766357
-1,2,27.714984893798828
0.96484375,10,27.717360973358154
0.96484375,10,27.71983790397644
0.954296875,13,27.723097801208496
0.96484375,10,27.725502014160156
0.95078125,14,27.729047060012817
0.96484375,10,27.731299877166748
0.954296875,13,27.734458923339844
0.947265625,15,27.73795986175537
0.9578125,12,27.740741968154907
0.961328125,11,27.743295907974243
0.961328125,11,27.745868921279907
-1,1,27.746322870254517
0.961328125,11,27.74893283843994
0.96484375,10,27.7512469291687
0.954296875,13,27.754601001739502
0.93671875,18,27.758636713027954
0.954296875,13,27.76168990135193
0.92265625,22,27.766536951065063
0.961328125,11,27.7692129611969
0.954296875,13,27.77251672744751
0.95078125,14,27.77622890472412
-1,1,27.77677583694458
0.96484375,10,27.77937388420105
0.96484375,10,27.781930923461914
0.95078125,14,27.785234928131104
0.947265625,15,27.788980960845947
0.96484375,10,27.79150104522705
0.947265625,15,27.795068979263306
0.96484375,10,27.79744791984558
0.9578125,12,27.80044174194336
0.96484375,10,27.80271577835083
0.95078125,14,27.805866956710815
0.9578125,12,27.808818817138672
0.96484375,10,27.81128191947937
0.93671875,18,27.815202713012695
0.961328125,11,27.818336963653564
0.961328125,11,27.82117509841919
-1,1,27.821537017822266
0.95078125,14,27.824909687042236
0.92265625,22,27.830391883850098
0.96484375,10,27.832683086395264
0.96484375,10,27.835100889205933
0.96484375,10,27.83764410018921
0.954296875,13,27.84081268310547
0.93671875,18,27.845183849334717
0.926171875,21,27.850461959838867
0.94375,16,27.854427814483643
0.954296875,13,27.857764720916748
0.96484375,10,27.860100746154785
0.95078125,14,27.86332392692566
0.954296875,13,27.866554737091064
0.961328125,11,27.869470834732056
0.961328125,11,27.872142791748047
0.9578125,12,27.87490200996399
0.940234375,17,27.87937092781067
0.93671875,18,27.883598804473877
0.96484375,10,27.885907888412476
0.940234375,17,27.89017605781555
0.961328125,11,27.892798900604248
-1,3,27.893593788146973
0.961328125,11,27.89612078666687
0.96484375,10,27.89846396446228
0.96484375,10,27.90088176727295
0.961328125,11,27.903553009033203
0.96484375,10,27.90601873397827
0.9578125,12,27.908808946609497
0.954296875,13,27.912123918533325
0.961328125,11,27.9147367477417
0.96484375,10,27.916951656341553
0.96484375,10,27.919408798217773
0.926171875,21,27.924125909805298
0.947265625,15,27.92787480354309
0.961328125,11,27.930580854415894
0.9578125,12,27.933311939239502
0.96484375,10,27.935659885406494
0.9578125,12,27.938331842422485
0.961328125,11,27.941038846969604
0.96484375,10,27.943511724472046
0.954296875,13,27.94669485092163
0.96484375,10,27.949142932891846
0.954296875,13,27.952462911605835
0.95078125,14,27.955724000930786
0.961328125,11,27.95838189125061
0.926171875,21,27.963563919067383
0.954296875,13,27.966651916503906
0.940234375,17,27.970741033554077
0.947265625,15,27.974681854248047
0.94375,16,27.978320837020874
0.96484375,10,27.980830907821655
0.9578125,12,27.983897924423218
0.96484375,10,27.98643207550049
0.961328125,11,27.989130973815918
0.940234375,17,27.993486881256104
0.933203125,19,27.99820590019226
0.954296875,13,28.001399040222168
0.96484375,10,28.00517511367798
0.961328125,11,28.009158849716187
0.961328125,11,28.014042854309082
0.954296875,13,28.018455743789673
0.915625,24,28.026784896850586
0.94375,16,28.031940937042236
0.92265625,22,28.040021896362305
0.947265625,15,28.04551076889038
0.96484375,10,28.048970937728882
0.93671875,18,28.056864023208618
0.954296875,13,28.061184883117676
0.95078125,14,28.06584596633911
0.96484375,10,28.06921696662903
0.94375,16,28.075083017349243
0.9296875,20,28.08262300491333
0.94375,16,28.088074922561646
0.96484375,10,28.093179941177368
0.96484375,10,28.096742868423462
0.96484375,10,28.09988570213318
0.9578125,12,28.10972285270691
0.93671875,18,28.115712881088257
0.96484375,10,28.119248867034912
0.96484375,10,28.12292194366455
0.94375,16,28.1267569065094
0.92265625,22,28.13255286216736
0.95078125,14,28.13611602783203
0.961328125,11,28.138863801956177
0.96484375,10,28.141356706619263
0.96484375,10,28.143795013427734
0.954296875,13,28.14690375328064
0.961328125,11,28.14969491958618
0.926171875,21,28.154687881469727
0.96484375,10,28.157251834869385
0.933203125,19,28.16192889213562
0.947265625,15,28.165726900100708
0.95078125,14,28.169445753097534
0.94375,16,28.17336082458496
0.94375,16,28.177057027816772
0.96484375,10,28.179641723632812
0.96484375,10,28.1821608543396
0.9578125,12,28.185003995895386
0.961328125,11,28.187724113464355
0.954296875,13,28.190815925598145
0.947265625,15,28.194475889205933
0.9578125,12,28.197292804718018
0.9578125,12,28.20030379295349
0.9578125,12,28.203292846679688
0.961328125,11,28.206068992614746
0.96484375,10,28.20841693878174
0.95078125,14,28.212001085281372
0.933203125,19,28.2165687084198
0.96484375,10,28.218796014785767
0.954296875,13,28.222033977508545
0.940234375,17,28.22610592842102
0.96484375,10,28.228323698043823
0.9578125,12,28.23132586479187
0.95078125,14,28.23471474647522
0.961328125,11,28.237562894821167
0.933203125,19,28.24187183380127
0.947265625,15,28.24570393562317
0.95078125,14,28.249040842056274
0.96484375,10,28.251518964767456
0.96484375,10,28.253870725631714
0.94375,16,28.257373809814453
0.95078125,14,28.260649919509888
0.9578125,12,28.263768911361694
0.961328125,11,28.26628875732422
0.961328125,11,28.2687349319458
0.96484375,10,28.271136045455933
0.96484375,10,28.27363395690918
0.9578125,12,28.276354789733887
0.9578125,12,28.27907085418701
0.919140625,23,28.28446078300476
0.954296875,13,28.287548780441284
0.94375,16,28.2912278175354
0.92265625,22,28.296568870544434
0.961328125,11,28.29911780357361
0.94375,16,28.30293583869934
0.95078125,14,28.30631709098816
0.954296875,13,28.309311866760254
0.961328125,11,28.311985969543457
0.94375,16,28.31597900390625
0.95078125,14,28.319386959075928
-1,3,28.320185899734497
0.96484375,10,28.32259774208069
0.96484375,10,28.32500195503235
0.947265625,15,28.328428030014038
0.915625,24,28.33404278755188
0.95078125,14,28.33754587173462
0.9578125,12,28.340333700180054
0.947265625,15,28.343639850616455
0.9578125,12,28.346709966659546
0.96484375,10,28.349119901657104
0.96484375,10,28.351611852645874
0.9578125,12,28.35446286201477
0.961328125,11,28.35733985900879
0.9578125,12,28.360140085220337
0.9578125,12,28.36302900314331
0.96484375,10,28.365415811538696
0.9578125,12,28.368319988250732
0.961328125,11,28.37093186378479
0.96484375,10,28.373486757278442
0.9578125,12,28.37682795524597
0.961328125,11,28.37962794303894
0.9296875,20,28.38411808013916
-1,14,28.388145923614502
0.9578125,12,28.390910863876343
0.933203125,19,28.39557671546936
0.96484375,10,28.398205995559692
0.96484375,10,28.400914907455444
0.9578125,12,28.40396499633789
0.947265625,15,28.407643795013428
0.94375,16,28.411568880081177
0.96484375,10,28.41377091407776
0.961328125,11,28.416322708129883
0.96484375,10,28.418762922286987
0.9578125,12,28.42172908782959
0.947265625,15,28.425055027008057
0.961328125,11,28.427854776382446
0.9578125,12,28.43073582649231
0.95078125,14,28.434178113937378
0.961328125,11,28.436633825302124
0.954296875,13,28.43997597694397
0.919140625,23,28.4455988407135
0.940234375,17,28.449759006500244
0.954296875,13,28.45272970199585
0.961328125,11,28.455379009246826
0.954296875,13,28.458282947540283
0.9578125,12,28.461522817611694
0.947265625,15,28.46523690223694
0.954296875,13,28.468206882476807
0.961328125,11,28.470881938934326
0.940234375,17,28.47494387626648
0.95078125,14,28.47811198234558
0.940234375,17,28.482181787490845
0.96484375,10,28.484712839126587
0.93671875,18,28.48871874809265
0.961328125,11,28.491469860076904
-1,16,28.495449781417847
0.95078125,14,28.498807668685913
0.96484375,10,28.501270055770874
0.940234375,17,28.505282878875732
0.954296875,13,28.508371829986572
0.95078125,14,28.51159405708313
0.954296875,13,28.514896869659424
0.898046875,29,28.521962881088257
0.933203125,19,28.526560068130493
0.940234375,17,28.53077507019043
0.947265625,15,28.534567832946777
0.954296875,13,28.537848711013794
0.954296875,13,28.5409836769104
0.96484375,10,28.54345393180847
0.9578125,12,28.546477794647217
0.96484375,10,28.549254894256592
0.9578125,12,28.552247762680054
0.954296875,13,28.5554039478302
0.961328125,11,28.558194875717163
0.961328125,11,28.560898780822754
0.96484375,10,28.563236713409424
0.9296875,20,28.567970752716064
0.95078125,14,28.571372032165527
0.961328125,11,28.5741708278656
-1,12,28.577626943588257
0.9578125,12,28.580286979675293
0.954296875,13,28.5833637714386
0.95078125,14,28.58704376220703
0.96484375,10,28.589393854141235
0.954296875,13,28.59235692024231
0.961328125,11,28.595024824142456
0.95078125,14,28.5984308719635
0.9578125,12,28.601353883743286
0.947265625,15,28.604899883270264
0.954296875,13,28.608008861541748
0.95078125,14,28.611008882522583
0.9578125,12,28.61391282081604
0.95078125,14,28.617478847503662
0.9578125,12,28.62030005455017
0.954296875,13,28.623551845550537
0.9578125,12,28.626499891281128
0.95078125,14,28.629694938659668
0.954296875,13,28.632869958877563
0.96484375,10,28.635556936264038
0.9578125,12,28.63855290412903
0.9296875,20,28.643156051635742
-1,2,28.643876791000366
0.9578125,12,28.648722887039185
0.947265625,15,28.655863046646118
0.96484375,10,28.659265995025635
0.933203125,19,28.67253303527832
0.93671875,18,28.685560703277588
0.94375,16,28.697980880737305
0.954296875,13,28.7042498588562
0.9578125,12,28.70930004119873
0.947265625,15,28.715765953063965
0.947265625,15,28.72115993499756
0.961328125,11,28.726605892181396
0.947265625,15,28.733355045318604
0.96484375,10,28.736880779266357
0.954296875,13,28.74285888671875
0.961328125,11,28.74682092666626
0.96484375,10,28.750338792800903
0.961328125,11,28.753098011016846
0.95078125,14,28.756319999694824
-1,6,28.758081912994385
0.95078125,14,28.76155400276184
0.9578125,12,28.764729738235474
-1,1,28.765192985534668
0.95078125,14,28.768763780593872
0.961328125,11,28.77153205871582
0.961328125,11,28.774615049362183
0.961328125,11,28.777268886566162
0.95078125,14,28.78062105178833
0.94375,16,28.784842014312744
0.96484375,10,28.787372827529907
0.94375,16,28.791172742843628
0.954296875,13,28.79445505142212
0.96484375,10,28.79699468612671
0.96484375,10,28.799426794052124
0.961328125,11,28.80200505256653
0.961328125,11,28.80483102798462
0.947265625,15,28.808587074279785
0.9578125,12,28.811277866363525
0.94375,16,28.81472110748291
0.961328125,11,28.817542791366577
0.9578125,12,28.820337772369385
0.93671875,18,28.824404001235962
0.96484375,10,28.826900959014893
0.90859375,26,28.832638025283813
0.95078125,14,28.83595895767212
0.96484375,10,28.838361740112305
0.96484375,10,28.84069299697876
0.954296875,13,28.844013690948486
0.95078125,14,28.84719681739807
0.954296875,13,28.85021185874939
0.94375,16,28.854169845581055
-1,1,28.854556798934937
-1,2,28.855284929275513
0.961328125,11,28.858059883117676
0.961328125,11,28.861010789871216
0.96484375,10,28.863466024398804
0.954296875,13,28.866580963134766
0.961328125,11,28.869395971298218
-1,1,28.869844913482666
0.92265625,22,28.87527084350586
0.947265625,15,28.879464864730835
0.961328125,11,28.883216857910156
0.947265625,15,28.888527870178223
0.96484375,10,28.89135479927063
0.9578125,12,28.895877838134766
0.961328125,11,28.89893388748169
0.954296875,13,28.90288281440735
-1,4,28.904663801193237
0.954296875,13,28.908173084259033
0.9578125,12,28.912412881851196
0.9578125,12,28.916343688964844
0.961328125,11,28.9196617603302
0.95078125,14,28.923743963241577
0.94375,16,28.928504705429077
0.93671875,18,28.934263706207275
0.9578125,12,28.93840479850769
0.9578125,12,28.941466808319092
0.96484375,10,28.944889783859253
0.96484375,10,28.947516918182373
0.96484375,10,28.950623989105225
0.961328125,11,28.95421600341797
0.954296875,13,28.958186864852905
0.9578125,12,28.96150779724121
0.96484375,10,28.964037895202637
-1,1,28.96440887451172
0.96484375,10,28.967272996902466
0.9578125,12,28.971949815750122
0.9578125,12,28.97598886489868
0.96484375,10,28.98010277748108
0.96484375,10,28.983929872512817
0.96484375,10,28.987566709518433
0.94375,16,28.992539882659912
0.961328125,11,28.997190952301025
0.954296875,13,29.00222086906433
0.961328125,11,29.006791830062866
0.96484375,10,29.010236978530884
0.96484375,10,29.014639854431152
0.9578125,12,29.01820182800293
0.954296875,13,29.02305293083191
0.96484375,10,29.027191877365112
0.96484375,10,29.03199291229248
0.93671875,18,29.03920269012451
-1,1,29.03997278213501
-1,2,29.041326761245728
0.961328125,11,29.04548692703247
0.93671875,18,29.052670001983643
0.95078125,14,29.05954098701477
0.94375,16,29.067842721939087
0.940234375,17,29.075549840927124
0.940234375,17,29.08461904525757
0.96484375,10,29.088345766067505
0.961328125,11,29.09295678138733
0.95078125,14,29.098071098327637
0.940234375,17,29.108556985855103
0.96484375,10,29.11329197883606
0.954296875,13,29.120800971984863
0.95078125,14,29.124217748641968
0.961328125,11,29.126949787139893
0.96484375,10,29.12944006919861
0.96484375,10,29.13173198699951
0.94375,16,29.135511875152588
0.961328125,11,29.138267755508423
0.9578125,12,29.14185094833374
0.9578125,12,29.14605188369751
0.933203125,19,29.15208888053894
0.961328125,11,29.15716576576233
0.961328125,11,29.16206169128418
0.96484375,10,29.179951906204224
0.9578125,12,29.233139991760254
0.961328125,11,29.23822784423828
0.96484375,10,29.245603799819946
0.9578125,12,29.255510091781616
0.947265625,15,29.262842893600464
0.961328125,11,29.266182899475098
0.947265625,15,29.270124673843384
0.947265625,15,29.273664951324463
0.9296875,20,29.27939796447754
0.947265625,15,29.283036947250366
0.96484375,10,29.28553795814514
0.95078125,14,29.28929376602173
0.954296875,13,29.292752742767334
0.95078125,14,29.298577785491943
0.95078125,14,29.30499291419983
0.961328125,11,29.30794072151184
0.954296875,13,29.31227970123291
0.96484375,10,29.317741870880127
0.9578125,12,29.320483922958374
0.90859375,26,29.327590942382812
0.96484375,10,29.330163955688477
0.961328125,11,29.333303689956665
0.96484375,10,29.336461067199707
0.96484375,10,29.339080810546875
0.96484375,10,29.341412782669067
0.940234375,17,29.345610857009888
0.96484375,10,29.34915590286255
0.94375,16,29.35308599472046
0.94375,16,29.35758900642395
0.96484375,10,29.36016583442688
0.96484375,10,29.362526893615723
0.96484375,10,29.365875005722046
0.95078125,14,29.369486808776855
0.933203125,19,29.37425208091736
0.947265625,15,29.37802481651306
0.96484375,10,29.38292098045349
0.95078125,14,29.392762899398804
0.940234375,17,29.403223037719727
0.96484375,10,29.408490896224976
0.961328125,11,29.411005973815918
0.954296875,13,29.414320945739746
0.94375,16,29.41860294342041
0.93671875,18,29.42351007461548
0.961328125,11,29.42605686187744
0.92265625,22,29.431440830230713
0.9578125,12,29.436258792877197
0.96484375,10,29.439143896102905
0.9578125,12,29.441998720169067
0.9296875,20,29.447800874710083
0.9578125,12,29.45087695121765
0.96484375,10,29.456802129745483
0.89453125,30,29.496567726135254
0.96484375,10,29.500431776046753
0.954296875,13,29.50559377670288
0.9578125,12,29.509709119796753
0.947265625,15,29.513036012649536
0.9578125,12,29.516101837158203
0.961328125,11,29.51941204071045
0.961328125,11,29.522543907165527
0.95078125,14,29.529581785202026
0.9578125,12,29.53280210494995
0.94375,16,29.536926984786987
0.96484375,10,29.539336919784546
0.933203125,19,29.544720888137817
0.96484375,10,29.54721689224243
0.93671875,18,29.552095890045166
0.94375,16,29.556485891342163
0.96484375,10,29.559542894363403
0.96484375,10,29.562022924423218
0.96484375,10,29.564238786697388
0.961328125,11,29.567234754562378
0.954296875,13,29.57051968574524
0.92265625,22,29.575609922409058
0.93671875,18,29.581199884414673
0.954296875,13,29.58474087715149
0.9296875,20,29.590691804885864
0.96484375,10,29.59393000602722
0.961328125,11,29.59664487838745
0.947265625,15,29.600398778915405
0.93671875,18,29.604931831359863
0.954296875,13,29.60903286933899
0.94375,16,29.61441206932068
0.95078125,14,29.617836713790894
0.96484375,10,29.620208978652954
0.961328125,11,29.623239994049072
0.96484375,10,29.625788927078247
0.94375,16,29.629490852355957
0.961328125,11,29.632441759109497
0.9578125,12,29.63603687286377
0.95078125,14,29.639997005462646
0.95078125,14,29.643523693084717
0.961328125,11,29.646274089813232
0.95078125,14,29.650365829467773
0.954296875,13,29.653358697891235
0.961328125,11,29.656102895736694
0.954296875,13,29.659299850463867
-1,8,29.661624908447266
0.94375,16,29.665652990341187
-1,11,29.668576955795288
0.96484375,10,29.67130184173584
-1,1,29.671835899353027
0.9578125,12,29.67474889755249
0.96484375,10,29.677222967147827
0.961328125,11,29.679900884628296
0.96484375,10,29.682471990585327
0.9578125,12,29.685601949691772
0.947265625,15,29.68934202194214
0.933203125,19,29.694082021713257
0.961328125,11,29.696738719940186
0.954296875,13,29.700552940368652
0.954296875,13,29.704055786132812
0.940234375,17,29.7082839012146
0.9578125,12,29.711204767227173
0.96484375,10,29.71365189552307
0.961328125,11,29.716439723968506
0.96484375,10,29.71895980834961
0.96484375,10,29.721348762512207
0.9578125,12,29.724119663238525
0.96484375,10,29.726646900177002
0.961328125,11,29.72958493232727
0.961328125,11,29.732292890548706
0.961328125,11,29.73492407798767
0.96484375,10,29.737245798110962
0.9578125,12,29.740317821502686
0.95078125,14,29.74343991279602
0.947265625,15,29.746681928634644
0.954296875,13,29.749867916107178
0.96484375,10,29.752380847930908
0.94375,16,29.756091833114624
0.95078125,14,29.75953483581543
0.9578125,12,29.762351751327515
0.947265625,15,29.766074895858765
0.96484375,10,29.769221782684326
0.96484375,10,29.771585941314697
0.947265625,15,29.774948835372925
0.96484375,10,29.77739191055298
0.940234375,17,29.781391859054565
0.96484375,10,29.783808946609497
0.96484375,10,29.786088943481445
0.95078125,14,29.790474891662598
0.954296875,13,29.793529748916626
0.954296875,13,29.79651689529419
0.94375,16,29.800198793411255
0.940234375,17,29.804250955581665
0.954296875,13,29.807431936264038
0.954296875,13,29.810598850250244
0.96484375,10,29.81286096572876
0.954296875,13,29.816159963607788
0.94375,16,29.820066690444946
0.96484375,10,29.822470903396606
0.95078125,14,29.82596468925476
0.9578125,12,29.828953742980957
0.9578125,12,29.83206081390381
0.940234375,17,29.836020946502686
0.947265625,15,29.8396999835968
0.961328125,11,29.842355012893677
-1,1,29.842833995819092
0.9578125,12,29.84560990333557
0.905078125,27,29.852465867996216
0.961328125,11,29.85508680343628
0.96484375,10,29.85744285583496
0.947265625,15,29.86136770248413
0.95078125,14,29.864919662475586
0.961328125,11,29.869080781936646
0.93671875,18,29.873790979385376
0.961328125,11,29.876616954803467
-1,7,29.87835693359375
0.96484375,10,29.880666732788086
0.9578125,12,29.883816957473755
0.96484375,10,29.886775732040405
0.96484375,10,29.889249086380005
0.9578125,12,29.892651081085205
0.96484375,10,29.895118713378906
0.96484375,10,29.899613857269287
0.96484375,10,29.90218687057495
-1,1,29.902734756469727
0.947265625,15,29.906247854232788
0.940234375,17,29.91029191017151
0.954296875,13,29.91516089439392
0.96484375,10,29.919419765472412
0.95078125,14,29.92636489868164
0.95078125,14,29.934859037399292
0.96484375,10,29.937216997146606
0.954296875,13,29.940226793289185
0.954296875,13,29.94357204437256
0.96484375,10,29.945977926254272
0.9578125,12,29.94896697998047
0.954296875,13,29.953863859176636
0.93671875,18,29.96301579475403
0.940234375,17,29.967493772506714
0.95078125,14,29.970871686935425
0.96484375,10,29.97394299507141
0.96484375,10,29.977771997451782
0.9578125,12,29.98053789138794
0.9578125,12,29.983392000198364
0.947265625,15,29.991424083709717
0.9578125,12,29.995227813720703
0.95078125,14,29.998520851135254
0.96484375,10,30.001218795776367
0.94375,16,30.005290985107422
0.9578125,12,30.009285926818848
0.919140625,23,30.015095710754395
0.961328125,11,30.017889976501465
-1,14,30.021708011627197
0.9578125,12,30.02479100227356
0.954296875,13,30.028018951416016
0.96484375,10,30.030603885650635
-1,12,30.03482699394226
0.961328125,11,30.03739285469055
0.96484375,10,30.03992772102356
0.961328125,11,30.043442964553833
0.96484375,10,30.04581570625305
-1,1,30.046342849731445
-1,1,30.04670786857605
0.96484375,10,30.049793004989624
0.96484375,10,30.05235195159912
0.9578125,12,30.055305004119873
0.954296875,13,30.05888271331787
0.947265625,15,30.06285786628723
0.940234375,17,30.067441940307617
0.96484375,10,30.06996202468872
0.96484375,10,30.07267689704895
0.95078125,14,30.07744288444519
-1,4,30.07878088951111
0.961328125,11,30.081912755966187
0.94375,16,30.086838960647583
-1,7,30.08882188796997
0.96484375,10,30.091567754745483
0.96484375,10,30.094010829925537
0.9578125,12,30.0970458984375
0.961328125,11,30.099791765213013
0.961328125,11,30.102521896362305
0.95078125,14,30.10663390159607
0.954296875,13,30.110023975372314
0.954296875,13,30.113452672958374
0.9578125,12,30.116562843322754
0.96484375,10,30.11881971359253
0.93671875,18,30.123103857040405
0.961328125,11,30.12600088119507
0.933203125,19,30.130650758743286
0.9578125,12,30.133765935897827
0.9578125,12,30.136887788772583
0.94375,16,30.140859842300415
0.96484375,10,30.143513917922974
0.954296875,13,30.147130727767944
0.954296875,13,30.150580883026123
0.947265625,15,30.15413784980774
0.954296875,13,30.157695055007935
0.96484375,10,30.16047692298889
0.96484375,10,30.163052082061768
0.9578125,12,30.16586399078369
0.96484375,10,30.168319940567017
0.961328125,11,30.17098879814148
0.954296875,13,30.174320936203003
0.95078125,14,30.177803993225098
0.9578125,12,30.180668830871582
0.96484375,10,30.183141946792603
0.9578125,12,30.18640375137329
0.947265625,15,30.19027876853943
0.96484375,10,30.192862033843994
0.96484375,10,30.19554090499878
0.961328125,11,30.19939088821411
0.95078125,14,30.20301389694214
0.940234375,17,30.207417726516724
0.961328125,11,30.210288763046265
0.96484375,10,30.212857723236084
0.96484375,10,30.21519684791565
0.915625,24,30.221587896347046
0.95078125,14,30.225247859954834
0.96484375,10,30.227844715118408
0.954296875,13,30.230886936187744
0.9578125,12,30.2339768409729
-1,11,30.236896991729736
0.9578125,12,30.239938735961914
0.926171875,21,30.24576997756958
0.947265625,15,30.248961925506592
0.940234375,17,30.256463766098022
0.9578125,12,30.261569023132324
0.954296875,13,30.26664090156555
0.954296875,13,30.271228790283203
0.94375,16,30.27758002281189
0.961328125,11,30.281359910964966
0.9578125,12,30.28599786758423
0.961328125,11,30.29124402999878
-1,1,30.292080879211426
0.961328125,11,30.294790983200073
0.96484375,10,30.29938578605652
0.961328125,11,30.30312180519104
0.954296875,13,30.306530714035034
0.961328125,11,30.310588836669922
0.961328125,11,30.313250064849854
-1,13,30.316511869430542
0.96484375,10,30.318960905075073
0.95078125,14,30.32491183280945
0.954296875,13,30.330368041992188
0.96484375,10,30.334473848342896
0.94375,16,30.33946180343628
-1,6,30.34296488761902
0.96484375,10,30.346823930740356
0.940234375,17,30.35306978225708
0.95078125,14,30.358510732650757
0.954296875,13,30.362786054611206
0.96484375,10,30.366747856140137
0.954296875,13,30.370711088180542
0.96484375,10,30.3746440410614
0.9578125,12,30.37740397453308
0.947265625,15,30.380934953689575
0.96484375,10,30.3834388256073
0.96484375,10,30.385833024978638
-1,3,30.386656045913696
0.940234375,17,30.39044189453125
0.9578125,12,30.393597841262817
0.947265625,15,30.397016763687134
0.954296875,13,30.39986491203308
0.947265625,15,30.40355896949768
0.9578125,12,30.406513929367065
0.95078125,14,30.41002583503723
0.961328125,11,30.412689924240112
0.961328125,11,30.41552472114563
0.9578125,12,30.418455839157104
0.961328125,11,30.421154022216797
0.947265625,15,30.42459797859192
0.95078125,14,30.427931785583496
0.96484375,10,30.430424690246582
0.93671875,18,30.43474793434143
0.96484375,10,30.437116861343384
0.96484375,10,30.439532041549683
0.961328125,11,30.44221591949463
0.954296875,13,30.44525384902954
0.94375,16,30.449188947677612
0.954296875,13,30.45243787765503
0.95078125,14,30.45595073699951
0.947265625,15,30.459540843963623
0.947265625,15,30.46358609199524
0.933203125,19,30.46816897392273
0.940234375,17,30.47604990005493
0.96484375,10,30.478601932525635
0.961328125,11,30.481379747390747
0.9578125,12,30.48430109024048
0.954296875,13,30.487302780151367
0.95078125,14,30.49048089981079
-1,1,30.49089479446411
0.961328125,11,30.49374794960022
0.96484375,10,30.49641704559326
0.961328125,11,30.50002384185791
0.9578125,12,30.505346059799194
0.954296875,13,30.513803958892822
0.94375,16,30.521264791488647
0.961328125,11,30.52579092979431
0.961328125,11,30.530125856399536
0.9578125,12,30.533986806869507
0.961328125,11,30.539480686187744
0.96484375,10,30.542097806930542
0.95078125,14,30.545142889022827
0.95078125,14,30.548404932022095
0.9578125,12,30.558837890625
0.961328125,11,30.56327486038208
0.95078125,14,30.570549964904785
0.940234375,17,30.57945489883423
0.9578125,12,30.586018800735474
0.961328125,11,30.59208083152771
0.9296875,20,30.60837197303772
0.961328125,11,30.61717200279236
0.9578125,12,30.62337303161621
0.9578125,12,30.62870192527771
0.947265625,15,30.635329961776733
-1,2,30.63619589805603
0.954296875,13,30.639057874679565
0.961328125,11,30.641796827316284
0.96484375,10,30.644427061080933
0.9578125,12,30.64755392074585
0.961328125,11,30.652228832244873
0.961328125,11,30.65674591064453
0.96484375,10,30.660233974456787
0.961328125,11,30.66416573524475
0.90859375,26,30.67339277267456
0.961328125,11,30.676894903182983
0.92265625,22,30.683573961257935
0.947265625,15,30.68982195854187
0.954296875,13,30.69550585746765
0.96484375,10,30.700806856155396
0.95078125,14,30.70623278617859
0.961328125,11,30.71082592010498
0.947265625,15,30.716327905654907
0.9578125,12,30.7213077545166
0.954296875,13,30.7269549369812
0.96484375,10,30.730836868286133
-1,1,30.731907844543457
0.954296875,13,30.737485885620117
0.96484375,10,30.742246866226196
0.954296875,13,30.747095823287964
-1,1,30.747583866119385
0.961328125,11,30.75054097175598
0.961328125,11,30.753407955169678
0.94375,16,30.757208824157715
-1,5,30.758627891540527
0.96484375,10,30.761149883270264
0.912109375,25,30.76723003387451
0.96484375,10,30.769717931747437
0.93671875,18,30.773924827575684
0.96484375,10,30.776379823684692
0.954296875,13,30.7795467376709
0.96484375,10,30.78200888633728
0.96484375,10,30.78465485572815
0.9578125,12,30.787888765335083
0.96484375,10,30.790395975112915
0.95078125,14,30.793660879135132
0.954296875,13,30.796916961669922
0.96484375,10,30.799489974975586
0.96484375,10,30.80194091796875
0.9578125,12,30.805858850479126
0.95078125,14,30.809922695159912
0.961328125,11,30.813302993774414
0.96484375,10,30.816214084625244
0.954296875,13,30.820408821105957
0.96484375,10,30.823075771331787
0.96484375,10,30.825517892837524
0.961328125,11,30.828448057174683
0.912109375,25,30.83552575111389
0.961328125,11,30.838396787643433
0.954296875,13,30.841373920440674
0.96484375,10,30.84385108947754
0.96484375,10,30.84656286239624
0.940234375,17,30.85092306137085
0.954296875,13,30.854989051818848
0.961328125,11,30.85758900642395
0.954296875,13,30.860983848571777
0.96484375,10,30.863768815994263
-1,1,30.864320039749146
0.947265625,15,30.86812686920166
0.94375,16,30.872962713241577
0.96484375,10,30.87534999847412
0.9578125,12,30.879446029663086
0.96484375,10,30.8839590549469
0.8875,32,30.89756488800049
0.9578125,12,30.90379786491394
0.9578125,12,30.908610820770264
-1,11,30.914007663726807
0.961328125,11,30.91948175430298
0.9578125,12,30.92293095588684
0.9578125,12,30.9266939163208
-1,1,30.927223682403564
0.94375,16,30.932861804962158
0.96484375,10,30.935309886932373
0.940234375,17,30.939377784729004
0.9578125,12,30.943830013275146
0.947265625,15,30.950124740600586
0.95078125,14,30.953861951828003
0.947265625,15,30.95955777168274
0.947265625,15,30.96518087387085
-1,1,30.966468811035156
0.9578125,12,30.97070002555847
0.96484375,10,30.974792957305908
0.9578125,12,30.979278802871704
-1,1,30.979994773864746
0.961328125,11,30.983700037002563
0.947265625,15,30.99071478843689
0.947265625,15,30.995901823043823
0.96484375,10,31.000351905822754
0.96484375,10,31.004821062088013
0.9578125,12,31.007635831832886
0.96484375,10,31.010019779205322
0.947265625,15,31.013561725616455
0.9296875,20,31.021711826324463
0.96484375,10,31.026265859603882
0.947265625,15,31.032431840896606
-1,2,31.033323049545288
0.9578125,12,31.03881287574768
0.961328125,11,31.042771816253662
-1,1,31.04338002204895
0.954296875,13,31.048717737197876
0.9578125,12,31.053837776184082
0.954296875,13,31.059186935424805
0.961328125,11,31.062376976013184
0.9578125,12,31.066837072372437
0.94375,16,31.07048988342285
0.96484375,10,31.07294011116028
0.96484375,10,31.075345993041992
0.947265625,15,31.081933736801147
0.915625,24,31.087244033813477
0.926171875,21,31.096136808395386
0.954296875,13,31.103139877319336
0.9578125,12,31.109246015548706
0.961328125,11,31.11332893371582
0.96484375,10,31.11721181869507
0.915625,24,31.123049020767212
0.940234375,17,31.127298831939697
0.954296875,13,31.130205869674683
0.954296875,13,31.13330888748169
0.961328125,11,31.135998964309692
0.947265625,15,31.139704704284668
0.961328125,11,31.142657995224
0.96484375,10,31.14525008201599
0.961328125,11,31.148385047912598
-1,1,31.148874044418335
0.9578125,12,31.152069807052612
0.961328125,11,31.15648889541626
0.9578125,12,31.180033922195435
0.95078125,14,31.19134497642517
0.93671875,18,31.204972743988037
0.96484375,10,31.20835781097412
-1,1,31.210283041000366
0.961328125,11,31.21768879890442
0.94375,16,31.23003077507019
0.961328125,11,31.23622488975525
0.926171875,21,31.242116928100586
-1,1,31.243200063705444
0.954296875,13,31.249675035476685
0.95078125,14,31.25451970100403
0.961328125,11,31.25753879547119
0.96484375,10,31.2605619430542
0.9578125,12,31.263880968093872
0.96484375,10,31.266352891921997
-1,20,31.271888971328735
0.9578125,12,31.275372743606567
0.93671875,18,31.28183674812317
0.954296875,13,31.285135746002197
-1,13,31.28833293914795
0.954296875,13,31.29125189781189
0.912109375,25,31.29741907119751
0.940234375,17,31.301999807357788
0.93671875,18,31.30662989616394
0.947265625,15,31.31049084663391
0.961328125,11,31.313032865524292
0.961328125,11,31.31569194793701
0.96484375,10,31.318087816238403
0.961328125,11,31.320729732513428
0.9578125,12,31.32408595085144
0.95078125,14,31.327462911605835
0.919140625,23,31.33272075653076
0.96484375,10,31.335416793823242
0.95078125,14,31.339110851287842
0.940234375,17,31.34348702430725
0.95078125,14,31.34689474105835
0.940234375,17,31.351066827774048
0.96484375,10,31.353715896606445
0.933203125,19,31.35851502418518
0.961328125,11,31.361154794692993
0.947265625,15,31.364588737487793
0.96484375,10,31.367076873779297
0.947265625,15,31.370988845825195
0.93671875,18,31.375428915023804
0.96484375,10,31.378506898880005
0.95078125,14,31.383619785308838
0.96484375,10,31.387004852294922
0.96484375,10,31.390650749206543
0.961328125,11,31.39418601989746
0.96484375,10,31.397340774536133
0.90859375,26,31.406944036483765
0.9296875,20,31.413352012634277
-1,1,31.413922786712646
0.95078125,14,31.417110919952393
0.940234375,17,31.421101808547974
0.96484375,10,31.423619747161865
0.954296875,13,31.42688798904419
0.961328125,11,31.42947292327881
0.961328125,11,31.43225073814392
0.954296875,13,31.436718702316284
-1,1,31.437402963638306
0.954296875,13,31.440479040145874
0.954296875,13,31.443761825561523
0.9578125,12,31.446847915649414
0.954296875,13,31.45015597343445
0.947265625,15,31.45568585395813
0.905078125,27,31.461994886398315
0.961328125,11,31.46472191810608
0.96484375,10,31.46885895729065
0.9578125,12,31.471755027770996
0.961328125,11,31.474509716033936
0.947265625,15,31.47828197479248
0.954296875,13,31.48127794265747
0.961328125,11,31.485211849212646
0.961328125,11,31.489506006240845
0.9296875,20,31.49775004386902
0.947265625,15,31.501555919647217
0.954296875,13,31.504620790481567
0.93671875,18,31.509047031402588
0.93671875,18,31.512995719909668
0.9296875,20,31.517334938049316
0.90859375,26,31.52356791496277
0.96484375,10,31.526086807250977
0.94375,16,31.530431985855103
0.95078125,14,31.53361988067627
0.95078125,14,31.536889791488647
0.9578125,12,31.53982901573181
0.92265625,22,31.544606924057007
0.96484375,10,31.5469388961792
0.9578125,12,31.550153017044067
0.9578125,12,31.55317783355713
0.96484375,10,31.55570888519287
0.9578125,12,31.559277772903442
0.95078125,14,31.562567949295044
-1,3,31.563605070114136
0.95078125,14,31.566787719726562
0.9578125,12,31.56975483894348
0.96484375,10,31.572176933288574
0.940234375,17,31.5763418674469
0.9578125,12,31.579211950302124
0.94375,16,31.583290815353394
0.9296875,20,31.587966918945312
0.92265625,22,31.593459844589233
0.95078125,14,31.59687089920044
0.947265625,15,31.600796937942505
0.933203125,19,31.605361938476562
0.961328125,11,31.608049869537354
0.954296875,13,31.6115300655365
0.961328125,11,31.61427402496338
0.96484375,10,31.616644859313965
0.9578125,12,31.619637966156006
0.961328125,11,31.622253894805908
0.96484375,10,31.624587059020996
0.94375,16,31.628798961639404
0.95078125,14,31.632232904434204
0.95078125,14,31.63580584526062
0.961328125,11,31.63846492767334
0.9578125,12,31.641454696655273
0.954296875,13,31.644906044006348
0.961328125,11,31.647846937179565
0.96484375,10,31.650370121002197
0.95078125,14,31.653594732284546
0.933203125,19,31.658201932907104
0.95078125,14,31.661831855773926
0.9578125,12,31.665295839309692
0.96484375,10,31.66792392730713
0.933203125,19,31.672675848007202
0.954296875,13,31.67588996887207
0.9578125,12,31.678799867630005
0.961328125,11,31.68155288696289
0.9578125,12,31.685100078582764
0.9578125,12,31.688578844070435
0.96484375,10,31.6909818649292
0.940234375,17,31.695071935653687
0.95078125,14,31.698529958724976
0.9578125,12,31.701648950576782
0.95078125,14,31.704843044281006
0.9578125,12,31.707937002182007
0.961328125,11,31.71061396598816
0.95078125,14,31.71406888961792
-1,4,31.71514391899109
0.954296875,13,31.71844482421875
0.95078125,14,31.721767902374268
0.96484375,10,31.724225997924805
0.9578125,12,31.727050065994263
0.933203125,19,31.73177194595337
-1,1,31.73233985900879
0.954296875,13,31.73562502861023
0.9578125,12,31.73858094215393
0.926171875,21,31.743449926376343
0.96484375,10,31.745965719223022
0.94375,16,31.749554872512817
0.961328125,11,31.752335786819458
0.947265625,15,31.756011962890625
0.961328125,11,31.75888681411743
0.954296875,13,31.762285709381104
0.95078125,14,31.765602111816406
0.947265625,15,31.769316911697388
0.96484375,10,31.771873950958252
0.947265625,15,31.7760169506073
0.954296875,13,31.779298067092896
0.9578125,12,31.782156944274902
0.96484375,10,31.784554958343506
0.96484375,10,31.78694200515747
0.96484375,10,31.789209842681885
0.933203125,19,31.79417872428894
0.961328125,11,31.796746015548706
0.961328125,11,31.799614906311035
0.961328125,11,31.8024640083313
0.95078125,14,31.80589008331299
0.961328125,11,31.808472871780396
0.96484375,10,31.810885906219482
0.961328125,11,31.81366991996765
0.933203125,19,31.818065881729126
0.961328125,11,31.82079792022705
0.961328125,11,31.823473930358887
0.9296875,20,31.828373908996582
0.961328125,11,31.831424951553345
0.954296875,13,31.834417819976807
0.9578125,12,31.837352991104126
0.947265625,15,31.841161012649536
0.96484375,10,31.843339920043945
0.915625,24,31.84897780418396
0.9296875,20,31.853948831558228
0.9578125,12,31.8569757938385
0.95078125,14,31.860347986221313
-1,2,31.861007928848267
0.96484375,10,31.863399982452393
0.96484375,10,31.86608099937439
0.95078125,14,31.869472980499268
0.933203125,19,31.874075889587402
0.954296875,13,31.87769603729248
0.96484375,10,31.88016986846924
0.947265625,15,31.883678913116455
0.95078125,14,31.887605905532837
0.947265625,15,31.891180753707886
0.92265625,22,31.896759748458862
0.9578125,12,31.89982008934021
0.947265625,15,31.903133869171143
0.96484375,10,31.90549397468567
0.905078125,27,31.91233992576599
0.9578125,12,31.91515278816223
0.94375,16,31.91903281211853
0.96484375,10,31.92156481742859
0.96484375,10,31.924213886260986
0.954296875,13,31.92759609222412
-1,1,31.928054094314575
0.96484375,10,31.930498123168945
0.947265625,15,31.934133052825928
0.96484375,10,31.93665385246277
-1,2,31.937411785125732
-1,2,31.938087940216064
0.96484375,10,31.940496921539307
0.96484375,10,31.942896842956543
-1,1,31.943407773971558
0.96484375,10,31.945805072784424
0.954296875,13,31.948848962783813
0.954296875,13,31.951842784881592
0.961328125,11,31.954540014266968
0.96484375,10,31.95711374282837
0.96484375,10,31.959639072418213
-1,1,31.96015477180481
0.940234375,17,31.964228868484497
0.954296875,13,31.96727180480957
0.96484375,10,31.970252990722656
0.96484375,10,31.972590923309326
0.9578125,12,31.975502729415894
0.9578125,12,31.97831392288208
0.954296875,13,31.981632947921753
0.926171875,21,31.98677396774292
0.947265625,15,31.990851879119873
0.926171875,21,31.99551486968994
-1,3,31.996514081954956
0.961328125,11,31.999205827713013
0.96484375,10,32.00207495689392
0.93671875,18,32.00630593299866
0.954296875,13,32.00939583778381
0.961328125,11,32.012014865875244
0.96484375,10,32.01439905166626
0.95078125,14,32.0174458026886
0.96484375,10,32.019768714904785
0.95078125,14,32.023277759552
0.961328125,11,32.02611207962036
0.96484375,10,32.02844285964966
0.95078125,14,32.031601905822754
0.961328125,11,32.03428411483765
0.954296875,13,32.037317752838135
0.95078125,14,32.040496826171875
0.954296875,13,32.04348802566528
0.96484375,10,32.04649496078491
0.961328125,11,32.049280881881714
0.954296875,13,32.0525119304657
0.9578125,12,32.05553889274597
0.96484375,10,32.0578498840332
0.954296875,13,32.06073594093323
0.96484375,10,32.06312704086304
0.95078125,14,32.06658482551575
0.92265625,22,32.07122302055359
0.96484375,10,32.07357597351074
0.9578125,12,32.07682776451111
-1,17,32.08068299293518
0.95078125,14,32.08387088775635
0.96484375,10,32.086313009262085
0.947265625,15,32.0901141166687
0.954296875,13,32.093344926834106
0.9578125,12,32.09653091430664
0.94375,16,32.100581884384155
0.96484375,10,32.1028778553009
0.9578125,12,32.10612988471985
0.96484375,10,32.108684062957764
-1,1,32.10908579826355
0.961328125,11,32.11171293258667
0.96484375,10,32.114068031311035
0.9578125,12,32.11707901954651
0.96484375,10,32.11945700645447
0.95078125,14,32.12289476394653
0.954296875,13,32.12602400779724
0.940234375,17,32.13036894798279
0.96484375,10,32.13304591178894
0.94375,16,32.136898040771484
0.940234375,17,32.141082763671875
0.95078125,14,32.14473795890808
0.947265625,15,32.14872193336487
0.9296875,20,32.15358066558838
0.95078125,14,32.15704703330994
0.961328125,11,32.159733057022095
0.96484375,10,32.1620979309082
0.92265625,22,32.1676139831543
0.96484375,10,32.17005181312561
0.96484375,10,32.17248892784119
0.961328125,11,32.17503905296326
0.96484375,10,32.17748689651489
-1,4,32.178807735443115
0.96484375,10,32.18119788169861
0.9578125,12,32.183917760849
0.954296875,13,32.18715786933899
0.96484375,10,32.18978190422058
0.94375,16,32.19341492652893
0.96484375,10,32.19572567939758
0.9578125,12,32.198856830596924
0.9578125,12,32.201966762542725
0.95078125,14,32.20516085624695
0.954296875,13,32.20837998390198
0.961328125,11,32.21101689338684
0.96484375,10,32.21343374252319
0.95078125,14,32.21690392494202
0.954296875,13,32.22030687332153
0.96484375,10,32.22267389297485
0.9578125,12,32.22540807723999
0.961328125,11,32.22823190689087
0.954296875,13,32.231369972229004
0.954296875,13,32.23448872566223
0.96484375,10,32.23686599731445
0.947265625,15,32.241177797317505
0.95078125,14,32.24467468261719
0.9578125,12,32.24887776374817
-1,2,32.249555826187134
0.94375,16,32.25362300872803
0.947265625,15,32.257938861846924
0.96484375,10,32.261650800704956
0.9578125,12,32.26896691322327
0.9578125,12,32.27515172958374
0.961328125,11,32.282058000564575
0.94375,16,32.29017972946167
-1,5,32.293593883514404
0.96484375,10,32.29862403869629
0.9578125,12,32.30488085746765
0.961328125,11,32.30937600135803
0.96484375,10,32.31278681755066
0.96484375,10,32.31754493713379
0.9578125,12,32.322298765182495
0.96484375,10,32.3252649307251
0.9578125,12,32.328320026397705
0.96484375,10,32.33109998703003
0.961328125,11,32.33461570739746
0.954296875,13,32.338561058044434
0.961328125,11,32.3425018787384
0.961328125,11,32.3472797870636
0.96484375,10,32.352327823638916
0.96484375,10,32.35599684715271
0.96484375,10,32.35893893241882
0.954296875,13,32.36220192909241
0.96484375,10,32.36536502838135
0.940234375,17,32.37064504623413
0.95078125,14,32.374603033065796
0.96484375,10,32.377028942108154
0.9578125,12,32.380066871643066
0.9578125,12,32.38298583030701
0.961328125,11,32.386077880859375
0.92265625,22,32.39179491996765
0.961328125,11,32.394338846206665
0.96484375,10,32.39659595489502
0.94375,16,32.4007248878479
0.95078125,14,32.404253005981445
0.95078125,14,32.407641887664795
-1,11,32.4108989238739
0.95078125,14,32.41441106796265
0.961328125,11,32.4171359539032
0.96484375,10,32.419522762298584
0.940234375,17,32.42371988296509
0.95078125,14,32.427319049835205
0.96484375,10,32.43059778213501
0.9578125,12,32.43331980705261
0.954296875,13,32.43645691871643
0.96484375,10,32.4388689994812
0.9578125,12,32.44206476211548
0.9578125,12,32.44497585296631
0.95078125,14,32.44831371307373
0.961328125,11,32.45133900642395
0.96484375,10,32.4538779258728
0.9578125,12,32.456583976745605
0.9578125,12,32.4593768119812
0.947265625,15,32.46310091018677
0.961328125,11,32.46616077423096
0.96484375,10,32.469080686569214
0.947265625,15,32.4729118347168
0.9296875,20,32.47762989997864
0.9578125,12,32.48044180870056
0.954296875,13,32.48375487327576
0.95078125,14,32.487053871154785
0.954296875,13,32.49091410636902
0.947265625,15,32.49456477165222
0.9578125,12,32.49767303466797
0.95078125,14,32.50147986412048
0.94375,16,32.50525188446045
0.9578125,12,32.50816798210144
0.95078125,14,32.51148080825806
0.95078125,14,32.51552891731262
0.94375,16,32.51917290687561
0.933203125,19,32.523462772369385
0.94375,16,32.52754878997803
0.961328125,11,32.53027391433716
0.96484375,10,32.53262186050415
0.95078125,14,32.535786867141724
-1,3,32.5368709564209
0.919140625,23,32.54187893867493
0.95078125,14,32.545405864715576
-1,11,32.548643827438354
0.96484375,10,32.55121207237244
0.961328125,11,32.55398488044739
0.9578125,12,32.55754804611206
0.95078125,14,32.56086874008179
0.9578125,12,32.56403398513794
0.96484375,10,32.56718683242798
0.95078125,14,32.57058787345886
0.92265625,22,32.575610876083374
0.9578125,12,32.578611850738525
0.961328125,11,32.581188917160034
0.933203125,19,32.58612680435181
0.919140625,23,32.59178185462952
0.912109375,25,32.59846782684326
0.96484375,10,32.60096788406372
0.947265625,15,32.60442900657654
0.96484375,10,32.60676097869873
0.95078125,14,32.6100549697876
0.947265625,15,32.61376881599426
0.96484375,10,32.61644887924194
0.961328125,11,32.61917281150818
0.954296875,13,32.62208795547485
0.947265625,15,32.62569284439087
0.947265625,15,32.6292028427124
0.954296875,13,32.63222289085388
0.961328125,11,32.63506579399109
0.905078125,27,32.64201283454895
0.95078125,14,32.64510488510132
0.954296875,13,32.64849281311035
0.92265625,22,32.65433692932129
0.96484375,10,32.65761375427246
0.947265625,15,32.66092276573181
0.947265625,15,32.664361000061035
0.96484375,10,32.667083978652954
0.95078125,14,32.67066287994385
0.96484375,10,32.67369794845581
0.947265625,15,32.67747783660889
0.961328125,11,32.68080282211304
0.96484375,10,32.68359184265137
0.961328125,11,32.686436891555786
0.961328125,11,32.690218925476074
0.9578125,12,32.69312381744385
0.954296875,13,32.696879863739014
0.940234375,17,32.70280385017395
0.9578125,12,32.70590782165527
0.96484375,10,32.708460092544556
0.961328125,11,32.71172094345093
0.9578125,12,32.71516799926758
0.90859375,26,32.722179889678955
0.96484375,10,32.7246367931366
0.9578125,12,32.72754788398743
0.9578125,12,32.73153305053711
0.96484375,10,32.73407006263733
0.954296875,13,32.737706899642944
0.9578125,12,32.74047493934631
0.96484375,10,32.742815017700195
0.95078125,14,32.74614882469177
-1,5,32.747623920440674
0.961328125,11,32.75020790100098
0.94375,16,32.754125118255615
0.961328125,11,32.756994009017944
0.954296875,13,32.759997844696045
0.95078125,14,32.763696908950806
0.9578125,12,32.76693511009216
-1,4,32.76814889907837
0.933203125,19,32.77297282218933
0.95078125,14,32.77662897109985
0.96484375,10,32.779096841812134
0.961328125,11,32.78181791305542
0.95078125,14,32.78561305999756
0.961328125,11,32.78841590881348
0.947265625,15,32.79238200187683
0.96484375,10,32.794994831085205
0.96484375,10,32.79747796058655
0.961328125,11,32.800049781799316
0.9578125,12,32.80337691307068
0.933203125,19,32.80785584449768
0.919140625,23,32.814098834991455
0.954296875,13,32.817444801330566
0.94375,16,32.82140898704529
0.95078125,14,32.825254917144775
-1,1,32.825772762298584
-1,1,32.826159954071045
0.961328125,11,32.82888698577881
0.93671875,18,32.83301782608032
0.96484375,10,32.8354218006134
0.961328125,11,32.83824682235718
0.9578125,12,32.84124279022217
0.961328125,11,32.84418487548828
0.93671875,18,32.84860587120056
0.93671875,18,32.85291290283203
0.95078125,14,32.856130838394165
0.95078125,14,32.85960602760315
0.961328125,11,32.86222577095032
0.9578125,12,32.86543893814087
0.9578125,12,32.86913800239563
0.954296875,13,32.87230896949768
0.954296875,13,32.87563180923462
0.947265625,15,32.87919592857361
0.95078125,14,32.88275671005249
0.96484375,10,32.885292053222656
0.96484375,10,32.88771390914917
0.915625,24,32.893287897109985
0.954296875,13,32.8966908454895
0.961328125,11,32.899462938308716
0.95078125,14,32.90286374092102
0.961328125,11,32.90573191642761
0.940234375,17,32.90960884094238
0.961328125,11,32.91229581832886
0.9578125,12,32.915427923202515
0.933203125,19,32.920166969299316
0.9578125,12,32.92338299751282
0.961328125,11,32.92625188827515
0.947265625,15,32.93006110191345
0.90859375,26,32.936317920684814
0.9578125,12,32.939119815826416
0.9578125,12,32.942182779312134
0.940234375,17,32.946128845214844
0.96484375,10,32.948527812957764
0.919140625,23,32.95458674430847
0.961328125,11,32.95751190185547
0.961328125,11,32.960150957107544
0.9578125,12,32.96337103843689
0.961328125,11,32.96633696556091
0.954296875,13,32.96929097175598
0.9578125,12,32.97247791290283
0.95078125,14,32.97627091407776
0.95078125,14,32.97967791557312
0.926171875,21,32.98489189147949
0.96484375,10,32.98743295669556
0.96484375,10,32.99015712738037
0.9578125,12,32.99328589439392
0.95078125,14,32.996886014938354
0.947265625,15,33.001266956329346
0.940234375,17,33.005305767059326
0.95078125,14,33.00871181488037
0.954296875,13,33.012131690979004
0.9296875,20,33.01658391952515
0.947265625,15,33.020259857177734
0.96484375,10,33.02276086807251
0.9578125,12,33.02589178085327
0.95078125,14,33.029114961624146
0.933203125,19,33.033602714538574
0.961328125,11,33.0361909866333
0.95078125,14,33.03933382034302
0.95078125,14,33.0426607131958
0.947265625,15,33.046480894088745
0.96484375,10,33.048810958862305
0.96484375,10,33.051193714141846
0.9578125,12,33.05442786216736
0.940234375,17,33.05917692184448
0.95078125,14,33.06327772140503
0.9578125,12,33.06696081161499
0.961328125,11,33.069774866104126
0.96484375,10,33.072656869888306
0.961328125,11,33.07547688484192
0.961328125,11,33.07819080352783
0.947265625,15,33.08203387260437
0.96484375,10,33.08525896072388
0.9578125,12,33.0893349647522
0.926171875,21,33.09429574012756
0.961328125,11,33.097232818603516
-1,15,33.10140800476074
0.94375,16,33.10497999191284
0.96484375,10,33.107380867004395
0.94375,16,33.111254930496216
0.96484375,10,33.113569021224976
0.96484375,10,33.11712193489075
0.947265625,15,33.12087297439575
0.961328125,11,33.12359285354614
0.93671875,18,33.12821388244629
0.926171875,21,33.13367676734924
0.96484375,10,33.13606595993042
0.9578125,12,33.139044761657715
0.954296875,13,33.142138957977295
0.9578125,12,33.144959926605225
0.9578125,12,33.147854804992676
0.9296875,20,33.152843952178955
0.96484375,10,33.155855894088745
-1,1,33.15642285346985
0.96484375,10,33.15912890434265
0.947265625,15,33.162829875946045
0.9578125,12,33.165761947631836
0.96484375,10,33.16871404647827
0.9578125,12,33.171791791915894
0.93671875,18,33.17601299285889
0.95078125,14,33.179651737213135
0.9578125,12,33.18308401107788
0.94375,16,33.18704104423523
0.9578125,12,33.19031095504761
0.96484375,10,33.192869901657104
0.94375,16,33.196820974349976
0.95078125,14,33.200631856918335
0.9578125,12,33.203765869140625
0.9578125,12,33.207072019577026
0.96484375,10,33.20954895019531
0.96484375,10,33.211917877197266
0.9578125,12,33.2151517868042
0.96484375,10,33.218201875686646
0.926171875,21,33.22303891181946
0.961328125,11,33.225613832473755
0.96484375,10,33.22827076911926
0.961328125,11,33.23173785209656
0.961328125,11,33.23496699333191
0.954296875,13,33.238093852996826
0.9578125,12,33.241405963897705
0.947265625,15,33.24514198303223
0.961328125,11,33.24785590171814
0.954296875,13,33.251118898391724
0.940234375,17,33.25519895553589
0.95078125,14,33.25880289077759
0.961328125,11,33.26186394691467
0.96484375,10,33.26429796218872
0.947265625,15,33.267874002456665
0.96484375,10,33.270307779312134
0.96484375,10,33.27270770072937
0.961328125,11,33.2754807472229
0.96484375,10,33.277862787246704
0.95078125,14,33.28129696846008
0.940234375,17,33.285557985305786
0.93671875,18,33.2903790473938
0.9578125,12,33.293412923812866
0.947265625,15,33.29722595214844
0.961328125,11,33.300113916397095
0.9578125,12,33.303263902664185
0.961328125,11,33.30591678619385
0.96484375,10,33.308554887771606
0.96484375,10,33.31090688705444
0.9578125,12,33.31488108634949
0.96484375,10,33.317582845687866
-1,1,33.31813669204712
0.9578125,12,33.322176933288574
0.933203125,19,33.32739996910095
0.9578125,12,33.330522775650024
0.9578125,12,33.33390998840332
0.96484375,10,33.33690905570984
0.96484375,10,33.340046882629395
0.954296875,13,33.34371089935303
0.96484375,10,33.34610295295715
0.93671875,18,33.35075092315674
0.961328125,11,33.354065895080566
0.933203125,19,33.35887289047241
0.95078125,14,33.362443923950195
0.93671875,18,33.367491722106934
0.96484375,10,33.370343923568726
0.961328125,11,33.37353181838989
0.961328125,11,33.37627291679382
0.961328125,11,33.3788788318634
0.96484375,10,33.381730794906616
0.9578125,12,33.384729862213135
0.947265625,15,33.389230728149414
0.9578125,12,33.392114877700806
0.9296875,20,33.39741587638855
0.919140625,23,33.40284276008606
0.92265625,22,33.40913987159729
0.961328125,11,33.412280797958374
-1,12,33.41589570045471
0.9578125,12,33.419265031814575
0.96484375,10,33.42206001281738
0.96484375,10,33.424362897872925
0.95078125,14,33.42769694328308
0.940234375,17,33.432663679122925
0.96484375,10,33.43547987937927
0.9578125,12,33.43891191482544
0.95078125,14,33.44248604774475
0.94375,16,33.44700479507446
0.947265625,15,33.451570987701416
0.9578125,12,33.45469689369202
0.9578125,12,33.457517862319946
0.94375,16,33.46212410926819
0.96484375,10,33.46481108665466
0.961328125,11,33.46747088432312
0.96484375,10,33.47064781188965
0.9578125,12,33.47391700744629
0.96484375,10,33.476380825042725
0.96484375,10,33.47916078567505
0.961328125,11,33.482096910476685
0.933203125,19,33.48695993423462
-1,16,33.491535902023315
0.9578125,12,33.49439287185669
0.954296875,13,33.497806787490845
0.933203125,19,33.502532720565796
0.947265625,15,33.506184816360474
0.96484375,10,33.508787870407104
0.96484375,10,33.51118803024292
-1,1,33.511581897735596
0.954296875,13,33.51500391960144
0.96484375,10,33.51770091056824
0.898046875,29,33.5254647731781
0.954296875,13,33.52844786643982
0.961328125,11,33.53116273880005
0.961328125,11,33.5338659286499
0.95078125,14,33.5377779006958
0.961328125,11,33.540355920791626
0.95078125,14,33.54377794265747
0.96484375,10,33.54633688926697
-1,1,33.547085762023926
0.95078125,14,33.550209045410156
0.961328125,11,33.553149938583374
0.9578125,12,33.55639600753784
0.95078125,14,33.56300592422485
0.961328125,11,33.57119393348694
0.96484375,10,33.57485890388489
0.95078125,14,33.57821989059448
0.954296875,13,33.587347984313965
0.961328125,11,33.59405493736267
0.947265625,15,33.606491804122925
0.94375,16,33.61150074005127
0.9578125,12,33.61549186706543
0.961328125,11,33.618783950805664
0.954296875,13,33.621954679489136
0.9578125,12,33.62498593330383
0.961328125,11,33.628138065338135
0.954296875,13,33.63256788253784
0.94375,16,33.63625693321228
-1,2,33.63690400123596
0.9578125,12,33.64009094238281
0.947265625,15,33.645951986312866
0.96484375,10,33.6507089138031
0.954296875,13,33.66145300865173
0.9578125,12,33.67308592796326
0.9578125,12,33.67687201499939
0.961328125,11,33.6795539855957
0.926171875,21,33.686097860336304
0.961328125,11,33.68926000595093
0.940234375,17,33.693933725357056
0.95078125,14,33.69847083091736
0.961328125,11,33.7023708820343
0.947265625,15,33.70856785774231
0.961328125,11,33.71438384056091
0.94375,16,33.720518827438354
0.9578125,12,33.72517490386963
0.9578125,12,33.72939705848694
0.954296875,13,33.732818841934204
0.96484375,10,33.73591685295105
0.961328125,11,33.7397198677063
0.926171875,21,33.746700048446655
0.9578125,12,33.75247001647949
0.93671875,18,33.759647846221924
0.96484375,10,33.76375770568848
0.96484375,10,33.76682186126709
0.95078125,14,33.7712299823761
0.954296875,13,33.77462887763977
0.95078125,14,33.77784609794617
0.9578125,12,33.78480005264282
-1,11,33.79100275039673
0.961328125,11,33.796159982681274
0.9578125,12,33.80166506767273
0.9578125,12,33.808154821395874
0.9578125,12,33.81600999832153
0.96484375,10,33.824211835861206
0.9578125,12,33.82698392868042
0.954296875,13,33.83111882209778
0.961328125,11,33.83613181114197
0.954296875,13,33.84032201766968
0.96484375,10,33.84299898147583
0.961328125,11,33.845709800720215
0.961328125,11,33.85776209831238
0.954296875,13,33.861549854278564
0.96484375,10,33.865232944488525
0.96484375,10,33.868865966796875
0.96484375,10,33.874982833862305
0.96484375,10,33.87925887107849
0.9578125,12,33.8827919960022
0.95078125,14,33.88727784156799
0.96484375,10,33.89134478569031
0.96484375,10,33.89428782463074
0.954296875,13,33.89946794509888
0.96484375,10,33.90434980392456
0.96484375,10,33.909915924072266
0.905078125,27,33.92329692840576
0.9578125,12,33.928666830062866
0.954296875,13,33.93395471572876
0.95078125,14,33.93855166435242
0.96484375,10,33.94102668762207
0.947265625,15,33.9448127746582
0.9296875,20,33.95010590553284
0.96484375,10,33.952418088912964
0.9578125,12,33.95531177520752
0.940234375,17,33.95910882949829
0.95078125,14,33.962533950805664
0.954296875,13,33.96559476852417
0.96484375,10,33.96788787841797
0.954296875,13,33.97114586830139
0.940234375,17,33.975154876708984
0.954296875,13,33.978293895721436
0.96484375,10,33.980825901031494
0.954296875,13,33.98488402366638
0.96484375,10,33.9876549243927
0.96484375,10,33.99014091491699
0.96484375,10,33.99252676963806
0.940234375,17,33.99734091758728
0.961328125,11,34.000412940979004
0.954296875,13,34.003769874572754
0.961328125,11,34.006701707839966
0.96484375,10,34.0093560218811
0.961328125,11,34.011995792388916
0.954296875,13,34.01505208015442
0.954296875,13,34.01851177215576
0.961328125,11,34.023041009902954
0.96484375,10,34.02583193778992
0.961328125,11,34.02917790412903
0.954296875,13,34.03332996368408
0.9578125,12,34.03710174560547
0.9578125,12,34.04019570350647
0.9578125,12,34.04389500617981
0.9578125,12,34.047091007232666
0.96484375,10,34.04985690116882
0.96484375,10,34.05264592170715
0.9296875,20,34.057188749313354
0.926171875,21,34.06177997589111
0.94375,16,34.065592765808105
0.961328125,11,34.068729877471924
0.93671875,18,34.07313108444214
-1,1,34.07372784614563
0.940234375,17,34.07812571525574
0.95078125,14,34.08173584938049
0.961328125,11,34.08456587791443
0.947265625,15,34.08837294578552
0.93671875,18,34.09379482269287
0.947265625,15,34.099283933639526
0.92265625,22,34.10621786117554
0.94375,16,34.1100800037384
0.940234375,17,34.11488580703735
0.96484375,10,34.11748671531677
0.947265625,15,34.121641874313354
0.926171875,21,34.1263370513916
0.954296875,13,34.129809856414795
0.961328125,11,34.13263392448425
0.95078125,14,34.13658690452576
0.954296875,13,34.139633893966675
0.947265625,15,34.143332719802856
0.93671875,18,34.15119791030884
0.954296875,13,34.158387899398804
-1,2,34.16056299209595
0.96484375,10,34.165690898895264
0.96484375,10,34.16887879371643
0.9578125,12,34.17364287376404
0.93671875,18,34.17979598045349
0.954296875,13,34.18954801559448
0.93671875,18,34.200549840927124
0.954296875,13,34.210853815078735
0.95078125,14,34.21896195411682
-1,2,34.22369384765625
0.96484375,10,34.23069787025452
0.95078125,14,34.23646378517151
0.961328125,11,34.24003887176514
0.9578125,12,34.24560475349426
0.96484375,10,34.24949502944946
0.95078125,14,34.276551961898804
0.96484375,10,34.29271388053894
0.9578125,12,34.3096969127655
-1,1,34.310457706451416
0.93671875,18,34.32634973526001
0.961328125,11,34.32875394821167
0.9578125,12,34.34119391441345
0.94375,16,34.34479379653931
0.954296875,13,34.349406003952026
0.96484375,10,34.354252099990845
0.961328125,11,34.35983371734619
0.947265625,15,34.363889932632446
0.9578125,12,34.36742687225342
0.961328125,11,34.37031388282776
0.9578125,12,34.37448501586914
0.96484375,10,34.37685680389404
0.961328125,11,34.37939476966858
0.9578125,12,34.38475275039673
0.954296875,13,34.39166593551636
0.9015625,28,34.40137076377869
-1,16,34.404836893081665
0.947265625,15,34.40927171707153
0.9578125,12,34.41270184516907
0.93671875,18,34.41860795021057
0.9578125,12,34.423168897628784
0.947265625,15,34.42668700218201
0.96484375,10,34.42933392524719
0.96484375,10,34.43233799934387
-1,9,34.4347038269043
0.94375,16,34.44011187553406
0.954296875,13,34.443140745162964
0.961328125,11,34.44572377204895
0.96484375,10,34.44903588294983
0.94375,16,34.45295476913452
0.961328125,11,34.457592725753784
0.96484375,10,34.45994806289673
0.9578125,12,34.462886810302734
0.96484375,10,34.46563410758972
0.96484375,10,34.468379974365234
0.947265625,15,34.47244596481323
0.95078125,14,34.475780725479126
0.961328125,11,34.47888493537903
0.961328125,11,34.48245096206665
0.954296875,13,34.48584985733032
0.961328125,11,34.48857593536377
0.9578125,12,34.491432905197144
0.947265625,15,34.495128870010376
0.96484375,10,34.49761986732483
0.961328125,11,34.50029993057251
0.96484375,10,34.5026969909668
0.95078125,14,34.50585985183716
0.926171875,21,34.51117396354675
0.94375,16,34.51496696472168
0.961328125,11,34.51898694038391
0.9578125,12,34.52468299865723
0.9296875,20,34.529244899749756
0.96484375,10,34.531643867492676
0.961328125,11,34.53439474105835
0.933203125,19,34.53887891769409
0.95078125,14,34.5423378944397
0.933203125,19,34.54682493209839
0.9578125,12,34.549784898757935
0.96484375,10,34.55198383331299
0.954296875,13,34.555126905441284
0.961328125,11,34.557896852493286
0.95078125,14,34.56151485443115
0.940234375,17,34.565550804138184
0.915625,24,34.57172679901123
0.9578125,12,34.57493495941162
0.95078125,14,34.57846689224243
0.961328125,11,34.581169843673706
0.961328125,11,34.58405876159668
0.95078125,14,34.587514877319336
0.96484375,10,34.589730739593506
0.96484375,10,34.59214496612549
0.9578125,12,34.59532070159912
0.954296875,13,34.59830284118652
0.961328125,11,34.60087180137634
0.93671875,18,34.605185985565186
0.947265625,15,34.609015703201294
0.94375,16,34.61278176307678
0.947265625,15,34.61647176742554
0.933203125,19,34.621134757995605
0.954296875,13,34.624812841415405
0.96484375,10,34.62727403640747
0.947265625,15,34.631152868270874
0.93671875,18,34.6353600025177
0.9578125,12,34.63827991485596
0.92265625,22,34.64365005493164
0.9578125,12,34.646641969680786
0.9578125,12,34.64945387840271
0.947265625,15,34.65298676490784
0.961328125,11,34.65597486495972
0.947265625,15,34.65946292877197
0.9578125,12,34.66235685348511
0.96484375,10,34.66486406326294
0.96484375,10,34.66727876663208
0.94375,16,34.67116069793701
0.96484375,10,34.67379570007324
0.93671875,18,34.678487062454224
0.96484375,10,34.68096208572388
0.96484375,10,34.68344497680664
0.961328125,11,34.686492919921875
0.961328125,11,34.68905806541443
0.961328125,11,34.69184994697571
0.961328125,11,34.694342851638794
0.954296875,13,34.69776201248169
-1,3,34.698662757873535
0.94375,16,34.70269703865051
0.954296875,13,34.70607590675354
-1,2,34.7067608833313
0.96484375,10,34.70947194099426
-1,2,34.71032691001892
0.96484375,10,34.712589740753174
0.95078125,14,34.7157928943634
0.9578125,12,34.718798875808716
0.94375,16,34.722919940948486
0.947265625,15,34.726746797561646
0.961328125,11,34.72961902618408
0.9578125,12,34.732414960861206
0.940234375,17,34.736361026763916
-1,8,34.73838686943054
0.947265625,15,34.74203181266785
0.95078125,14,34.74518871307373
0.947265625,15,34.74903607368469
0.96484375,10,34.751630783081055
0.9578125,12,34.75462198257446
0.95078125,14,34.758131980895996
0.96484375,10,34.76063799858093
0.96484375,10,34.763001918792725
0.954296875,13,34.76622176170349
0.954296875,13,34.76897478103638
0.954296875,13,34.77214694023132
0.96484375,10,34.77453804016113
0.961328125,11,34.77728891372681
-1,3,34.77849793434143
0.961328125,11,34.781070709228516
0.96484375,10,34.783336877822876
0.961328125,11,34.78589582443237
0.9578125,12,34.788975954055786
0.96484375,10,34.791542053222656
0.96484375,10,34.793763875961304
0.9578125,12,34.796740770339966
-1,6,34.79870891571045
0.940234375,17,34.80308794975281
0.961328125,11,34.80567979812622
0.9578125,12,34.80870294570923
0.96484375,10,34.81113600730896
0.926171875,21,34.81608295440674
0.96484375,10,34.818668842315674
0.9578125,12,34.82172989845276
0.96484375,10,34.82407188415527
0.96484375,10,34.82647395133972
0.954296875,13,34.82947301864624
0.9578125,12,34.832414865493774
0.947265625,15,34.8361029624939
0.933203125,19,34.840635776519775
-1,12,34.84380793571472
0.96484375,10,34.84614610671997
0.96484375,10,34.848543882369995
-1,5,34.850066900253296
0.96484375,10,34.852386713027954
0.961328125,11,34.85511493682861
0.940234375,17,34.85985589027405
0.961328125,11,34.86257004737854
0.947265625,15,34.86596894264221
0.926171875,21,34.87153887748718
0.96484375,10,34.87388586997986
0.96484375,10,34.87633204460144
0.95078125,14,34.88001489639282
0.96484375,10,34.88253903388977
0.96484375,10,34.884968996047974
0.96484375,10,34.88735270500183
0.961328125,11,34.88995885848999
0.9578125,12,34.89319086074829
0.947265625,15,34.89697885513306
0.96484375,10,34.89940094947815
0.947265625,15,34.902848958969116
0.919140625,23,34.908103942871094
0.947265625,15,34.91192698478699
0.96484375,10,34.91435480117798
0.92265625,22,34.92025971412659
0.9578125,12,34.92338585853577
0.9578125,12,34.92630982398987
0.961328125,11,34.929044008255005
0.9578125,12,34.93205785751343
0.96484375,10,34.934459924697876
0.947265625,15,34.93843102455139
0.947265625,15,34.941962003707886
0.9578125,12,34.94496989250183
0.961328125,11,34.9476318359375
0.93671875,18,34.95187997817993
0.947265625,15,34.95560383796692
-1,9,34.95775008201599
0.96484375,10,34.96001100540161
0.96484375,10,34.9623818397522
0.9578125,12,34.96543002128601
0.947265625,15,34.96876788139343
0.940234375,17,34.97271490097046
0.954296875,13,34.97607088088989
0.96484375,10,34.97842884063721
0.95078125,14,34.981608867645264
0.954296875,13,34.984981060028076
0.96484375,10,34.98744082450867
0.940234375,17,34.99140787124634
0.95078125,14,34.995529890060425
-1,10,34.998514890670776
0.96484375,10,35.00119686126709
-1,5,35.00291681289673
0.96484375,10,35.00558280944824
0.95078125,14,35.00909900665283
0.919140625,23,35.01538681983948
0.93671875,18,35.020153760910034
0.961328125,11,35.02665400505066
0.96484375,10,35.029824018478394
0.954296875,13,35.03386378288269
0.9578125,12,35.03705191612244
0.96484375,10,35.03931188583374
0.961328125,11,35.04231405258179
0.96484375,10,35.044922828674316
0.96484375,10,35.048129081726074
0.95078125,14,35.05187392234802
0.947265625,15,35.05553388595581
0.90859375,26,35.062519788742065
0.961328125,11,35.06600093841553
0.96484375,10,35.06922173500061
0.96484375,10,35.071619749069214
0.9578125,12,35.07469701766968
0.9578125,12,35.07754874229431
0.96484375,10,35.0802698135376
0.954296875,13,35.08467102050781
0.961328125,11,35.087663888931274
0.95078125,14,35.09241604804993
0.9578125,12,35.09547805786133
0.96484375,10,35.09879183769226
0.95078125,14,35.102587938308716
0.926171875,21,35.10774087905884
0.96484375,10,35.11058688163757
0.96484375,10,35.113380908966064
0.926171875,21,35.1204149723053
0.9578125,12,35.12407302856445
0.947265625,15,35.12809872627258
0.93671875,18,35.13376474380493
0.96484375,10,35.136178970336914
0.96484375,10,35.138805866241455
0.954296875,13,35.141921043395996
-1,21,35.14710974693298
0.96484375,10,35.14968705177307
0.9578125,12,35.15259075164795
0.9578125,12,35.155274868011475
0.961328125,11,35.157739877700806
0.961328125,11,35.16075396537781
0.96484375,10,35.163180112838745
0.96484375,10,35.16558289527893
0.947265625,15,35.1690890789032
0.9578125,12,35.17192506790161
0.95078125,14,35.17543077468872
0.961328125,11,35.178045988082886
0.96484375,10,35.180603981018066
0.961328125,11,35.1833930015564
0.954296875,13,35.18681597709656
0.93671875,18,35.19127869606018
0.96484375,10,35.19362187385559
0.96484375,10,35.196316957473755
0.954296875,13,35.1995267868042
0.9296875,20,35.20397996902466
0.96484375,10,35.206533908843994
0.954296875,13,35.20989179611206
0.94375,16,35.21347999572754
0.94375,16,35.21750783920288
0.954296875,13,35.22086191177368
0.961328125,11,35.22358298301697
0.947265625,15,35.227330684661865
0.961328125,11,35.23025107383728
0.96484375,10,35.23293089866638
0.92265625,22,35.23811101913452
0.961328125,11,35.24075984954834
0.96484375,10,35.24329876899719
0.96484375,10,35.245697021484375
0.940234375,17,35.24974274635315
0.95078125,14,35.253283739089966
0.95078125,14,35.25670385360718
-1,11,35.25966691970825
0.954296875,13,35.26326084136963
0.96484375,10,35.26640486717224
0.9578125,12,35.26936197280884
0.94375,16,35.27322196960449
0.95078125,14,35.27661991119385
0.961328125,11,35.27983474731445
0.89453125,30,35.28765797615051
0.95078125,14,35.29150891304016
0.961328125,11,35.29407596588135
0.9578125,12,35.29692888259888
-1,1,35.297422885894775
0.9296875,20,35.30275893211365
0.94375,16,35.306660890579224
0.954296875,13,35.309807777404785
0.933203125,19,35.314465045928955
0.9578125,12,35.31765294075012
0.96484375,10,35.319981813430786
0.961328125,11,35.32262873649597
0.940234375,17,35.32672691345215
0.96484375,10,35.32903695106506
0.9296875,20,35.3341338634491
0.954296875,13,35.33732986450195
0.89453125,30,35.344536781311035
0.94375,16,35.34878897666931
0.954296875,13,35.35185384750366
0.947265625,15,35.35544991493225
0.94375,16,35.35923194885254
0.9578125,12,35.3621768951416
0.947265625,15,35.36569809913635
0.9578125,12,35.368855714797974
0.96484375,10,35.3713219165802
0.96484375,10,35.373822927474976
0.947265625,15,35.37765574455261
0.93671875,18,35.381834983825684
0.919140625,23,35.38724875450134
0.954296875,13,35.39028882980347
0.95078125,14,35.393765926361084
0.933203125,19,35.39830780029297
0.961328125,11,35.400967836380005
0.9578125,12,35.40406084060669
0.95078125,14,35.40745806694031
0.961328125,11,35.410114765167236
0.961328125,11,35.4127938747406
0.961328125,11,35.41580295562744
0.947265625,15,35.419259786605835
0.9578125,12,35.42236804962158
0.961328125,11,35.42530584335327
0.961328125,11,35.42795968055725
0.940234375,17,35.43202209472656
0.940234375,17,35.436004877090454
0.9578125,12,35.438960790634155
0.9578125,12,35.44178485870361
-1,7,35.44376182556152
0.95078125,14,35.44705581665039
0.940234375,17,35.452717781066895
0.954296875,13,35.456005811691284
0.954296875,13,35.45968198776245
0.961328125,11,35.46446490287781
0.95078125,14,35.4699547290802
0.940234375,17,35.47463393211365
0.961328125,11,35.47734880447388
-1,1,35.477887868881226
0.96484375,10,35.480501890182495
0.95078125,14,35.4850218296051
0.961328125,11,35.48893904685974
0.96484375,10,35.49208879470825
0.9578125,12,35.49706792831421
0.9578125,12,35.50122880935669
0.940234375,17,35.5055878162384
0.954296875,13,35.509241819381714
0.933203125,19,35.5141167640686
0.961328125,11,35.51700305938721
0.96484375,10,35.522176027297974
0.96484375,10,35.52727198600769
0.954296875,13,35.53480076789856
-1,2,35.53643274307251
0.96484375,10,35.54086184501648
0.961328125,11,35.54382681846619
0.954296875,13,35.54690098762512
0.9578125,12,35.5509250164032
0.954296875,13,35.55449390411377
-1,2,35.55556392669678
0.961328125,11,35.56038284301758
0.954296875,13,35.564008951187134
0.961328125,11,35.567391872406006
0.9578125,12,35.57209086418152
0.96484375,10,35.57608604431152
0.9578125,12,35.581175088882446
0.93671875,18,35.58650493621826
0.940234375,17,35.59017992019653
0.9578125,12,35.59412097930908
0.96484375,10,35.597440004348755
0.954296875,13,35.602957010269165
0.947265625,15,35.607643842697144
0.961328125,11,35.61106204986572
0.93671875,18,35.61890482902527
0.94375,16,35.62269067764282
0.961328125,11,35.625316858291626
0.9578125,12,35.62823987007141
0.940234375,17,35.63252091407776
0.9578125,12,35.63821291923523
0.947265625,15,35.64407181739807
0.926171875,21,35.65185880661011
0.954296875,13,35.65641188621521
0.9578125,12,35.65990877151489
0.961328125,11,35.66453194618225
0.96484375,10,35.66714286804199
0.96484375,10,35.67035889625549
0.954296875,13,35.67355704307556
0.9578125,12,35.67692494392395
0.9578125,12,35.67985677719116
0.961328125,11,35.68304371833801
0.940234375,17,35.687989950180054
0.954296875,13,35.691141843795776
0.9578125,12,35.69442677497864
0.947265625,15,35.69916296005249
-1,10,35.70187282562256
0.95078125,14,35.70507287979126
0.96484375,10,35.70747900009155
0.9578125,12,35.71094989776611
0.96484375,10,35.71360373497009
0.94375,16,35.71770906448364
0.96484375,10,35.72007393836975
0.961328125,11,35.72344493865967
0.9578125,12,35.72633695602417
0.933203125,19,35.73101592063904
0.95078125,14,35.7343327999115
0.96484375,10,35.73728275299072
0.93671875,18,35.74228501319885
0.96484375,10,35.74472188949585
0.961328125,11,35.74775671958923
0.96484375,10,35.750113010406494
-1,12,35.75481081008911
0.9578125,12,35.75756788253784
0.95078125,14,35.76163291931152
0.954296875,13,35.76498198509216
0.9578125,12,35.76824975013733
0.96484375,10,35.771068811416626
0.961328125,11,35.7742657661438
0.94375,16,35.77847671508789
0.961328125,11,35.78150200843811
0.96484375,10,35.78493070602417
0.96484375,10,35.78780174255371
0.9578125,12,35.79134011268616
0.9296875,20,35.79677081108093
0.961328125,11,35.79935693740845
0.954296875,13,35.80281710624695
0.9578125,12,35.806012868881226
0.947265625,15,35.81021690368652
0.954296875,13,35.81371283531189
0.940234375,17,35.817986726760864
0.954296875,13,35.82134199142456
0.954296875,13,35.824689865112305
0.961328125,11,35.827672719955444
0.96484375,10,35.83062982559204
0.947265625,15,35.834486961364746
0.954296875,13,35.83843994140625
0.9296875,20,35.844016790390015
0.96484375,10,35.846421003341675
0.96484375,10,35.84949088096619
0.93671875,18,35.85404086112976
0.940234375,17,35.858633041381836
0.961328125,11,35.86114692687988
0.96484375,10,35.86399698257446
0.96484375,10,35.86655783653259
0.919140625,23,35.873809814453125
0.947265625,15,35.877171993255615
-1,1,35.87765884399414
0.961328125,11,35.88096880912781
0.961328125,11,35.883981704711914
0.96484375,10,35.88640475273132
0.940234375,17,35.89061975479126
0.96484375,10,35.8931987285614
0.95078125,14,35.89641094207764
0.9578125,12,35.899487018585205
0.961328125,11,35.90245985984802
0.9578125,12,35.905410051345825
0.93671875,18,35.910252809524536
0.9578125,12,35.913447856903076
0.96484375,10,35.91585898399353
0.96484375,10,35.91819500923157
0.940234375,17,35.922300815582275
0.954296875,13,35.92528486251831
0.961328125,11,35.92787790298462
0.961328125,11,35.930797815322876
0.94375,16,35.934849977493286
0.961328125,11,35.93765997886658
0.94375,16,35.941417932510376
0.947265625,15,35.945164918899536
0.93671875,18,35.94965672492981
0.961328125,11,35.95271611213684
0.9578125,12,35.95602488517761
0.95078125,14,35.95999598503113
0.9578125,12,35.962960958480835
0.9578125,12,35.96588182449341
0.93671875,18,35.970223903656006
0.96484375,10,35.972683906555176
0.954296875,13,35.97589182853699
0.9578125,12,35.97957396507263
0.961328125,11,35.982346057891846
0.96484375,10,35.98468089103699
0.94375,16,35.98829889297485
0.947265625,15,35.991841077804565
0.96484375,10,35.994168758392334
0.96484375,10,35.99648880958557
0.954296875,13,35.999500036239624
0.940234375,17,36.003888845443726
0.940234375,17,36.008102893829346
0.954296875,13,36.01131081581116
0.96484375,10,36.01401972770691
0.96484375,10,36.016443967819214
0.961328125,11,36.01921486854553
0.961328125,11,36.0220947265625
0.954296875,13,36.02507185935974
-1,8,36.02721881866455
0.94375,16,36.031293869018555
0.954296875,13,36.03447675704956
0.947265625,15,36.038020849227905
0.93671875,18,36.0423800945282
0.9578125,12,36.045583724975586
0.954296875,13,36.04899191856384
0.940234375,17,36.053354024887085
0.961328125,11,36.05588674545288
0.96484375,10,36.058079957962036
0.912109375,25,36.06409978866577
0.96484375,10,36.066571950912476
0.954296875,13,36.06967496871948
-1,1,36.07011580467224
0.933203125,19,36.07486009597778
0.96484375,10,36.07727789878845
0.96484375,10,36.079492807388306
0.96484375,10,36.08224582672119
0.9578125,12,36.08530783653259
0.95078125,14,36.089104890823364
0.96484375,10,36.09230995178223
0.961328125,11,36.09588885307312
0.95078125,14,36.099610805511475
0.947265625,15,36.10437202453613
-1,1,36.10544800758362
0.94375,16,36.10997295379639
0.961328125,11,36.113353967666626
0.96484375,10,36.11833381652832
0.96484375,10,36.12299585342407
0.96484375,10,36.12624478340149
0.926171875,21,36.13191294670105
0.947265625,15,36.13691973686218
0.9578125,12,36.14045286178589
0.961328125,11,36.144919872283936
0.954296875,13,36.15057373046875
0.94375,16,36.160290002822876
0.93671875,18,36.1653618812561
-1,1,36.16593265533447
0.961328125,11,36.16875386238098
0.954296875,13,36.17339587211609
0.933203125,19,36.17894768714905
0.96484375,10,36.18134593963623
0.9578125,12,36.184260845184326
0.96484375,10,36.186635971069336
0.96484375,10,36.189488887786865
0.947265625,15,36.19270873069763
-1,4,36.194668769836426
0.95078125,14,36.19856286048889
0.96484375,10,36.200955867767334
0.96484375,10,36.203373670578
0.96484375,10,36.205713987350464
0.9578125,12,36.210015058517456
0.961328125,11,36.21285676956177
0.96484375,10,36.21558499336243
0.96484375,10,36.21872591972351
0.9578125,12,36.2223858833313
0.961328125,11,36.225900650024414
0.96484375,10,36.22863268852234
0.9578125,12,36.231853723526
0.940234375,17,36.2371346950531
-1,1,36.237616777420044
0.940234375,17,36.24217391014099
0.9578125,12,36.247803926467896
0.96484375,10,36.250425815582275
0.954296875,13,36.2544047832489
0.9578125,12,36.25803589820862
0.94375,16,36.26353573799133
-1,3,36.264673948287964
0.9578125,12,36.26791596412659
0.961328125,11,36.275314807891846
0.95078125,14,36.28280591964722
0.947265625,15,36.29180073738098
0.95078125,14,36.297322034835815
0.954296875,13,36.30187702178955
0.94375,16,36.30620074272156
0.9578125,12,36.30925273895264
0.961328125,11,36.31301188468933
0.96484375,10,36.31647801399231
0.95078125,14,36.32089185714722
0.9578125,12,36.32446002960205
0.95078125,14,36.32905387878418
0.94375,16,36.33539891242981
0.95078125,14,36.33926486968994
0.93671875,18,36.3462028503418
0.96484375,10,36.358989000320435
0.905078125,27,36.372251987457275
0.9296875,20,36.38324785232544
0.95078125,14,36.39036798477173
0.9578125,12,36.39520287513733
0.93671875,18,36.40284490585327
0.95078125,14,36.40684700012207
0.9578125,12,36.40968871116638
0.9578125,12,36.412561893463135
0.95078125,14,36.416953802108765
0.96484375,10,36.42084884643555
0.96484375,10,36.42358875274658
0.947265625,15,36.42770576477051
0.96484375,10,36.430113077163696
0.961328125,11,36.433183908462524
0.9578125,12,36.436163902282715
-1,2,36.437320947647095
0.96484375,10,36.43970084190369
0.947265625,15,36.4438579082489
0.9578125,12,36.44797992706299
0.96484375,10,36.450737953186035
0.947265625,15,36.454606771469116
0.919140625,23,36.46265697479248
0.9578125,12,36.46810603141785
0.954296875,13,36.4720938205719
0.926171875,21,36.47748589515686
0.96484375,10,36.4814658164978
0.96484375,10,36.485071897506714
0.961328125,11,36.48904776573181
0.94375,16,36.493314027786255
0.940234375,17,36.498899936676025
0.9578125,12,36.50273108482361
0.96484375,10,36.50645303726196
0.947265625,15,36.51094889640808
0.94375,16,36.51627588272095
0.96484375,10,36.5191388130188
0.96484375,10,36.52168393135071
0.9578125,12,36.524755001068115
0.961328125,11,36.52812910079956
0.961328125,11,36.532134771347046
0.94375,16,36.53855490684509
0.954296875,13,36.54183387756348
0.9578125,12,36.545275926589966
0.9578125,12,36.55147194862366
0.95078125,14,36.55524301528931
-1,3,36.55659294128418
0.96484375,10,36.561219692230225
0.9578125,12,36.56692290306091
0.94375,16,36.57115387916565
0.961328125,11,36.57424473762512
-1,2,36.57487893104553
0.947265625,15,36.57928705215454
0.947265625,15,36.58464694023132
0.9578125,12,36.58867573738098
0.9578125,12,36.593140840530396
0.96484375,10,36.59757375717163
0.96484375,10,36.60177779197693
0.96484375,10,36.6052827835083
0.96484375,10,36.608826875686646
0.96484375,10,36.611774921417236
0.9578125,12,36.61600089073181
0.9296875,20,36.6216778755188
0.96484375,10,36.62463903427124
0.954296875,13,36.628628969192505
0.961328125,11,36.63334679603577
0.95078125,14,36.63851070404053
0.954296875,13,36.6424777507782
0.94375,16,36.648940086364746
0.96484375,10,36.65140199661255
0.96484375,10,36.653806924819946
0.912109375,25,36.66001272201538
0.933203125,19,36.668776988983154
0.961328125,11,36.67269992828369
0.9578125,12,36.67833709716797
0.9578125,12,36.68232297897339
0.93671875,18,36.689456939697266
0.9578125,12,36.69360589981079
0.96484375,10,36.696019887924194
0.933203125,19,36.7013099193573
0.96484375,10,36.70522594451904
0.9578125,12,36.71015977859497
0.961328125,11,36.71346378326416
0.926171875,21,36.72061896324158
0.954296875,13,36.72657799720764
0.926171875,21,36.73349976539612
0.96484375,10,36.73863196372986
0.92265625,22,36.745620012283325
0.96484375,10,36.74954605102539
0.9578125,12,36.75717878341675
0.947265625,15,36.76666593551636
0.961328125,11,36.77427792549133
0.961328125,11,36.778605699539185
0.96484375,10,36.786401987075806
0.954296875,13,36.79451394081116
0.94375,16,36.80836892127991
0.9578125,12,36.811609745025635
0.95078125,14,36.81689381599426
0.94375,16,36.82476091384888
0.95078125,14,36.843831062316895
-1,13,36.86050200462341
0.94375,16,36.870070934295654
0.940234375,17,36.87806797027588
0.954296875,13,36.88310384750366
0.96484375,10,36.886350870132446
0.954296875,13,36.890506982803345
0.95078125,14,36.8971688747406
0.96484375,10,36.90172076225281
0.954296875,13,36.90673089027405
0.961328125,11,36.9095938205719
0.961328125,11,36.91267776489258
0.961328125,11,36.91593790054321
0.95078125,14,36.9209258556366
0.954296875,13,36.92684602737427
0.9578125,12,36.93049073219299
0.94375,16,36.939109802246094
0.9578125,12,36.94431281089783
0.954296875,13,36.947839975357056
0.95078125,14,36.9518358707428
0.954296875,13,36.955002784729004
0.961328125,11,36.95757293701172
0.96484375,10,36.960028886795044
0.9578125,12,36.963330030441284
0.9578125,12,36.966476917266846
0.9578125,12,36.970484018325806
0.961328125,11,36.974344968795776
0.954296875,13,36.979867935180664
0.961328125,11,36.98530888557434
0.961328125,11,36.988558769226074
-1,4,36.9910409450531
0.95078125,14,36.995035886764526
0.9578125,12,36.999143838882446
0.9578125,12,37.00707411766052
0.926171875,21,37.02428603172302
0.9578125,12,37.02725386619568
0.95078125,14,37.03052997589111
0.96484375,10,37.03306794166565
0.947265625,15,37.039297103881836
0.961328125,11,37.044487953186035
0.96484375,10,37.048295974731445
0.954296875,13,37.05643391609192
0.96484375,10,37.06184697151184
0.9578125,12,37.06973600387573
0.940234375,17,37.07562184333801
0.926171875,21,37.08499574661255
0.961328125,11,37.091472864151
0.95078125,14,37.10332179069519
0.961328125,11,37.11059308052063
0.954296875,13,37.12312889099121
-1,1,37.124755859375
-1,3,37.127705812454224
0.9578125,12,37.133251905441284
0.92265625,22,37.142114877700806
0.89453125,30,37.154727935791016
0.947265625,15,37.15997791290283
0.96484375,10,37.16248393058777
0.96484375,10,37.16478085517883
0.961328125,11,37.16793084144592
0.947265625,15,37.171578884124756
0.96484375,10,37.17470383644104
0.933203125,19,37.180399894714355
0.96484375,10,37.18423295021057
0.95078125,14,37.18775391578674
-1,4,37.18953490257263
0.95078125,14,37.19310283660889
-1,1,37.19371795654297
0.95078125,14,37.19795775413513
0.96484375,10,37.201294898986816
0.94375,16,37.20569396018982
0.95078125,14,37.20957803726196
0.940234375,17,37.21350407600403
0.961328125,11,37.21689796447754
-1,4,37.21822381019592
0.96484375,10,37.22061491012573
0.94375,16,37.22500991821289
0.96484375,10,37.22741508483887
0.954296875,13,37.23089098930359
0.96484375,10,37.23371601104736
0.947265625,15,37.23757791519165
0.93671875,18,37.24281978607178
0.915625,24,37.24940800666809
0.9578125,12,37.25276279449463
0.961328125,11,37.255751848220825
0.96484375,10,37.25827479362488
0.96484375,10,37.26076078414917
0.95078125,14,37.26462006568909
0.96484375,10,37.267383098602295
0.96484375,10,37.26999282836914
0.961328125,11,37.272894859313965
0.9578125,12,37.276615858078
0.9578125,12,37.280181884765625
0.96484375,10,37.28277087211609
0.9578125,12,37.28620481491089
0.95078125,14,37.289530754089355
0.96484375,10,37.292380809783936
0.96484375,10,37.29485082626343
-1,15,37.29885172843933
0.947265625,15,37.30315804481506
0.9578125,12,37.30656886100769
0.93671875,18,37.31109285354614
0.947265625,15,37.31482195854187
0.940234375,17,37.319965839385986
0.947265625,15,37.32427501678467
0.96484375,10,37.326772928237915
0.96484375,10,37.32930779457092
-1,2,37.3299720287323
0.954296875,13,37.33275294303894
0.954296875,13,37.336488008499146
0.947265625,15,37.34048891067505
0.961328125,11,37.344215869903564
0.96484375,10,37.34678888320923
0.9578125,12,37.350223779678345
0.93671875,18,37.35556483268738
0.9578125,12,37.3584840297699
0.961328125,11,37.361318826675415
0.954296875,13,37.36489987373352
0.947265625,15,37.36905074119568
0.961328125,11,37.3718478679657
0.9578125,12,37.374791860580444
0.9578125,12,37.378238916397095
0.9578125,12,37.38130307197571
0.961328125,11,37.384779930114746
0.96484375,10,37.387295961380005
0.96484375,10,37.3903968334198
0.95078125,14,37.393603801727295
0.96484375,10,37.39612889289856
0.9578125,12,37.39940571784973
0.9578125,12,37.40280890464783
0.95078125,14,37.406028032302856
0.954296875,13,37.409485816955566
0.961328125,11,37.4126079082489
0.96484375,10,37.415493965148926
0.954296875,13,37.41918587684631
0.95078125,14,37.42296075820923
0.96484375,10,37.4256329536438
0.95078125,14,37.42907977104187
0.961328125,11,37.431845903396606
0.95078125,14,37.435595989227295
0.96484375,10,37.438313007354736
0.961328125,11,37.441001892089844
0.95078125,14,37.44468569755554
0.961328125,11,37.44778084754944
0.954296875,13,37.451732873916626
-1,1,37.45222878456116
0.961328125,11,37.455190896987915
0.93671875,18,37.46128487586975
0.961328125,11,37.464295864105225
0.96484375,10,37.4678840637207
0.961328125,11,37.472259759902954
0.9578125,12,37.476263999938965
0.94375,16,37.48120880126953
0.94375,16,37.487430810928345
0.95078125,14,37.49170207977295
0.96484375,10,37.494261026382446
0.940234375,17,37.49849081039429
0.96484375,10,37.50108289718628
0.96484375,10,37.50372886657715
0.96484375,10,37.50647497177124
0.9578125,12,37.50947189331055
0.96484375,10,37.511985778808594
0.96484375,10,37.5144100189209
0.961328125,11,37.51792001724243
0.95078125,14,37.525611877441406
0.96484375,10,37.52869772911072
0.926171875,21,37.53548073768616
0.9578125,12,37.53860092163086
0.961328125,11,37.54175591468811
0.947265625,15,37.54579782485962
0.961328125,11,37.548595905303955
0.95078125,14,37.55234479904175
0.96484375,10,37.5546989440918
0.96484375,10,37.55725073814392
0.933203125,19,37.561623096466064
0.905078125,27,37.568593978881836
0.954296875,13,37.57201385498047
0.96484375,10,37.57503700256348
0.9578125,12,37.57786989212036
0.95078125,14,37.581758975982666
0.94375,16,37.586113929748535
0.93671875,18,37.59017491340637
0.93671875,18,37.59461188316345
0.9578125,12,37.59787392616272
0.954296875,13,37.60108804702759
0.96484375,10,37.60351586341858
0.95078125,14,37.60696983337402
0.961328125,11,37.60961985588074
0.96484375,10,37.612175941467285
0.93671875,18,37.616623878479004
0.96484375,10,37.61925673484802
0.961328125,11,37.622052907943726
0.94375,16,37.62623476982117
0.96484375,10,37.62891888618469
0.94375,16,37.63266897201538
0.954296875,13,37.63628602027893
0.954296875,13,37.63924980163574
0.954296875,13,37.642618894577026
0.96484375,10,37.64526009559631
0.93671875,18,37.650028705596924
0.96484375,10,37.652695655822754
0.96484375,10,37.65529704093933
0.947265625,15,37.659536838531494
0.912109375,25,37.665594816207886
0.9296875,20,37.67166996002197
0.96484375,10,37.67437696456909
0.9578125,12,37.67786979675293
0.933203125,19,37.68258309364319
0.94375,16,37.68645668029785
0.95078125,14,37.68981671333313
0.954296875,13,37.69357681274414
0.961328125,11,37.69618892669678
0.961328125,11,37.69899296760559
0.961328125,11,37.70261096954346
0.954296875,13,37.70608472824097
0.940234375,17,37.71014189720154
0.954296875,13,37.71408271789551
0.954296875,13,37.71736979484558
0.96484375,10,37.71992778778076
0.961328125,11,37.72360706329346
0.96484375,10,37.72640371322632
0.96484375,10,37.72919297218323
0.954296875,13,37.73243975639343
0.954296875,13,37.735997915267944
0.940234375,17,37.740344762802124
0.96484375,10,37.74348068237305
0.96484375,10,37.745850801467896
0.961328125,11,37.74905490875244
0.9578125,12,37.75231099128723
0.9578125,12,37.75589203834534
0.96484375,10,37.75868797302246
0.9578125,12,37.76175785064697
0.961328125,11,37.7648069858551
0.947265625,15,37.768810987472534
0.96484375,10,37.7725670337677
0.919140625,23,37.78135395050049
0.96484375,10,37.79051494598389
-1,1,37.79169297218323
0.93671875,18,37.799428939819336
0.947265625,15,37.80565404891968
0.961328125,11,37.811224699020386
0.93671875,18,37.8162260055542
0.96484375,10,37.81882286071777
0.96484375,10,37.823256731033325
0.961328125,11,37.827085733413696
0.96484375,10,37.83155679702759
0.96484375,10,37.83524775505066
0.961328125,11,37.839133977890015
0.96484375,10,37.84182405471802
0.96484375,10,37.84474802017212
0.96484375,10,37.84760880470276
0.96484375,10,37.85053586959839
0.95078125,14,37.85440683364868
0.95078125,14,37.85812997817993
0.933203125,19,37.863019943237305
0.96484375,10,37.865824937820435
0.947265625,15,37.87084078788757
0.961328125,11,37.87421703338623
0.961328125,11,37.87743902206421
0.9578125,12,37.88056492805481
0.954296875,13,37.88482475280762
0.94375,16,37.89144492149353
0.95078125,14,37.90405774116516
0.9578125,12,37.9204158782959
0.947265625,15,37.92441391944885
0.9578125,12,37.92953181266785
0.9578125,12,37.93562173843384
-1,1,37.93679475784302
0.96484375,10,37.941112756729126
0.954296875,13,37.945749044418335
0.933203125,19,37.954768896102905
0.954296875,13,37.95988893508911
0.96484375,10,37.963183879852295
0.9578125,12,37.96959900856018
0.96484375,10,37.97293496131897
0.9578125,12,37.97780203819275
0.95078125,14,37.987109899520874
0.96484375,10,37.994417905807495
0.96484375,10,37.99911403656006
0.947265625,15,38.002856969833374
0.947265625,15,38.00647187232971
0.9578125,12,38.00947403907776
0.9578125,12,38.01243281364441
0.96484375,10,38.01486372947693
0.954296875,13,38.01834988594055
0.95078125,14,38.02171087265015
0.95078125,14,38.02550387382507
0.915625,24,38.031683921813965
-1,15,38.03553795814514
0.947265625,15,38.03941512107849
0.947265625,15,38.043256759643555
0.96484375,10,38.045724868774414
0.9578125,12,38.04876375198364
0.961328125,11,38.0514349937439
0.947265625,15,38.05477499961853
0.96484375,10,38.057037115097046
0.95078125,14,38.06068778038025
0.961328125,11,38.063331842422485
0.961328125,11,38.06617188453674
0.96484375,10,38.06889486312866
0.954296875,13,38.07215690612793
0.9578125,12,38.075084924697876
0.9578125,12,38.078019857406616
0.9578125,12,38.08093190193176
0.92265625,22,38.08652997016907
-1,5,38.08791399002075
0.96484375,10,38.09019899368286
0.961328125,11,38.09281778335571
0.961328125,11,38.095783948898315
0.96484375,10,38.09826588630676
0.954296875,13,38.101665019989014
0.933203125,19,38.106122970581055
0.9578125,12,38.10918974876404
0.95078125,14,38.112679958343506
0.954296875,13,38.11606788635254
0.9578125,12,38.119107723236084
0.96484375,10,38.12165880203247
0.96484375,10,38.1240668296814
0.961328125,11,38.12659001350403
0.954296875,13,38.129920959472656
0.954296875,13,38.13485383987427
0.954296875,13,38.13821601867676
0.954296875,13,38.14133882522583
0.954296875,13,38.1447229385376
0.9578125,12,38.14757299423218
0.93671875,18,38.15230393409729
0.96484375,10,38.154752016067505
0.961328125,11,38.1572790145874
0.961328125,11,38.15999174118042
0.9578125,12,38.163017988204956
-1,1,38.16344094276428
0.9578125,12,38.166775703430176
0.947265625,15,38.17063283920288
0.961328125,11,38.173380851745605
0.9578125,12,38.17625880241394
0.9578125,12,38.178950786590576
0.926171875,21,38.18392586708069
0.96484375,10,38.18647885322571
0.95078125,14,38.1899619102478
0.9578125,12,38.19308090209961
0.961328125,11,38.19577193260193
0.94375,16,38.1995267868042
0.96484375,10,38.20193386077881
0.9296875,20,38.20711302757263
0.940234375,17,38.21098494529724
0.95078125,14,38.21438384056091
0.9578125,12,38.21728491783142
0.96484375,10,38.2197048664093
0.954296875,13,38.222718954086304
0.95078125,14,38.22606182098389
0.96484375,10,38.22863578796387
0.93671875,18,38.23309898376465
0.961328125,11,38.235841035842896
0.9578125,12,38.238935708999634
0.94375,16,38.242822885513306
0.961328125,11,38.24558091163635
0.9578125,12,38.24860596656799
0.96484375,10,38.25095772743225
0.9296875,20,38.255863666534424
0.96484375,10,38.2584068775177
0.94375,16,38.26203966140747
-1,2,38.26274299621582
0.96484375,10,38.26529884338379
0.96484375,10,38.26800274848938
0.9296875,20,38.27292275428772
0.96484375,10,38.27545189857483
0.9578125,12,38.2785108089447
0.912109375,25,38.28434896469116
0.96484375,10,38.28680086135864
0.9578125,12,38.28988075256348
0.9578125,12,38.29287385940552
0.9578125,12,38.295799016952515
0.95078125,14,38.299426794052124
0.9578125,12,38.30231285095215
0.961328125,11,38.30494785308838
0.954296875,13,38.3079309463501
0.96484375,10,38.31035804748535
0.9578125,12,38.31367492675781
0.9578125,12,38.31632900238037
0.94375,16,38.32017779350281
-1,15,38.324381828308105
0.96484375,10,38.326926708221436
0.9296875,20,38.33183002471924
0.9578125,12,38.33506894111633
0.954296875,13,38.33857297897339
0.961328125,11,38.341322898864746
0.95078125,14,38.34502196311951
0.96484375,10,38.34748077392578
0.96484375,10,38.350135803222656
0.961328125,11,38.352964878082275
0.96484375,10,38.3556227684021
0.96484375,10,38.358311891555786
0.95078125,14,38.36186075210571
-1,4,38.363327980041504
0.9578125,12,38.366316080093384
0.9578125,12,38.36948204040527
0.954296875,13,38.37278175354004
0.95078125,14,38.376574993133545
0.961328125,11,38.379666805267334
0.96484375,10,38.382230043411255
0.95078125,14,38.38572907447815
0.961328125,11,38.38949990272522
0.95078125,14,38.40373086929321
0.9578125,12,38.4066367149353
0.9578125,12,38.40958905220032
0.940234375,17,38.41346788406372
0.96484375,10,38.41582274436951
0.9578125,12,38.41901993751526
0.96484375,10,38.421504974365234
0.954296875,13,38.42510986328125
0.9578125,12,38.42882776260376
0.954296875,13,38.43277907371521
-1,14,38.436402797698975
0.954296875,13,38.43959188461304
0.9296875,20,38.4439959526062
0.96484375,10,38.44631505012512
0.94375,16,38.45031499862671
0.94375,16,38.45404076576233
0.961328125,11,38.45663380622864
0.947265625,15,38.46026396751404
0.95078125,14,38.463500022888184
0.954296875,13,38.4663507938385
0.954296875,13,38.469528913497925
0.933203125,19,38.47442579269409
0.947265625,15,38.47828674316406
-1,12,38.481459856033325
0.940234375,17,38.48576784133911
0.93671875,18,38.48995876312256
0.947265625,15,38.493977785110474
0.947265625,15,38.49783182144165
0.940234375,17,38.50192880630493
0.961328125,11,38.50465989112854
0.95078125,14,38.50784778594971
0.933203125,19,38.5124249458313
0.9578125,12,38.51553678512573
0.926171875,21,38.52110481262207
0.9578125,12,38.52413487434387
0.96484375,10,38.52642893791199
0.954296875,13,38.529624700546265
0.96484375,10,38.53241991996765
0.961328125,11,38.5352418422699
0.9296875,20,38.53983688354492
0.96484375,10,38.54250383377075
-1,10,38.54530882835388
0.9578125,12,38.548271894454956
0.9578125,12,38.55116581916809
0.954296875,13,38.554261922836304
0.961328125,11,38.55701494216919
0.961328125,11,38.55986571311951
0.961328125,11,38.562779903411865
0.93671875,18,38.567322731018066
0.96484375,10,38.569583892822266
0.9578125,12,38.572798013687134
0.96484375,10,38.57528591156006
0.940234375,17,38.57956671714783
0.95078125,14,38.583255767822266
0.954296875,13,38.586413860321045
0.961328125,11,38.589242935180664
0.961328125,11,38.59188199043274
0.961328125,11,38.59462285041809
0.96484375,10,38.596985816955566
0.95078125,14,38.600260734558105
0.9578125,12,38.60327982902527
0.9578125,12,38.60606074333191
0.9578125,12,38.60892295837402
0.940234375,17,38.61284875869751
0.954296875,13,38.615816831588745
0.940234375,17,38.62000274658203
0.947265625,15,38.62376093864441
0.961328125,11,38.62649869918823
0.96484375,10,38.62896108627319
0.96484375,10,38.63152480125427
0.947265625,15,38.635221004486084
0.95078125,14,38.638370752334595
0.95078125,14,38.64135980606079
0.947265625,15,38.64520287513733
0.96484375,10,38.647517919540405
0.926171875,21,38.652682065963745
0.954296875,13,38.65599489212036
0.92265625,22,38.661149978637695
-1,1,38.66160988807678
0.9578125,12,38.66458296775818
0.94375,16,38.66842603683472
0.96484375,10,38.670830726623535
0.9578125,12,38.673555850982666
0.9578125,12,38.67659378051758
0.96484375,10,38.67912769317627
0.940234375,17,38.683491706848145
0.961328125,11,38.68629288673401
0.9296875,20,38.691478967666626
-1,1,38.69193983078003
0.95078125,14,38.69530892372131
0.954296875,13,38.69816780090332
0.94375,16,38.701879024505615
0.96484375,10,38.704386711120605
0.95078125,14,38.70758390426636
0.92265625,22,38.71432971954346
0.961328125,11,38.7175087928772
0.947265625,15,38.721566915512085
0.940234375,17,38.725579023361206
0.95078125,14,38.729496717453
0.947265625,15,38.73302388191223
0.96484375,10,38.73591184616089
0.96484375,10,38.73919105529785
0.947265625,15,38.74274301528931
0.96484375,10,38.74571084976196
0.933203125,19,38.750446796417236
0.94375,16,38.75503182411194
0.95078125,14,38.75854802131653
0.9296875,20,38.76464581489563
0.947265625,15,38.76844072341919
0.961328125,11,38.772071838378906
0.96484375,10,38.77482986450195
0.96484375,10,38.77717995643616
0.954296875,13,38.78007197380066
0.96484375,10,38.7825288772583
0.95078125,14,38.78648090362549
0.961328125,11,38.7892050743103
0.954296875,13,38.79263091087341
0.96484375,10,38.79513692855835
0.96484375,10,38.7974898815155
0.96484375,10,38.80013990402222
0.96484375,10,38.803749799728394
0.95078125,14,38.808655738830566
0.954296875,13,38.813005685806274
0.96484375,10,38.816741943359375
0.9578125,12,38.81971883773804
0.961328125,11,38.8227219581604
0.9578125,12,38.826119899749756
0.96484375,10,38.82846474647522
0.961328125,11,38.83164381980896
0.947265625,15,38.8353009223938
0.96484375,10,38.83794188499451
0.96484375,10,38.84045696258545
0.94375,16,38.84436583518982
0.94375,16,38.84980893135071
0.9578125,12,38.853013038635254
0.940234375,17,38.85715675354004
0.954296875,13,38.86061906814575
0.9578125,12,38.86358666419983
0.961328125,11,38.86678886413574
0.9578125,12,38.87034583091736
0.961328125,11,38.873034954071045
0.96484375,10,38.87532091140747
0.95078125,14,38.87876486778259
0.947265625,15,38.88230872154236
0.94375,16,38.8863639831543
0.96484375,10,38.88877582550049
0.96484375,10,38.89123582839966
0.9578125,12,38.89657974243164
0.96484375,10,38.89953589439392
0.9296875,20,38.90484571456909
0.947265625,15,38.90834379196167
0.961328125,11,38.91438889503479
0.9578125,12,38.92015790939331
0.96484375,10,38.925357818603516
0.940234375,17,38.93505311012268
0.9578125,12,38.94235801696777
0.9578125,12,38.95100808143616
0.940234375,17,38.95891094207764
0.96484375,10,38.964197874069214
0.96484375,10,38.967843770980835
0.912109375,25,38.980188846588135
0.9578125,12,38.98606586456299
0.954296875,13,38.99260377883911
0.95078125,14,38.99843692779541
0.96484375,10,39.00170969963074
0.947265625,15,39.005292654037476
0.961328125,11,39.00851893424988
0.95078125,14,39.01234793663025
0.95078125,14,39.01602578163147
0.95078125,14,39.01921105384827
0.9296875,20,39.02415990829468
0.96484375,10,39.02712392807007
0.95078125,14,39.03057789802551
0.961328125,11,39.03378486633301
0.96484375,10,39.037240743637085
0.96484375,10,39.04003310203552
0.9578125,12,39.043776988983154
-1,2,39.045109033584595
0.961328125,11,39.04785895347595
0.96484375,10,39.0502028465271
0.9578125,12,39.05426001548767
0.96484375,10,39.05715775489807
0.94375,16,39.0614538192749
0.9578125,12,39.064302921295166
0.9578125,12,39.06753373146057
0.940234375,17,39.07322978973389
0.961328125,11,39.07722091674805
0.96484375,10,39.0831139087677
0.96484375,10,39.08620285987854
0.96484375,10,39.090615034103394
0.961328125,11,39.09640693664551
0.94375,16,39.10493087768555
0.961328125,11,39.11008596420288
0.96484375,10,39.115033864974976
0.96484375,10,39.11971569061279
0.961328125,11,39.12579584121704
0.95078125,14,39.144386768341064
0.961328125,11,39.15646696090698
0.933203125,19,39.171753883361816
0.947265625,15,39.18593096733093
0.96484375,10,39.19077682495117
0.96484375,10,39.19916486740112
0.96484375,10,39.203531980514526
0.961328125,11,39.21704983711243
0.95078125,14,39.22351884841919
0.96484375,10,39.228508949279785
0.961328125,11,39.234585762023926
0.915625,24,39.24533677101135
0.96484375,10,39.249690771102905
0.940234375,17,39.25340700149536
0.961328125,11,39.25603103637695
0.947265625,15,39.25982999801636
0.9578125,12,39.26260995864868
0.96484375,10,39.26543688774109
0.961328125,11,39.26812171936035
0.961328125,11,39.27087378501892
0.95078125,14,39.27437376976013
0.9578125,12,39.27735495567322
0.93671875,18,39.28221583366394
0.95078125,14,39.28590178489685
0.96484375,10,39.28881001472473
0.95078125,14,39.292043924331665
0.947265625,15,39.29556894302368
0.933203125,19,39.30116081237793
0.954296875,13,39.30432200431824
0.9578125,12,39.307241916656494
0.96484375,10,39.3096399307251
0.96484375,10,39.312150955200195
0.96484375,10,39.31460976600647
0.954296875,13,39.317869901657104
0.961328125,11,39.320770025253296
0.9578125,12,39.32372188568115
0.954296875,13,39.32702994346619
0.95078125,14,39.33049488067627
0.947265625,15,39.334147691726685
0.94375,16,39.33823108673096
0.926171875,21,39.343679904937744
0.96484375,10,39.34605073928833
0.95078125,14,39.349611043930054
0.94375,16,39.35332775115967
0.954296875,13,39.357177734375
0.954296875,13,39.3609299659729
0.954296875,13,39.36422300338745
0.95078125,14,39.36773085594177
0.96484375,10,39.37018394470215
0.96484375,10,39.372822999954224
0.96484375,10,39.375311851501465
0.961328125,11,39.37783098220825
0.93671875,18,39.38269591331482
0.96484375,10,39.38523983955383
0.96484375,10,39.387681007385254
0.94375,16,39.3917670249939
0.96484375,10,39.39423894882202
0.96484375,10,39.396663665771484
0.96484375,10,39.39897394180298
0.92265625,22,39.40441179275513
0.94375,16,39.408362865448
0.961328125,11,39.41106677055359
0.96484375,10,39.41340494155884
0.90859375,26,39.41973090171814
0.96484375,10,39.422104835510254
0.961328125,11,39.42462992668152
0.96484375,10,39.426960945129395
0.947265625,15,39.430505990982056
0.94375,16,39.4347288608551
0.94375,16,39.438199043273926
0.926171875,21,39.44318890571594
0.961328125,11,39.44586706161499
0.954296875,13,39.449113845825195
-1,1,39.44965195655823
0.95078125,14,39.45302200317383
0.96484375,10,39.45556092262268
0.94375,16,39.45939898490906
0.961328125,11,39.46229672431946
0.94375,16,39.46649193763733
0.93671875,18,39.470937728881836
0.95078125,14,39.47451591491699
0.96484375,10,39.47698378562927
0.961328125,11,39.47970676422119
0.961328125,11,39.482587814331055
0.947265625,15,39.48639798164368
-1,14,39.490362882614136
0.96484375,10,39.493046045303345
0.95078125,14,39.496346950531006
0.9578125,12,39.499143838882446
0.96484375,10,39.50157594680786
0.933203125,19,39.50613570213318
0.96484375,10,39.50851392745972
0.9296875,20,39.51318407058716
0.95078125,14,39.51675081253052
0.940234375,17,39.52070498466492
0.961328125,11,39.52380990982056
0.9578125,12,39.526662826538086
0.95078125,14,39.529958963394165
0.96484375,10,39.53253793716431
0.95078125,14,39.53584885597229
-1,1,39.53626084327698
0.961328125,11,39.53872108459473
0.96484375,10,39.54107904434204
0.96484375,10,39.54357194900513
0.954296875,13,39.54673790931702
0.954296875,13,39.54971694946289
0.9578125,12,39.55265688896179
0.9578125,12,39.55568790435791
0.96484375,10,39.55813789367676
0.95078125,14,39.5616021156311
0.9578125,12,39.56468987464905
0.954296875,13,39.56813907623291
0.95078125,14,39.57169985771179
0.961328125,11,39.57448601722717
0.9578125,12,39.57758903503418
0.9578125,12,39.58064579963684
0.93671875,18,39.58525586128235
0.94375,16,39.58975100517273
0.96484375,10,39.59238791465759
0.961328125,11,39.59491205215454
0.9578125,12,39.59802174568176
0.9578125,12,39.60108184814453
0.961328125,11,39.603813886642456
0.961328125,11,39.60635685920715
0.947265625,15,39.61010193824768
0.961328125,11,39.61280798912048
0.96484375,10,39.6153929233551
-1,11,39.61823272705078
0.933203125,19,39.6232168674469
0.94375,16,39.62762188911438
0.96484375,10,39.629902839660645
0.947265625,15,39.63351607322693
0.940234375,17,39.637531757354736
0.947265625,15,39.64104080200195
0.961328125,11,39.64378094673157
0.961328125,11,39.64659404754639
0.96484375,10,39.64911985397339
0.9578125,12,39.65210485458374
0.940234375,17,39.65644693374634
0.96484375,10,39.658798694610596
-1,1,39.65938878059387
0.9578125,12,39.662428855895996
-1,4,39.663715839385986
0.95078125,14,39.66689991950989
0.954296875,13,39.670377016067505
0.95078125,14,39.67371392250061
0.961328125,11,39.67641878128052
-1,1,39.676817893981934
0.96484375,10,39.67922878265381
0.9578125,12,39.682108879089355
0.961328125,11,39.68492794036865
0.96484375,10,39.6874098777771
0.954296875,13,39.690478801727295
0.96484375,10,39.692866802215576
0.961328125,11,39.695708990097046
0.961328125,11,39.698373794555664
0.933203125,19,39.70293569564819
-1,4,39.70412087440491
0.94375,16,39.707926988601685
0.947265625,15,39.71171188354492
0.9578125,12,39.714794874191284
0.9578125,12,39.71769189834595
0.96484375,10,39.7203528881073
0.9578125,12,39.723087787628174
0.954296875,13,39.72613978385925
0.96484375,10,39.72859787940979
0.954296875,13,39.73209190368652
0.96484375,10,39.73434805870056
0.9578125,12,39.73727583885193
0.96484375,10,39.739792823791504
0.940234375,17,39.74396991729736
0.940234375,17,39.747859954833984
0.947265625,15,39.75156092643738
0.947265625,15,39.75536108016968
0.89453125,30,39.76236391067505
0.96484375,10,39.76480007171631
0.96484375,10,39.76732277870178
0.95078125,14,39.77088212966919
0.961328125,11,39.773618936538696
0.96484375,10,39.775943994522095
0.954296875,13,39.77930974960327
0.95078125,14,39.78278994560242
0.96484375,10,39.78510904312134
0.9578125,12,39.788307905197144
0.96484375,10,39.79096984863281
0.9578125,12,39.79419183731079
0.961328125,11,39.796886920928955
0.9296875,20,39.802172899246216
0.96484375,10,39.80481791496277
0.96484375,10,39.80723690986633
0.961328125,11,39.81016492843628
0.940234375,17,39.814509868621826
0.96484375,10,39.817184925079346
0.95078125,14,39.82035779953003
0.933203125,19,39.825037717819214
0.96484375,10,39.82756304740906
0.94375,16,39.83169102668762
0.96484375,10,39.83410096168518
0.961328125,11,39.836952686309814
0.961328125,11,39.839900970458984
0.933203125,19,39.84563088417053
0.96484375,10,39.84813189506531
0.947265625,15,39.851709842681885
0.94375,16,39.85589408874512
0.961328125,11,39.858680725097656
0.940234375,17,39.862674951553345
0.95078125,14,39.86623287200928
0.9578125,12,39.86911487579346
0.96484375,10,39.871686935424805
0.9578125,12,39.87463092803955
0.95078125,14,39.87805795669556
0.954296875,13,39.881279945373535
-1,1,39.88170599937439
0.95078125,14,39.885053873062134
0.947265625,15,39.88887286186218
0.9296875,20,39.89366888999939
0.954296875,13,39.89696478843689
0.96484375,10,39.89953589439392
0.93671875,18,39.90403199195862
0.9578125,12,39.90697693824768
0.95078125,14,39.91017699241638
0.96484375,10,39.912866830825806
0.96484375,10,39.91570591926575
0.96484375,10,39.918160915374756
0.95078125,14,39.92243409156799
0.94375,16,39.927870988845825
0.933203125,19,39.93254780769348
0.961328125,11,39.935423851013184
0.9578125,12,39.94525170326233
0.94375,16,39.9640109539032
0.933203125,19,39.97419285774231
0.96484375,10,39.97993278503418
0.961328125,11,39.986825942993164
0.9578125,12,39.99058485031128
0.9578125,12,39.994765758514404
0.9578125,12,39.99890995025635
0.961328125,11,40.00200390815735
0.95078125,14,40.00535774230957
0.96484375,10,40.007805824279785
0.96484375,10,40.0111927986145
0.93671875,18,40.01957988739014
0.9578125,12,40.02414393424988
0.9578125,12,40.02881693840027
0.9578125,12,40.03583288192749
0.961328125,11,40.03962802886963
0.9578125,12,40.04336595535278
0.9578125,12,40.048091888427734
0.9578125,12,40.052062034606934
0.961328125,11,40.05511283874512
0.961328125,11,40.05850911140442
0.96484375,10,40.0614709854126
0.961328125,11,40.06513690948486
0.954296875,13,40.06835675239563
0.9578125,12,40.07118105888367
0.933203125,19,40.075798988342285
0.9578125,12,40.08098888397217
0.94375,16,40.08781170845032
0.94375,16,40.09410381317139
0.954296875,13,40.099533796310425
0.9578125,12,40.10430884361267
0.947265625,15,40.110490798950195
0.961328125,11,40.115739822387695
0.954296875,13,40.12108397483826
0.940234375,17,40.126436710357666
0.947265625,15,40.13042378425598
0.947265625,15,40.133917808532715
0.9578125,12,40.136653900146484
0.954296875,13,40.14013695716858
0.93671875,18,40.14486503601074
0.94375,16,40.148706674575806
0.96484375,10,40.15130686759949
0.961328125,11,40.15410304069519
0.947265625,15,40.15790581703186
0.933203125,19,40.16334795951843
0.96484375,10,40.166138887405396
0.954296875,13,40.169312953948975
0.96484375,10,40.17189407348633
0.96484375,10,40.17443299293518
0.96484375,10,40.17695999145508
0.95078125,14,40.18023180961609
0.93671875,18,40.18553876876831
0.94375,16,40.18960690498352
0.9578125,12,40.192540884017944
0.96484375,10,40.19522476196289
0.961328125,11,40.19805288314819
0.940234375,17,40.202234745025635
0.96484375,10,40.2047598361969
0.947265625,15,40.20873689651489
0.9578125,12,40.2119197845459
0.9578125,12,40.21488094329834
0.94375,16,40.21874690055847
0.95078125,14,40.22246980667114
0.96484375,10,40.22523593902588
0.94375,16,40.22913312911987
0.96484375,10,40.231602907180786
0.9578125,12,40.23464608192444
0.95078125,14,40.23788380622864
0.961328125,11,40.24053502082825
0.95078125,14,40.24398994445801
0.961328125,11,40.24690580368042
0.933203125,19,40.25128698348999
0.9578125,12,40.25453066825867
0.94375,16,40.258362770080566
0.96484375,10,40.26095390319824
0.954296875,13,40.26443386077881
0.96484375,10,40.266865968704224
-1,7,40.26868510246277
0.94375,16,40.27284288406372
0.9578125,12,40.27597379684448
0.961328125,11,40.27876400947571
0.96484375,10,40.28131294250488
0.94375,16,40.28513693809509
0.954296875,13,40.28849005699158
0.96484375,10,40.291154861450195
0.954296875,13,40.294102907180786
0.961328125,11,40.29669785499573
0.954296875,13,40.300073862075806
0.93671875,18,40.3044490814209
0.96484375,10,40.30693507194519
0.954296875,13,40.31028890609741
0.954296875,13,40.313713788986206
0.933203125,19,40.31820893287659
0.96484375,10,40.32120704650879
0.94375,16,40.32502603530884
-1,1,40.32550406455994
0.96484375,10,40.327906131744385
0.96484375,10,40.330222845077515
0.947265625,15,40.333844900131226
-1,12,40.337013959884644
0.9578125,12,40.34017992019653
0.95078125,14,40.343589782714844
0.961328125,11,40.346375942230225
0.94375,16,40.35047698020935
0.954296875,13,40.35369086265564
0.961328125,11,40.35639500617981
0.9296875,20,40.36140584945679
0.9578125,12,40.36427187919617
0.954296875,13,40.36761283874512
0.92265625,22,40.37301683425903
0.96484375,10,40.375458002090454
0.954296875,13,40.37850284576416
0.961328125,11,40.38132286071777
0.9578125,12,40.38414001464844
0.915625,24,40.390263080596924
0.912109375,25,40.39627981185913
0.9578125,12,40.39917278289795
0.954296875,13,40.40229296684265
0.961328125,11,40.40499782562256
0.93671875,18,40.40933084487915
0.940234375,17,40.41355895996094
0.94375,16,40.417425870895386
0.94375,16,40.42152190208435
0.9578125,12,40.42438507080078
0.947265625,15,40.42835879325867
0.954296875,13,40.431572914123535
0.940234375,17,40.43606781959534
0.9578125,12,40.43912887573242
0.93671875,18,40.44365382194519
0.926171875,21,40.44932794570923
0.933203125,19,40.45412874221802
0.954296875,13,40.45719790458679
0.96484375,10,40.45976710319519
-1,4,40.46131467819214
0.961328125,11,40.464152812957764
0.96484375,10,40.46667695045471
0.947265625,15,40.470293045043945
0.96484375,10,40.4727418422699
0.96484375,10,40.4752938747406
0.9578125,12,40.47834587097168
0.954296875,13,40.481669902801514
-1,1,40.48216700553894
-1,1,40.48270010948181
0.96484375,10,40.485260009765625
0.961328125,11,40.488099813461304
0.961328125,11,40.49100184440613
0.961328125,11,40.49387788772583
0.954296875,13,40.49710178375244
0.9578125,12,40.50007081031799
0.926171875,21,40.50514888763428
0.961328125,11,40.50794982910156
0.9578125,12,40.51089000701904
-1,1,40.5113730430603
0.95078125,14,40.51483488082886
0.940234375,17,40.51890587806702
0.954296875,13,40.522238969802856
0.926171875,21,40.52733898162842
0.961328125,11,40.530067920684814
0.96484375,10,40.53253674507141
0.95078125,14,40.53615093231201
0.95078125,14,40.53952479362488
-1,11,40.54270887374878
0.926171875,21,40.547674894332886
0.915625,24,40.553372859954834
0.9578125,12,40.556458950042725
0.95078125,14,40.55959486961365
0.94375,16,40.56337380409241
0.933203125,19,40.567862033843994
0.961328125,11,40.57053089141846
0.9578125,12,40.57354974746704
0.96484375,10,40.576332092285156
0.940234375,17,40.58023691177368
0.96484375,10,40.58249497413635
0.95078125,14,40.586272954940796
0.9578125,12,40.589213848114014
0.961328125,11,40.59185791015625
0.96484375,10,40.59437584877014
0.96484375,10,40.596805810928345
0.96484375,10,40.59918689727783
0.9578125,12,40.602067947387695
0.95078125,14,40.60544490814209
0.9578125,12,40.608343839645386
0.954296875,13,40.611506938934326
0.961328125,11,40.6141619682312
0.93671875,18,40.61835193634033
0.94375,16,40.62248992919922
0.94375,16,40.626648902893066
0.95078125,14,40.629961013793945
0.954296875,13,40.63335084915161
0.961328125,11,40.63628888130188
0.94375,16,40.63982176780701
0.954296875,13,40.643054723739624
0.9578125,12,40.64622783660889
0.96484375,10,40.648709774017334
-1,1,40.649110078811646
0.940234375,17,40.652989864349365
0.961328125,11,40.65566802024841
0.919140625,23,40.66116976737976
0.912109375,25,40.667096853256226
0.95078125,14,40.67058300971985
0.96484375,10,40.6731116771698
0.954296875,13,40.67635488510132
0.95078125,14,40.67981171607971
0.940234375,17,40.68382477760315
0.96484375,10,40.686466693878174
0.94375,16,40.69070887565613
0.9578125,12,40.693798780441284
0.961328125,11,40.696507930755615
0.96484375,10,40.6988799571991
0.94375,16,40.70249605178833
0.9578125,12,40.70557188987732
0.9578125,12,40.708685874938965
0.95078125,14,40.71203303337097
0.95078125,14,40.71537470817566
0.954296875,13,40.718427896499634
0.9578125,12,40.72131586074829
0.9578125,12,40.72439789772034
0.96484375,10,40.726927757263184
0.933203125,19,40.73133087158203
0.961328125,11,40.73406171798706
0.95078125,14,40.737629890441895
-1,1,40.73805785179138
0.9578125,12,40.740973711013794
0.96484375,10,40.74346971511841
0.940234375,17,40.74721097946167
0.93671875,18,40.75152087211609
0.961328125,11,40.75425100326538
0.9578125,12,40.75714302062988
0.9578125,12,40.76032590866089
0.954296875,13,40.7635657787323
0.9578125,12,40.76639699935913
0.9578125,12,40.769476890563965
0.961328125,11,40.772156953811646
0.947265625,15,40.77568197250366
0.96484375,10,40.77818703651428
0.95078125,14,40.781850814819336
0.954296875,13,40.78500485420227
0.96484375,10,40.7873969078064
0.954296875,13,40.790788888931274
0.961328125,11,40.793493032455444
0.947265625,15,40.796926975250244
0.954296875,13,40.80023789405823
0.961328125,11,40.80299091339111
0.926171875,21,40.80798578262329
0.954296875,13,40.81116795539856
0.947265625,15,40.81507468223572
0.96484375,10,40.81750202178955
0.95078125,14,40.82095003128052
0.947265625,15,40.824790954589844
0.96484375,10,40.82746696472168
0.94375,16,40.83130192756653
0.96484375,10,40.83381772041321
0.9578125,12,40.83702087402344
0.961328125,11,40.84027981758118
0.961328125,11,40.84304094314575
0.94375,16,40.84681987762451
0.96484375,10,40.84937882423401
0.961328125,11,40.85237503051758
0.947265625,15,40.85606598854065
0.933203125,19,40.86068892478943
0.961328125,11,40.86347699165344
0.96484375,10,40.86598491668701
0.9578125,12,40.86902093887329
0.94375,16,40.873201847076416
0.96484375,10,40.875606060028076
0.9578125,12,40.87840986251831
0.947265625,15,40.88274312019348
0.96484375,10,40.88530898094177
0.94375,16,40.889251708984375
0.961328125,11,40.89187002182007
0.9296875,20,40.89665389060974
0.9578125,12,40.8997597694397
0.954296875,13,40.903090953826904
0.9578125,12,40.906124114990234
0.947265625,15,40.90971493721008
0.96484375,10,40.91218900680542
0.954296875,13,40.915210008621216
0.9296875,20,40.920243978500366
0.961328125,11,40.92304491996765
0.96484375,10,40.925583839416504
0.954296875,13,40.92865586280823
0.947265625,15,40.93234372138977
0.947265625,15,40.936237812042236
0.9578125,12,40.93912696838379
0.947265625,15,40.94281983375549
0.96484375,10,40.945241928100586
0.954296875,13,40.948309898376465
0.933203125,19,40.95276069641113
0.95078125,14,40.956066846847534
0.94375,16,40.959924936294556
0.9296875,20,40.96496272087097
0.954296875,13,40.968270778656006
0.9578125,12,40.97127985954285
0.96484375,10,40.97370910644531
0.961328125,11,40.97656297683716
0.954296875,13,40.979767084121704
0.947265625,15,40.984020948410034
0.954296875,13,40.98747897148132
-1,13,40.99085783958435
0.9578125,12,40.99382185935974
0.9578125,12,40.996663093566895
-1,1,40.99708890914917
0.93671875,18,41.00126385688782
0.961328125,11,41.00411581993103
0.961328125,11,41.006640911102295
0.95078125,14,41.0100040435791
0.96484375,10,41.012547731399536
0.96484375,10,41.01490306854248
0.95078125,14,41.01821494102478
0.96484375,10,41.02081298828125
-1,9,41.02343201637268
0.947265625,15,41.027127742767334
0.96484375,10,41.02952980995178
-1,15,41.03385090827942
0.961328125,11,41.03648781776428
0.947265625,15,41.03994798660278
0.96484375,10,41.04254484176636
0.96484375,10,41.04483103752136
0.96484375,10,41.04749274253845
0.947265625,15,41.05086588859558
0.961328125,11,41.053855895996094
0.947265625,15,41.057639837265015
0.961328125,11,41.06037878990173
0.96484375,10,41.06270694732666
0.9578125,12,41.067543029785156
0.947265625,15,41.07101011276245
0.940234375,17,41.074997901916504
0.912109375,25,41.08096098899841
0.94375,16,41.084874868392944
0.95078125,14,41.088438987731934
0.933203125,19,41.09325170516968
0.954296875,13,41.09647583961487
0.96484375,10,41.09904479980469
0.95078125,14,41.10264301300049
0.95078125,14,41.10575580596924
0.954296875,13,41.10877084732056
0.961328125,11,41.111461877822876
0.9578125,12,41.11461687088013
0.947265625,15,41.11826777458191
0.947265625,15,41.12163305282593
0.961328125,11,41.12442088127136
0.95078125,14,41.12782096862793
0.94375,16,41.13169479370117
0.94375,16,41.13542604446411
0.947265625,15,41.139246702194214
0.9578125,12,41.14225482940674
0.96484375,10,41.1446328163147
0.96484375,10,41.14706468582153
0.96484375,10,41.14989686012268
0.961328125,11,41.152519941329956
0.96484375,10,41.15483498573303
0.94375,16,41.15880608558655
0.933203125,19,41.16311192512512
0.9578125,12,41.166223764419556
0.961328125,11,41.16895270347595
0.961328125,11,41.17177867889404
0.9578125,12,41.174434661865234
0.961328125,11,41.17707586288452
0.961328125,11,41.17978811264038
-1,10,41.18276405334473
0.93671875,18,41.18715786933899
0.96484375,10,41.189780950546265
0.947265625,15,41.1936719417572
-1,11,41.19664192199707
0.954296875,13,41.19987893104553
0.954296875,13,41.20313286781311
0.940234375,17,41.2074339389801
0.954296875,13,41.2107048034668
0.96484375,10,41.21348190307617
-1,10,41.216578006744385
0.947265625,15,41.220470905303955
0.96484375,10,41.22315192222595
0.940234375,17,41.22754788398743
0.9578125,12,41.23054885864258
0.933203125,19,41.23533797264099
0.961328125,11,41.23816180229187
0.92265625,22,41.24342393875122
0.96484375,10,41.24574279785156
0.954296875,13,41.2489070892334
0.96484375,10,41.25155186653137
0.954296875,13,41.25492882728577
0.9015625,28,41.26211881637573
0.96484375,10,41.26470494270325
0.947265625,15,41.26824975013733
0.96484375,10,41.27072882652283
0.9578125,12,41.27369809150696
0.9578125,12,41.27675175666809
0.961328125,11,41.27943778038025
0.96484375,10,41.2819709777832
0.96484375,10,41.28467082977295
-1,3,41.28587985038757
0.954296875,13,41.28913593292236
0.961328125,11,41.29195594787598
0.961328125,11,41.29489088058472
0.94375,16,41.29879879951477
0.94375,16,41.302722692489624
0.96484375,10,41.30519390106201
0.933203125,19,41.30959105491638
0.96484375,10,41.312052965164185
0.96484375,10,41.31455993652344
0.9578125,12,41.31783080101013
0.926171875,21,41.32282090187073
0.96484375,10,41.3254017829895
0.96484375,10,41.32775282859802
0.92265625,22,41.33270287513733
0.94375,16,41.336544036865234
0.954296875,13,41.33992886543274
0.947265625,15,41.34381079673767
0.96484375,10,41.34616708755493
0.96484375,10,41.348710775375366
0.9578125,12,41.35167169570923
0.9296875,20,41.356334924697876
0.95078125,14,41.36139893531799
0.93671875,18,41.367713928222656
0.940234375,17,41.371917724609375
0.9578125,12,41.37542200088501
0.947265625,15,41.37910604476929
0.9296875,20,41.3848819732666
0.96484375,10,41.38748288154602
0.954296875,13,41.39056372642517
0.9578125,12,41.393441915512085
0.954296875,13,41.3964319229126
0.954296875,13,41.39977812767029
0.954296875,13,41.40280604362488
0.926171875,21,41.40783882141113
-1,17,41.41228485107422
0.9578125,12,41.41534900665283
0.905078125,27,41.42141580581665
0.940234375,17,41.42570090293884
0.96484375,10,41.42815089225769
0.96484375,10,41.43066906929016
0.954296875,13,41.43386697769165
0.961328125,11,41.43640398979187
0.96484375,10,41.43878674507141
0.95078125,14,41.44235897064209
0.93671875,18,41.44639492034912
0.94375,16,41.45008087158203
0.93671875,18,41.45510292053223
0.94375,16,41.459269762039185
0.947265625,15,41.46309304237366
0.96484375,10,41.465725898742676
0.961328125,11,41.46851468086243
0.95078125,14,41.472025871276855
0.96484375,10,41.474437952041626
0.95078125,14,41.4778790473938
0.954296875,13,41.481470823287964
0.9578125,12,41.48446178436279
0.93671875,18,41.48872399330139
0.96484375,10,41.491344928741455
0.95078125,14,41.49458694458008
0.961328125,11,41.497166872024536
0.94375,16,41.5009400844574
0.96484375,10,41.503633975982666
0.961328125,11,41.50616693496704
0.961328125,11,41.508699893951416
0.95078125,14,41.5121328830719
0.95078125,14,41.51602292060852
0.96484375,10,41.51832389831543
0.9578125,12,41.521535873413086
0.95078125,14,41.52632784843445
-1,1,41.52718687057495
0.9578125,12,41.53236794471741
0.96484375,10,41.536705017089844
0.96484375,10,41.54196500778198
0.940234375,17,41.548133850097656
0.96484375,10,41.55068898200989
0.940234375,17,41.5545437335968
0.96484375,10,41.55687594413757
0.961328125,11,41.56113004684448
0.954296875,13,41.565680742263794
0.96484375,10,41.57031774520874
0.9578125,12,41.573882818222046
0.95078125,14,41.579187870025635
0.933203125,19,41.5881609916687
0.96484375,10,41.59172201156616
-1,1,41.5927050113678
0.96484375,10,41.59730577468872
0.940234375,17,41.60390090942383
0.96484375,10,41.60806083679199
0.93671875,18,41.61677598953247
0.961328125,11,41.62163686752319
0.954296875,13,41.625988721847534
0.96484375,10,41.628495931625366
0.961328125,11,41.6313910484314
0.95078125,14,41.63495707511902
0.95078125,14,41.63837385177612
0.954296875,13,41.64164185523987
-1,3,41.64274883270264
0.9578125,12,41.645755767822266
0.947265625,15,41.64933204650879
0.96484375,10,41.65182685852051
0.954296875,13,41.654942989349365
0.961328125,11,41.65786600112915
-1,5,41.6594660282135
0.954296875,13,41.66244578361511
0.96484375,10,41.664899826049805
0.96484375,10,41.66725492477417
0.961328125,11,41.66993188858032
0.940234375,17,41.67383670806885
0.961328125,11,41.67668581008911
0.961328125,11,41.6794970035553
0.9578125,12,41.682530879974365
0.947265625,15,41.68614602088928
0.947265625,15,41.68987584114075
0.947265625,15,41.69363188743591
0.96484375,10,41.696205139160156
0.93671875,18,41.70056986808777
0.96484375,10,41.70302700996399
0.95078125,14,41.70672106742859
0.93671875,18,41.711345911026
0.9578125,12,41.71414303779602
0.96484375,10,41.7165048122406
0.94375,16,41.72022080421448
-1,1,41.72069191932678
0.961328125,11,41.723397970199585
0.961328125,11,41.72630286216736
0.93671875,18,41.73042106628418
0.96484375,10,41.73276996612549
0.95078125,14,41.736299991607666
0.95078125,14,41.73989295959473
0.94375,16,41.74370884895325
0.95078125,14,41.74725079536438
0.96484375,10,41.74979782104492
0.96484375,10,41.75238609313965
0.95078125,14,41.755857944488525
0.947265625,15,41.75974774360657
0.961328125,11,41.76263499259949
0.947265625,15,41.766172885894775
0.9296875,20,41.77133083343506
0.96484375,10,41.773786783218384
0.954296875,13,41.77699398994446
0.954296875,13,41.78025484085083
0.954296875,13,41.78334283828735
0.954296875,13,41.786401987075806
0.9578125,12,41.789116859436035
0.94375,16,41.79287505149841
0.954296875,13,41.796252965927124
0.954296875,13,41.79926776885986
0.926171875,21,41.80433893203735
0.96484375,10,41.80704593658447
0.96484375,10,41.809653997421265
0.954296875,13,41.812716007232666
0.96484375,10,41.81536889076233
0.954296875,13,41.818941831588745
0.961328125,11,41.82187080383301
0.954296875,13,41.82513093948364
0.94375,16,41.8291699886322
0.961328125,11,41.83190894126892
0.947265625,15,41.8355188369751
0.96484375,10,41.83793592453003
0.96484375,10,41.84028172492981
0.96484375,10,41.84286284446716
0.95078125,14,41.846269845962524
0.96484375,10,41.84874081611633
0.96484375,10,41.851239919662476
0.954296875,13,41.85450792312622
0.95078125,14,41.857688903808594
0.9578125,12,41.86064386367798
0.9578125,12,41.86375284194946
0.926171875,21,41.86878180503845
0.961328125,11,41.87173891067505
0.940234375,17,41.87577486038208
0.93671875,18,41.88029479980469
0.954296875,13,41.883569955825806
0.947265625,15,41.88724088668823
0.94375,16,41.89093565940857
0.93671875,18,41.89492583274841
-1,1,41.89549374580383
0.96484375,10,41.897923707962036
0.96484375,10,41.90027594566345
0.954296875,13,41.903472900390625
0.9578125,12,41.90635275840759
0.93671875,18,41.91078186035156
0.9578125,12,41.914092779159546
0.9578125,12,41.917064905166626
0.96484375,10,41.91953492164612
0.954296875,13,41.922738790512085
0.926171875,21,41.92758774757385
0.9578125,12,41.930623054504395
0.96484375,10,41.93330478668213
0.961328125,11,41.935919761657715
0.94375,16,41.93959593772888
0.954296875,13,41.94261407852173
0.9578125,12,41.94583082199097
0.9578125,12,41.94855284690857
0.9578125,12,41.95143699645996
0.947265625,15,41.95514893531799
0.9578125,12,41.95793581008911
0.961328125,11,41.9605917930603
0.954296875,13,41.963578939437866
0.96484375,10,41.966190814971924
0.961328125,11,41.96898579597473
0.9578125,12,41.97177982330322
-1,7,41.97368383407593
0.96484375,10,41.976348876953125
0.92265625,22,41.98143482208252
0.954296875,13,41.98455286026001
0.933203125,19,41.989837884902954
0.940234375,17,41.994186878204346
0.933203125,19,41.9989058971405
0.96484375,10,42.00137186050415
0.94375,16,42.00525784492493
0.954296875,13,42.00964307785034
0.95078125,14,42.013030767440796
0.947265625,15,42.01804280281067
0.961328125,11,42.02229404449463
0.96484375,10,42.026026010513306
0.9578125,12,42.03015875816345
0.9578125,12,42.03524684906006
0.947265625,15,42.04003691673279
0.954296875,13,42.0453839302063
-1,13,42.04999303817749
-1,13,42.05627083778381
0.93671875,18,42.06331491470337
0.96484375,10,42.065616846084595
0.961328125,11,42.069687843322754
0.954296875,13,42.07367396354675
0.947265625,15,42.07981896400452
0.954296875,13,42.08553504943848
0.94375,16,42.091187953948975
0.95078125,14,42.09675693511963
0.961328125,11,42.10118889808655
0.954296875,13,42.10617709159851
0.96484375,10,42.110169887542725
0.954296875,13,42.11598491668701
0.954296875,13,42.12025594711304
0.95078125,14,42.1257107257843
0.95078125,14,42.129558086395264
0.933203125,19,42.13536095619202
0.94375,16,42.14049482345581
0.961328125,11,42.144091844558716
0.961328125,11,42.14786386489868
0.96484375,10,42.15090370178223
0.96484375,10,42.1545147895813
0.947265625,15,42.159157037734985
0.961328125,11,42.163455963134766
0.954296875,13,42.16759777069092
0.96484375,10,42.17088484764099
0.954296875,13,42.17570900917053
-1,25,42.1855947971344
0.954296875,13,42.19045686721802
0.95078125,14,42.194936752319336
0.961328125,11,42.199206829071045
0.95078125,14,42.203959703445435
0.96484375,10,42.20761585235596
0.96484375,10,42.21108794212341
0.9578125,12,42.21509885787964
0.9296875,20,42.22192573547363
0.96484375,10,42.22514367103577
0.9296875,20,42.232414960861206
0.947265625,15,42.23757886886597
0.94375,16,42.24337577819824
0.9578125,12,42.24839782714844
0.940234375,17,42.25309896469116
0.96484375,10,42.25554370880127
0.95078125,14,42.258869886398315
0.954296875,13,42.261879682540894
0.96484375,10,42.264402866363525
0.96484375,10,42.26689004898071
-1,13,42.27053380012512
0.947265625,15,42.27453088760376
0.940234375,17,42.278722047805786
0.95078125,14,42.282135009765625
0.96484375,10,42.28463792800903
0.961328125,11,42.28746175765991
0.95078125,14,42.29076886177063
0.95078125,14,42.29414510726929
0.9578125,12,42.29708385467529
0.961328125,11,42.30003094673157
0.96484375,10,42.3024377822876
0.9578125,12,42.30532789230347
0.954296875,13,42.30879282951355
0.9578125,12,42.311853885650635
0.96484375,10,42.31459093093872
0.9578125,12,42.31740379333496
0.961328125,11,42.320054054260254
0.961328125,11,42.32296395301819
0.9578125,12,42.32612085342407
0.9578125,12,42.32909083366394
0.961328125,11,42.331697940826416
0.96484375,10,42.33406686782837
0.96484375,10,42.33688974380493
0.96484375,10,42.339430809020996
0.95078125,14,42.34270906448364
0.954296875,13,42.345855951309204
0.961328125,11,42.348660945892334
0.96484375,10,42.351133823394775
0.96484375,10,42.353532791137695
0.961328125,11,42.35638976097107
0.9578125,12,42.359312772750854
0.954296875,13,42.36277770996094
0.95078125,14,42.366178035736084
0.94375,16,42.3702609539032
0.96484375,10,42.37283396720886
0.961328125,11,42.37573504447937
0.96484375,10,42.37942385673523
0.961328125,11,42.384077072143555
0.961328125,11,42.38841485977173
0.96484375,10,42.39244794845581
0.940234375,17,42.39827299118042
0.9578125,12,42.40315294265747
0.93671875,18,42.409796714782715
0.961328125,11,42.4140408039093
0.94375,16,42.41916799545288
0.95078125,14,42.42589783668518
0.9578125,12,42.43006086349487
0.9578125,12,42.436261892318726
0.96484375,10,42.43969368934631
0.9578125,12,42.44419193267822
0.89453125,30,42.45637583732605
0.9578125,12,42.466598987579346
0.919140625,23,42.47891402244568
0.961328125,11,42.48300790786743
0.95078125,14,42.48847985267639
0.915625,24,42.495574951171875
0.947265625,15,42.500696897506714
0.954296875,13,42.50647282600403
0.9296875,20,42.512146949768066
0.94375,16,42.5190327167511
0.95078125,14,42.52387309074402
0.96484375,10,42.52727508544922
0.92265625,22,42.53385281562805
0.94375,16,42.538702726364136
0.96484375,10,42.54202890396118
0.94375,16,42.54663300514221
0.9296875,20,42.55360269546509
0.961328125,11,42.557135820388794
0.94375,16,42.56157994270325
0.96484375,10,42.56627082824707
0.961328125,11,42.56966495513916
0.961328125,11,42.575063705444336
0.96484375,10,42.577794790267944
0.94375,16,42.58361792564392
0.94375,16,42.588133811950684
0.947265625,15,42.59322905540466
0.9578125,12,42.596673011779785
0.96484375,10,42.60162305831909
0.96484375,10,42.60510277748108
0.961328125,11,42.6099739074707
0.961328125,11,42.613722801208496
0.95078125,14,42.620415925979614
0.961328125,11,42.623692989349365
0.95078125,14,42.62781000137329
0.961328125,11,42.63057899475098
0.961328125,11,42.63414669036865
0.96484375,10,42.637022972106934
0.954296875,13,42.640567779541016
0.96484375,10,42.643186807632446
0.95078125,14,42.64674091339111
0.95078125,14,42.6501100063324
-1,1,42.65077877044678
0.96484375,10,42.65341806411743
0.9578125,12,42.65647578239441
0.954296875,13,42.66000986099243
0.954296875,13,42.66341185569763
0.96484375,10,42.66606688499451
0.954296875,13,42.66952085494995
0.9578125,12,42.67281794548035
0.9296875,20,42.6779568195343
0.954296875,13,42.68124485015869
0.96484375,10,42.68431377410889
-1,13,42.68857288360596
0.947265625,15,42.69220590591431
-1,1,42.69264006614685
0.961328125,11,42.69601368904114
0.96484375,10,42.70055890083313
0.94375,16,42.70499897003174
0.954296875,13,42.70847272872925
0.96484375,10,42.71093201637268
0.954296875,13,42.715009927749634
0.94375,16,42.71987199783325
0.947265625,15,42.72415375709534
0.94375,16,42.72818207740784
0.9578125,12,42.73186206817627
0.96484375,10,42.73553490638733
0.94375,16,42.73947787284851
0.961328125,11,42.74240684509277
0.915625,24,42.748425006866455
0.947265625,15,42.752137899398804
0.96484375,10,42.75508403778076
0.9578125,12,42.75805687904358
0.92265625,22,42.763258934020996
0.95078125,14,42.76666498184204
0.954296875,13,42.77031183242798
0.9578125,12,42.7733268737793
0.961328125,11,42.77622199058533
0.93671875,18,42.78124690055847
0.961328125,11,42.78431582450867
0.95078125,14,42.7883358001709
0.961328125,11,42.79134702682495
0.9578125,12,42.79418182373047
0.95078125,14,42.79767394065857
0.96484375,10,42.80058693885803
0.9578125,12,42.8038489818573
0.9578125,12,42.80716896057129
0.954296875,13,42.810534954071045
0.96484375,10,42.81322884559631
-1,1,42.81367492675781
0.9578125,12,42.81648373603821
0.961328125,11,42.81967091560364
0.96484375,10,42.82241678237915
0.94375,16,42.826586961746216
0.96484375,10,42.829208850860596
0.961328125,11,42.8324408531189
0.954296875,13,42.83619785308838
0.96484375,10,42.838608741760254
0.915625,24,42.84441089630127
0.961328125,11,42.84726667404175
0.9578125,12,42.85028290748596
0.96484375,10,42.852941036224365
0.961328125,11,42.85591769218445
0.96484375,10,42.858372926712036
0.933203125,19,42.86334800720215
0.961328125,11,42.86600875854492
0.905078125,27,42.87298583984375
0.9578125,12,42.87580895423889
-1,1,42.87634301185608
-1,12,42.879204750061035
0.954296875,13,42.88278388977051
0.93671875,18,42.887691020965576
0.96484375,10,42.890121936798096
0.961328125,11,42.89287781715393
0.96484375,10,42.89540982246399
0.9578125,12,42.898467779159546
0.961328125,11,42.90121388435364
-1,1,42.901662826538086
0.9578125,12,42.90517783164978
0.954296875,13,42.90835094451904
0.95078125,14,42.911701917648315
0.96484375,10,42.913995027542114
0.947265625,15,42.91768288612366
0.94375,16,42.92185187339783
0.954296875,13,42.9252827167511
-1,2,42.9260458946228
0.947265625,15,42.929771900177
0.9578125,12,42.93262577056885
0.96484375,10,42.93524885177612
0.947265625,15,42.938941955566406
0.940234375,17,42.943352699279785
0.95078125,14,42.94694781303406
0.96484375,10,42.94923973083496
0.940234375,17,42.954280853271484
0.9578125,12,42.9572868347168
0.9578125,12,42.96014094352722
0.95078125,14,42.96351480484009
0.961328125,11,42.96633505821228
0.96484375,10,42.9689679145813
0.94375,16,42.97258281707764
0.94375,16,42.97674584388733
0.95078125,14,42.98027181625366
0.947265625,15,42.984094858169556
-1,1,42.98466897010803
0.961328125,11,42.987406730651855
0.9578125,12,42.990551710128784
-1,10,42.993350982666016
0.961328125,11,42.996293783187866
0.96484375,10,42.99881196022034
-1,12,43.002360820770264
0.961328125,11,43.00521802902222
0.96484375,10,43.008224964141846
0.947265625,15,43.01192593574524
0.947265625,15,43.015803813934326
0.9578125,12,43.01883387565613
0.96484375,10,43.02117586135864
0.96484375,10,43.02347493171692
0.94375,16,43.02754878997803
0.954296875,13,43.030794858932495
0.954296875,13,43.03380084037781
-1,22,43.03942608833313
0.94375,16,43.043335914611816
0.96484375,10,43.04581570625305
0.94375,16,43.05038595199585
0.95078125,14,43.05407476425171
0.95078125,14,43.05739378929138
-1,2,43.058077812194824
0.947265625,15,43.06155967712402
0.961328125,11,43.06445789337158
0.961328125,11,43.067330837249756
0.933203125,19,43.0716187953949
0.96484375,10,43.074108839035034
0.954296875,13,43.07747483253479
0.95078125,14,43.0809428691864
0.954296875,13,43.08386206626892
0.95078125,14,43.08773994445801
0.961328125,11,43.090484857559204
0.96484375,10,43.09302282333374
0.95078125,14,43.09623098373413
0.947265625,15,43.09994196891785
0.961328125,11,43.10261082649231
0.95078125,14,43.10583281517029
0.961328125,11,43.10851192474365
0.9578125,12,43.111512899398804
0.95078125,14,43.11523389816284
0.954296875,13,43.11836791038513
0.96484375,10,43.121360778808594
0.940234375,17,43.12536883354187
-1,1,43.125876903533936
0.961328125,11,43.12854290008545
0.933203125,19,43.13450503349304
0.961328125,11,43.13812875747681
0.9578125,12,43.141488790512085
0.95078125,14,43.14598608016968
0.9578125,12,43.15005373954773
0.954296875,13,43.153783082962036
0.9578125,12,43.157707929611206
0.96484375,10,43.16127800941467
0.95078125,14,43.165785789489746
0.954296875,13,43.16990375518799
0.96484375,10,43.17338490486145
0.898046875,29,43.18167591094971
0.95078125,14,43.186707973480225
0.9578125,12,43.19033074378967
0.9578125,12,43.19485902786255
0.94375,16,43.199461936950684
0.940234375,17,43.205583810806274
0.954296875,13,43.20971393585205
0.96484375,10,43.213001012802124
0.96484375,10,43.216787815093994
0.961328125,11,43.21998167037964
0.9578125,12,43.22352194786072
0.954296875,13,43.22795081138611
0.96484375,10,43.23083186149597
0.96484375,10,43.23351287841797
-1,1,43.23403286933899
0.9578125,12,43.238449811935425
-1,2,43.23908877372742
0.947265625,15,43.24412393569946
0.9578125,12,43.24814009666443
0.961328125,11,43.25143504142761
0.95078125,14,43.2556369304657
0.9578125,12,43.260443925857544
0.9578125,12,43.26341199874878
0.93671875,18,43.27067184448242
0.9578125,12,43.276010036468506
0.92265625,22,43.283977031707764
0.9578125,12,43.29437804222107
0.9578125,12,43.313352823257446
0.9578125,12,43.31699466705322
0.94375,16,43.32145595550537
0.94375,16,43.33468294143677
0.933203125,19,43.344852924346924
0.9578125,12,43.34906077384949
0.96484375,10,43.35185098648071
0.9578125,12,43.35520267486572
0.96484375,10,43.357579946517944
0.96484375,10,43.36184597015381
0.96484375,10,43.36427974700928
0.96484375,10,43.36686372756958
0.96484375,10,43.36924386024475
0.96484375,10,43.371829986572266
0.947265625,15,43.37538003921509
0.947265625,15,43.38169288635254
0.9578125,12,43.387993812561035
0.96484375,10,43.391321897506714
0.94375,16,43.39930295944214
0.93671875,18,43.407930850982666
0.961328125,11,43.41347098350525
0.940234375,17,43.42080092430115
0.95078125,14,43.43009901046753
0.9578125,12,43.433069705963135
0.96484375,10,43.43548393249512
0.95078125,14,43.43884801864624
0.961328125,11,43.44170379638672
0.96484375,10,43.44414782524109
0.961328125,11,43.44693565368652
0.947265625,15,43.45416593551636
0.961328125,11,43.461015701293945
0.96484375,10,43.46751093864441
0.954296875,13,43.473737955093384
0.933203125,19,43.478073835372925
0.96484375,10,43.480289936065674
0.9578125,12,43.48305106163025
0.961328125,11,43.485929012298584
0.9296875,20,43.49109101295471
0.954296875,13,43.49428582191467
-1,10,43.49890208244324
0.961328125,11,43.5020649433136
0.947265625,15,43.505481004714966
0.961328125,11,43.50817584991455
0.9578125,12,43.5112988948822
0.961328125,11,43.51450705528259
0.961328125,11,43.51778197288513
0.940234375,17,43.5220890045166
0.96484375,10,43.5250129699707
0.947265625,15,43.52894997596741
0.954296875,13,43.53239989280701
0.954296875,13,43.53540778160095
0.9296875,20,43.54060888290405
0.9578125,12,43.543699979782104
0.947265625,15,43.54763698577881
0.96484375,10,43.550076961517334
0.947265625,15,43.55397891998291
-1,1,43.55455493927002
0.9578125,12,43.55749583244324
0.94375,16,43.56120586395264
0.96484375,10,43.56386685371399
0.933203125,19,43.56874990463257
-1,3,43.570188999176025
0.96484375,10,43.57260704040527
0.933203125,19,43.57797288894653
0.9578125,12,43.58101677894592
0.954296875,13,43.58475589752197
0.9578125,12,43.5879590511322
0.940234375,17,43.59214496612549
0.940234375,17,43.59645485877991
0.954296875,13,43.60014271736145
0.954296875,13,43.60340189933777
0.92265625,22,43.60984706878662
0.954296875,13,43.61342000961304
0.954296875,13,43.617021799087524
0.947265625,15,43.62106895446777
0.940234375,17,43.6251540184021
-1,1,43.62588381767273
0.95078125,14,43.629478931427
0.961328125,11,43.63254976272583
0.954296875,13,43.635658979415894
0.947265625,15,43.639837980270386
0.954296875,13,43.64341998100281
0.947265625,15,43.647663831710815
0.93671875,18,43.65250372886658
0.961328125,11,43.65584588050842
0.9578125,12,43.65885901451111
0.954296875,13,43.66210675239563
0.95078125,14,43.66557598114014
0.954296875,13,43.669585943222046
0.96484375,10,43.67203402519226
0.961328125,11,43.67503094673157
-1,10,43.67772078514099
0.961328125,11,43.68090891838074
0.954296875,13,43.68554401397705
0.961328125,11,43.68858599662781
0.96484375,10,43.69174385070801
0.95078125,14,43.69536375999451
0.95078125,14,43.69960689544678
0.933203125,19,43.704269886016846
0.954296875,13,43.70808291435242
0.954296875,13,43.711435079574585
0.96484375,10,43.7146360874176
0.961328125,11,43.7171950340271
0.947265625,15,43.72107791900635
0.940234375,17,43.72595191001892
0.961328125,11,43.728832960128784
0.96484375,10,43.73190784454346
0.96484375,10,43.73431873321533
0.954296875,13,43.737805128097534
0.9578125,12,43.74088191986084
0.940234375,17,43.74475073814392
0.95078125,14,43.748148918151855
0.96484375,10,43.750751972198486
0.96484375,10,43.75317978858948
0.96484375,10,43.75550174713135
0.96484375,10,43.758065938949585
0.96484375,10,43.76038098335266
0.96484375,10,43.762754678726196
-1,8,43.76474094390869
0.9578125,12,43.76786994934082
0.95078125,14,43.771733045578
0.961328125,11,43.77443289756775
0.96484375,10,43.77702879905701
0.96484375,10,43.77943181991577
0.9578125,12,43.78306198120117
0.95078125,14,43.786749839782715
0.961328125,11,43.78952193260193
0.961328125,11,43.79265093803406
0.96484375,10,43.79517698287964
0.92265625,22,43.80065202713013
0.961328125,11,43.8046338558197
0.961328125,11,43.807532787323
0.96484375,10,43.810046911239624
0.9578125,12,43.81279373168945
0.94375,16,43.81686878204346
0.92265625,22,43.822372913360596
0.93671875,18,43.826988697052
0.961328125,11,43.82979679107666
0.961328125,11,43.8324658870697
-1,11,43.835256814956665
0.95078125,14,43.838807106018066
0.933203125,19,43.84337091445923
0.947265625,15,43.847338914871216
0.961328125,11,43.8501718044281
0.926171875,21,43.85503792762756
0.933203125,19,43.85951280593872
0.9578125,12,43.86258888244629
0.961328125,11,43.86567497253418
0.9578125,12,43.868690967559814
0.961328125,11,43.87157082557678
0.954296875,13,43.87476992607117
0.9578125,12,43.87786388397217
0.961328125,11,43.88047790527344
-1,3,43.88149881362915
0.95078125,14,43.885143756866455
0.94375,16,43.88866996765137
0.95078125,14,43.89226174354553
0.961328125,11,43.895118713378906
0.96484375,10,43.89753603935242
0.96484375,10,43.89981293678284
0.954296875,13,43.903045892715454
0.947265625,15,43.9071159362793
0.96484375,10,43.90970802307129
0.9578125,12,43.912773847579956
0.940234375,17,43.917380809783936
0.95078125,14,43.92099094390869
0.961328125,11,43.923789739608765
0.954296875,13,43.926979780197144
0.95078125,14,43.93045401573181
0.947265625,15,43.933804750442505
0.961328125,11,43.93649482727051
0.961328125,11,43.939257860183716
0.954296875,13,43.94268989562988
0.954296875,13,43.9461829662323
0.961328125,11,43.94894480705261
0.940234375,17,43.95328998565674
0.9578125,12,43.95622992515564
0.947265625,15,43.959786891937256
0.961328125,11,43.96242690086365
0.9578125,12,43.9655327796936
0.9578125,12,43.96853995323181
-1,1,43.96902298927307
0.95078125,14,43.97245478630066
0.95078125,14,43.976330041885376
0.95078125,14,43.97979688644409
0.912109375,25,43.9864981174469
0.95078125,14,43.99023795127869
0.9578125,12,43.99321389198303
0.9296875,20,43.99773168563843
0.961328125,11,44.000563859939575
0.961328125,11,44.00336003303528
0.96484375,10,44.00565981864929
0.94375,16,44.00981307029724
0.96484375,10,44.012425899505615
0.9578125,12,44.015336990356445
0.96484375,10,44.01763105392456
0.961328125,11,44.02023386955261
0.947265625,15,44.02387189865112
0.947265625,15,44.02815103530884
0.940234375,17,44.032498836517334
0.954296875,13,44.035807847976685
0.954296875,13,44.03935480117798
0.95078125,14,44.043232917785645
0.940234375,17,44.04752993583679
0.94375,16,44.051347970962524
0.947265625,15,44.05523467063904
0.96484375,10,44.05790066719055
0.96484375,10,44.060476779937744
0.94375,16,44.06439399719238
0.96484375,10,44.06688690185547
0.96484375,10,44.06949305534363
0.96484375,10,44.072067737579346
0.95078125,14,44.0757257938385
0.94375,16,44.07965898513794
0.96484375,10,44.082231760025024
0.961328125,11,44.08527898788452
0.933203125,19,44.0901997089386
0.961328125,11,44.0927197933197
0.96484375,10,44.095211029052734
0.9296875,20,44.09994888305664
0.954296875,13,44.10329484939575
0.9578125,12,44.10655903816223
0.947265625,15,44.11045789718628
0.961328125,11,44.113393783569336
0.961328125,11,44.116100788116455
0.92265625,22,44.12256097793579
0.954296875,13,44.125680923461914
0.940234375,17,44.13079786300659
-1,18,44.13527297973633
0.96484375,10,44.13811779022217
0.9578125,12,44.141127824783325
0.961328125,11,44.14393401145935
0.96484375,10,44.15461182594299
0.93671875,18,44.15860986709595
0.954296875,13,44.16159105300903
-1,3,44.162505865097046
0.9578125,12,44.16531300544739
0.9578125,12,44.168211936950684
0.961328125,11,44.1707398891449
0.9578125,12,44.17424488067627
0.95078125,14,44.180436849594116
0.94375,16,44.1840980052948
0.96484375,10,44.186540842056274
-1,3,44.18876600265503
0.95078125,14,44.192527770996094
0.9578125,12,44.19721984863281
0.954296875,13,44.20075583457947
-1,1,44.20213770866394
0.96484375,10,44.206522941589355
0.96484375,10,44.210906744003296
0.94375,16,44.215343952178955
0.96484375,10,44.219507932662964
-1,10,44.22315502166748
0.954296875,13,44.22610306739807
0.9578125,12,44.230599880218506
0.96484375,10,44.233667850494385
0.95078125,14,44.23814678192139
0.961328125,11,44.24147295951843
0.96484375,10,44.24568295478821
0.96484375,10,44.25031590461731
0.961328125,11,44.254185914993286
0.9578125,12,44.2573037147522
0.96484375,10,44.262547969818115
0.96484375,10,44.27684688568115
0.954296875,13,44.28752088546753
0.94375,16,44.298887968063354
0.940234375,17,44.30652379989624
0.96484375,10,44.31135392189026
0.954296875,13,44.31714200973511
0.93671875,18,44.323933839797974
0.94375,16,44.33807110786438
0.92265625,22,44.35839581489563
0.954296875,13,44.36487293243408
0.96484375,10,44.367785930633545
0.93671875,18,44.37266778945923
0.961328125,11,44.378225803375244
0.96484375,10,44.38381385803223
0.96484375,10,44.389150857925415
0.95078125,14,44.398953914642334
0.96484375,10,44.40673208236694
0.96484375,10,44.40944004058838
0.947265625,15,44.41310477256775
0.95078125,14,44.41659379005432
0.95078125,14,44.419901847839355
0.961328125,11,44.422465085983276
0.96484375,10,44.43200492858887
0.915625,24,44.456151723861694
0.954296875,13,44.471001863479614
0.9578125,12,44.473921060562134
0.961328125,11,44.476388931274414
0.93671875,18,44.48140788078308
0.9578125,12,44.48713278770447
0.912109375,25,44.501529932022095
0.9578125,12,44.506521701812744
0.9578125,12,44.51829195022583
0.961328125,11,44.52463173866272
0.954296875,13,44.53112602233887
0.961328125,11,44.53813982009888
0.96484375,10,44.5433509349823
0.95078125,14,44.548365116119385
0.961328125,11,44.55273985862732
0.933203125,19,44.55840492248535
0.9578125,12,44.56266379356384
0.9578125,12,44.56641697883606
0.9578125,12,44.571181774139404
0.96484375,10,44.576098680496216
0.96484375,10,44.57871174812317
0.940234375,17,44.58355402946472
0.94375,16,44.587825775146484
0.940234375,17,44.59513974189758
0.961328125,11,44.603458881378174
-1,3,44.60488986968994
0.96484375,10,44.61020588874817
0.961328125,11,44.61577868461609
0.95078125,14,44.6228609085083
0.96484375,10,44.62538480758667
0.96484375,10,44.62776780128479
0.947265625,15,44.63495874404907
0.96484375,10,44.63907790184021
0.94375,16,44.64583706855774
0.9578125,12,44.65143609046936
0.96484375,10,44.65754175186157
0.947265625,15,44.664092779159546
0.96484375,10,44.669153928756714
0.961328125,11,44.67266583442688
0.9578125,12,44.68695282936096
-1,1,44.688251972198486
0.9578125,12,44.7012038230896
-1,1,44.70178985595703
0.954296875,13,44.704901933670044
0.961328125,11,44.71058797836304
0.96484375,10,44.72100877761841
0.96484375,10,44.72825384140015
0.96484375,10,44.73239302635193
0.95078125,14,44.740906953811646
0.93671875,18,44.74846887588501
0.961328125,11,44.751924991607666
0.9578125,12,44.75582695007324
0.954296875,13,44.75949192047119
0.96484375,10,44.761945724487305
0.954296875,13,44.76611876487732
0.954296875,13,44.7716600894928
0.96484375,10,44.77410578727722
0.95078125,14,44.77778887748718
0.926171875,21,44.78536295890808
0.9578125,12,44.788498878479004
0.961328125,11,44.791239976882935
0.961328125,11,44.794224977493286
0.94375,16,44.80082678794861
0.961328125,11,44.80567288398743
0.93671875,18,44.81077980995178
0.96484375,10,44.813326835632324
0.95078125,14,44.81694793701172
0.96484375,10,44.81985092163086
0.96484375,10,44.822314977645874
0.961328125,11,44.8251850605011
0.96484375,10,44.82751274108887
0.95078125,14,44.83114981651306
0.961328125,11,44.83411002159119
0.954296875,13,44.838340759277344
0.96484375,10,44.840900897979736
0.96484375,10,44.843278884887695
0.940234375,17,44.847712993621826
0.954296875,13,44.85177183151245
0.954296875,13,44.85518169403076
0.96484375,10,44.857701778411865
0.947265625,15,44.86135768890381
0.96484375,10,44.864017963409424
0.95078125,14,44.86760711669922
0.915625,24,44.87341284751892
0.954296875,13,44.876696825027466
0.96484375,10,44.8790168762207
0.947265625,15,44.88530206680298
0.9578125,12,44.8896279335022
0.954296875,13,44.89410471916199
0.95078125,14,44.89724802970886
0.96484375,10,44.89960289001465
0.961328125,11,44.90263080596924
0.96484375,10,44.905226945877075
0.9578125,12,44.90794086456299
0.94375,16,44.91293907165527
0.96484375,10,44.91888093948364
0.961328125,11,44.921684980392456
0.947265625,15,44.92526292800903
0.961328125,11,44.92796993255615
0.96484375,10,44.930432081222534
0.96484375,10,44.93479776382446
0.96484375,10,44.93855595588684
0.9578125,12,44.943723917007446
0.94375,16,44.950498819351196
0.94375,16,44.956300020217896
0.96484375,10,44.95934796333313
0.96484375,10,44.964486837387085
0.94375,16,44.97181010246277
0.961328125,11,44.97713899612427
0.954296875,13,44.9815468788147
0.933203125,19,44.98817205429077
0.9578125,12,44.990861892700195
0.961328125,11,44.99341583251953
0.9578125,12,44.99807095527649
0.96484375,10,45.00159287452698
0.96484375,10,45.003880977630615
0.96484375,10,45.00616693496704
-1,11,45.00892686843872
0.9578125,12,45.011950731277466
0.940234375,17,45.016865968704224
0.9578125,12,45.02013278007507
0.947265625,15,45.02383494377136
0.961328125,11,45.026500940322876
0.96484375,10,45.02892184257507
0.961328125,11,45.03162503242493
0.919140625,23,45.037285804748535
0.96484375,10,45.039794921875
0.9578125,12,45.042834997177124
0.947265625,15,45.046833992004395
0.95078125,14,45.05041790008545
0.947265625,15,45.05486273765564
0.96484375,10,45.05745482444763
0.961328125,11,45.06014895439148
0.96484375,10,45.06313395500183
0.96484375,10,45.06571698188782
0.954296875,13,45.069084882736206
-1,3,45.07023000717163
-1,9,45.0726420879364
0.96484375,10,45.075149059295654
0.95078125,14,45.07832384109497
0.9578125,12,45.081377029418945
0.95078125,14,45.08515477180481
0.9578125,12,45.08814477920532
0.961328125,11,45.09076404571533
0.96484375,10,45.09319186210632
0.954296875,13,45.096611738204956
0.954296875,13,45.09998679161072
0.95078125,14,45.1032497882843
0.961328125,11,45.106045961380005
0.954296875,13,45.10905981063843
0.96484375,10,45.11130094528198
0.95078125,14,45.11450982093811
0.954296875,13,45.11793780326843
-1,4,45.11939787864685
0.94375,16,45.12303376197815
0.954296875,13,45.12612581253052
0.94375,16,45.13037586212158
0.954296875,13,45.133426904678345
0.96484375,10,45.13575768470764
0.961328125,11,45.13871383666992
0.947265625,15,45.14233875274658
0.9578125,12,45.14517569541931
-1,3,45.14621376991272
0.915625,24,45.15196990966797
0.961328125,11,45.15455889701843
0.96484375,10,45.15698289871216
0.96484375,10,45.159467935562134
0.961328125,11,45.162195920944214
0.961328125,11,45.164883852005005
0.9578125,12,45.16760778427124
0.954296875,13,45.17172884941101
0.96484375,10,45.17416191101074
0.9578125,12,45.178386926651
0.961328125,11,45.18118405342102
0.961328125,11,45.183902978897095
0.9578125,12,45.18688106536865
0.9578125,12,45.19063186645508
0.95078125,14,45.19417691230774
0.961328125,11,45.196781873703
0.961328125,11,45.199349880218506
0.9296875,20,45.20396685600281
0.947265625,15,45.20748496055603
0.9578125,12,45.21040487289429
0.92265625,22,45.215903997421265
0.96484375,10,45.21868395805359
0.961328125,11,45.22182607650757
0.947265625,15,45.22564196586609
0.954296875,13,45.22895383834839
0.947265625,15,45.23287773132324
0.96484375,10,45.235469818115234
0.94375,16,45.23952794075012
0.933203125,19,45.244417905807495
0.94375,16,45.24826979637146
0.96484375,10,45.25082278251648
0.9578125,12,45.25385093688965
0.96484375,10,45.256263971328735
-1,1,45.25667691230774
0.9578125,12,45.2595489025116
0.912109375,25,45.26584196090698
0.954296875,13,45.26917099952698
0.96484375,10,45.27205300331116
0.96484375,10,45.274364948272705
0.940234375,17,45.27844786643982
0.94375,16,45.28286290168762
0.9578125,12,45.285682916641235
0.96484375,10,45.28805994987488
0.940234375,17,45.29238772392273
0.954296875,13,45.29551386833191
0.95078125,14,45.298866987228394
0.96484375,10,45.30109786987305
0.95078125,14,45.3047149181366
0.96484375,10,45.307151794433594
0.961328125,11,45.30992794036865
0.940234375,17,45.314131021499634
0.961328125,11,45.31709599494934
0.954296875,13,45.32016110420227
0.96484375,10,45.32249593734741
0.940234375,17,45.326589822769165
-1,3,45.32808184623718
0.954296875,13,45.33111596107483
0.96484375,10,45.333425998687744
0.9578125,12,45.336519956588745
-1,1,45.33694791793823
0.926171875,21,45.34187173843384
0.9578125,12,45.34445905685425
0.9578125,12,45.34730792045593
0.94375,16,45.35145401954651
0.9578125,12,45.35429406166077
0.9578125,12,45.357340812683105
0.9578125,12,45.3603949546814
0.940234375,17,45.364598989486694
0.954296875,13,45.36780786514282
-1,13,45.37152576446533
0.947265625,15,45.375486850738525
0.961328125,11,45.37834596633911
0.9578125,12,45.38134789466858
0.961328125,11,45.38431000709534
0.9578125,12,45.38782000541687
0.954296875,13,45.39105677604675
0.947265625,15,45.39475202560425
0.961328125,11,45.39753866195679
0.933203125,19,45.40235495567322
0.95078125,14,45.40565085411072
0.9578125,12,45.40890979766846
0.92265625,22,45.41422390937805
0.961328125,11,45.417210817337036
0.9578125,12,45.42048692703247
0.95078125,14,45.4242377281189
0.933203125,19,45.42893600463867
0.961328125,11,45.43196702003479
0.940234375,17,45.43622183799744
0.94375,16,45.44015598297119
0.93671875,18,45.44469404220581
0.954296875,13,45.447787046432495
0.9578125,12,45.450860023498535
0.96484375,10,45.453325033187866
0.9578125,12,45.456315755844116
0.96484375,10,45.45882701873779
0.9578125,12,45.461812019348145
0.95078125,14,45.46525287628174
0.96484375,10,45.46776080131531
0.96484375,10,45.47050094604492
0.95078125,14,45.47383666038513
0.9578125,12,45.47683095932007
0.940234375,17,45.48137283325195
0.9578125,12,45.484604835510254
0.9578125,12,45.4879949092865
0.947265625,15,45.49247694015503
0.93671875,18,45.496681928634644
0.940234375,17,45.501384973526
0.9578125,12,45.5042519569397
0.9578125,12,45.507237911224365
0.96484375,10,45.50990700721741
0.94375,16,45.51360368728638
0.954296875,13,45.51689696311951
0.926171875,21,45.52249503135681
0.95078125,14,45.525731801986694
0.96484375,10,45.52822184562683
0.95078125,14,45.531883001327515
0.947265625,15,45.53579592704773
0.96484375,10,45.53810381889343
0.954296875,13,45.54136300086975
0.96484375,10,45.54380488395691
0.94375,16,45.5476438999176
0.961328125,11,45.55067181587219
0.9296875,20,45.55594182014465
0.9578125,12,45.558979749679565
0.961328125,11,45.561704874038696
0.933203125,19,45.566351890563965
0.9578125,12,45.56997585296631
0.96484375,10,45.5725519657135
0.940234375,17,45.57684087753296
0.96484375,10,45.57923984527588
0.96484375,10,45.581827878952026
0.96484375,10,45.58468675613403
0.961328125,11,45.587217807769775
0.96484375,10,45.58954977989197
0.9578125,12,45.59244704246521
-1,15,45.5960578918457
0.96484375,10,45.59843301773071
0.954296875,13,45.602168798446655
0.947265625,15,45.606109857559204
0.96484375,10,45.60855674743652
0.95078125,14,45.61193585395813
0.961328125,11,45.61469483375549
0.95078125,14,45.61834383010864
0.96484375,10,45.62092995643616
0.95078125,14,45.62460279464722
0.954296875,13,45.627715826034546
0.954296875,13,45.631316900253296
0.95078125,14,45.63492774963379
0.933203125,19,45.6397020816803
0.940234375,17,45.64373588562012
0.94375,16,45.64782381057739
0.940234375,17,45.65178894996643
0.96484375,10,45.65439176559448
0.95078125,14,45.65780305862427
0.961328125,11,45.66060495376587
0.954296875,13,45.664066791534424
0.96484375,10,45.666629791259766
-1,1,45.6673059463501
-1,1,45.66771197319031
0.940234375,17,45.672054052352905
0.96484375,10,45.67459201812744
0.96484375,10,45.67688870429993
0.933203125,19,45.682352781295776
0.919140625,23,45.68896985054016
0.954296875,13,45.69224286079407
0.95078125,14,45.696024894714355
0.961328125,11,45.69938778877258
0.961328125,11,45.702239990234375
0.9578125,12,45.70566487312317
0.9578125,12,45.70858287811279
0.96484375,10,45.71110773086548
0.94375,16,45.716195821762085
-1,1,45.716723918914795
0.9578125,12,45.7210488319397
0.93671875,18,45.72601795196533
0.940234375,17,45.731443881988525
0.954296875,13,45.73689389228821
0.96484375,10,45.73958492279053
0.9578125,12,45.74261784553528
0.961328125,11,45.74533772468567
0.9578125,12,45.74905180931091
0.95078125,14,45.75351405143738
0.961328125,11,45.75673985481262
0.96484375,10,45.76022672653198
0.96484375,10,45.763010025024414
0.9578125,12,45.76702070236206
0.96484375,10,45.76980495452881
0.954296875,13,45.772867918014526
0.96484375,10,45.77653980255127
0.93671875,18,45.78369688987732
0.961328125,11,45.78996300697327
0.95078125,14,45.79340171813965
0.96484375,10,45.79574489593506
0.96484375,10,45.798250913619995
0.961328125,11,45.8024320602417
0.961328125,11,45.8054358959198
0.961328125,11,45.808090925216675
0.9296875,20,45.813596963882446
0.95078125,14,45.82117772102356
0.96484375,10,45.825666666030884
0.96484375,10,45.82928991317749
0.96484375,10,45.83326292037964
0.961328125,11,45.84169793128967
0.96484375,10,45.848047733306885
0.96484375,10,45.855412006378174
0.96484375,10,45.860843896865845
0.96484375,10,45.868889808654785
0.954296875,13,45.87568688392639
0.961328125,11,45.878392696380615
0.947265625,15,45.88210892677307
-1,1,45.88261675834656
0.954296875,13,45.88615393638611
0.94375,16,45.890408992767334
0.96484375,10,45.8930287361145
0.94375,16,45.89696192741394
0.9296875,20,45.9030327796936
-1,1,45.903629779815674
0.9578125,12,45.90696692466736
0.9578125,12,45.90987491607666
0.96484375,10,45.912375688552856
0.96484375,10,45.91516184806824
0.96484375,10,45.91787910461426
0.947265625,15,45.921684980392456
0.961328125,11,45.92465782165527
0.94375,16,45.92870283126831
0.9578125,12,45.931787967681885
0.96484375,10,45.93471002578735
0.954296875,13,45.938133001327515
0.9015625,28,45.94479489326477
0.96484375,10,45.948036909103394
0.95078125,14,45.95259189605713
0.95078125,14,45.95613074302673
0.94375,16,45.960341930389404
0.933203125,19,45.9647490978241
0.96484375,10,45.96830177307129
0.96484375,10,45.97078084945679
0.96484375,10,45.97316789627075
0.9578125,12,45.97634673118591
0.96484375,10,45.97879600524902
0.95078125,14,45.98291301727295
0.912109375,25,45.98917508125305
0.947265625,15,45.9927020072937
0.96484375,10,45.99505376815796
0.954296875,13,45.999754905700684
0.9296875,20,46.004745960235596
0.954296875,13,46.00851774215698
0.961328125,11,46.01139998435974
0.954296875,13,46.014930963516235
0.96484375,10,46.01745676994324
0.954296875,13,46.02114200592041
0.961328125,11,46.02395486831665
0.96484375,10,46.02630400657654
0.96484375,10,46.02865481376648
0.96484375,10,46.031245708465576
0.96484375,10,46.03398394584656
0.96484375,10,46.03644800186157
0.93671875,18,46.041101694107056
0.940234375,17,46.045238971710205
0.96484375,10,46.04815173149109
0.961328125,11,46.05122780799866
0.96484375,10,46.05422496795654
0.94375,16,46.05936789512634
0.954296875,13,46.062697887420654
0.94375,16,46.06665396690369
0.940234375,17,46.07156682014465
0.9578125,12,46.074413776397705
0.954296875,13,46.07825589179993
0.9578125,12,46.08176589012146
0.954296875,13,46.08646297454834
0.961328125,11,46.08945369720459
0.9578125,12,46.092357873916626
0.961328125,11,46.09499979019165
0.947265625,15,46.09823393821716
0.96484375,10,46.10064196586609
0.9578125,12,46.10391879081726
0.954296875,13,46.107088804244995
0.940234375,17,46.11089777946472
0.95078125,14,46.115123987197876
0.94375,16,46.119279861450195
0.96484375,10,46.121772050857544
0.94375,16,46.12567687034607
0.93671875,18,46.129756927490234
0.954296875,13,46.1329779624939
0.96484375,10,46.13558506965637
0.95078125,14,46.1393620967865
0.96484375,10,46.14173698425293
0.954296875,13,46.144964933395386
0.96484375,10,46.14795184135437
0.9578125,12,46.15125298500061
0.95078125,14,46.15516686439514
0.9578125,12,46.15829586982727
0.947265625,15,46.16207695007324
0.954296875,13,46.16708588600159
0.96484375,10,46.16991376876831
-1,1,46.17040681838989
0.94375,16,46.17410683631897
0.9578125,12,46.17745089530945
0.961328125,11,46.17999005317688
0.954296875,13,46.18294978141785
0.96484375,10,46.18575882911682
0.96484375,10,46.1882758140564
0.961328125,11,46.190714836120605
0.96484375,10,46.19329595565796
0.96484375,10,46.195878982543945
0.96484375,10,46.198524951934814
0.940234375,17,46.20349168777466
0.96484375,10,46.20618987083435
0.961328125,11,46.20896887779236
0.940234375,17,46.21303987503052
0.954296875,13,46.21629595756531
0.947265625,15,46.220149993896484
0.961328125,11,46.223384857177734
0.915625,24,46.2294499874115
0.9296875,20,46.23438000679016
0.947265625,15,46.23849391937256
0.95078125,14,46.24200487136841
-1,1,46.242538928985596
0.94375,16,46.24659585952759
0.9296875,20,46.25244069099426
0.961328125,11,46.25532793998718
0.961328125,11,46.25824284553528
0.96484375,10,46.260725021362305
0.947265625,15,46.26476287841797
0.93671875,18,46.26941275596619
0.94375,16,46.27342176437378
0.96484375,10,46.275917053222656
0.961328125,11,46.27881073951721
0.96484375,10,46.28117394447327
0.940234375,17,46.28525686264038
0.961328125,11,46.28817367553711
0.954296875,13,46.291555881500244
0.9578125,12,46.294556856155396
0.95078125,14,46.29818892478943
0.96484375,10,46.30066895484924
0.961328125,11,46.30350685119629
0.9578125,12,46.30617880821228
0.9578125,12,46.309244871139526
0.961328125,11,46.312187910079956
-1,1,46.31265377998352
0.961328125,11,46.31557583808899
0.954296875,13,46.31900596618652
0.915625,24,46.32501292228699
0.96484375,10,46.32752990722656
0.9578125,12,46.330888986587524
0.961328125,11,46.33382296562195
0.96484375,10,46.3361599445343
0.95078125,14,46.33955478668213
0.947265625,15,46.34324097633362
0.96484375,10,46.34571194648743
0.96484375,10,46.34852194786072
0.961328125,11,46.351746797561646
0.947265625,15,46.35570788383484
0.96484375,10,46.35887289047241
0.94375,16,46.36442971229553
-1,18,46.369367837905884
0.954296875,13,46.37974786758423
0.96484375,10,46.38268184661865
0.947265625,15,46.387247800827026
0.96484375,10,46.391923904418945
0.95078125,14,46.3956458568573
0.940234375,17,46.40440773963928
0.93671875,18,46.43068289756775
0.954296875,13,46.437071800231934
0.94375,16,46.441333055496216
0.961328125,11,46.44394397735596
0.95078125,14,46.447938680648804
0.9296875,20,46.45365881919861
0.96484375,10,46.45777988433838
0.96484375,10,46.460434913635254
0.9578125,12,46.464743852615356
0.96484375,10,46.468857765197754
0.95078125,14,46.47281002998352
0.96484375,10,46.475151777267456
0.96484375,10,46.478018045425415
0.940234375,17,46.48392081260681
-1,1,46.48443293571472
0.961328125,11,46.48734378814697
0.940234375,17,46.49226975440979
0.961328125,11,46.49904680252075
0.96484375,10,46.50169587135315
0.96484375,10,46.50438404083252
0.96484375,10,46.506799936294556
0.954296875,13,46.50988173484802
0.961328125,11,46.51249694824219
0.9578125,12,46.51571488380432
0.9578125,12,46.519683837890625
0.96484375,10,46.521968841552734
0.95078125,14,46.52520489692688
0.9578125,12,46.528111934661865
0.940234375,17,46.53299403190613
0.9578125,12,46.53618788719177
0.919140625,23,46.54266285896301
0.954296875,13,46.54577589035034
0.96484375,10,46.54919767379761
0.96484375,10,46.55186104774475
0.94375,16,46.55573296546936
0.954296875,13,46.55896878242493
0.947265625,15,46.56243586540222
0.96484375,10,46.56523084640503
0.96484375,10,46.56850004196167
0.94375,16,46.57254385948181
0.954296875,13,46.575652837753296
0.9578125,12,46.57886481285095
0.92265625,22,46.58481574058533
0.9578125,12,46.58784580230713
-1,2,46.5885808467865
0.926171875,21,46.593952894210815
-1,2,46.5946729183197
0.933203125,19,46.59987998008728
0.961328125,11,46.60280084609985
0.96484375,10,46.60522389411926
0.95078125,14,46.6088650226593
0.947265625,15,46.61259078979492
0.96484375,10,46.61568474769592
0.954296875,13,46.62014389038086
0.95078125,14,46.62342095375061
0.940234375,17,46.627763986587524
0.954296875,13,46.6313259601593
0.947265625,15,46.635616064071655
0.954296875,13,46.63935375213623
0.96484375,10,46.64196300506592
0.96484375,10,46.64431095123291
0.96484375,10,46.64732384681702
0.954296875,13,46.650885820388794
0.961328125,11,46.65372395515442
0.95078125,14,46.65712785720825
0.961328125,11,46.65988302230835
0.96484375,10,46.66251802444458
0.96484375,10,46.66499185562134
0.94375,16,46.669392824172974
0.961328125,11,46.672271728515625
0.96484375,10,46.67470169067383
-1,3,46.67570900917053
0.96484375,10,46.67843794822693
0.954296875,13,46.681687116622925
-1,1,46.68220901489258
0.947265625,15,46.68599200248718
0.961328125,11,46.688780069351196
0.96484375,10,46.691319704055786
0.947265625,15,46.69499707221985
0.954296875,13,46.69839787483215
0.9578125,12,46.70180082321167
0.96484375,10,46.7042670249939
0.96484375,10,46.706790924072266
0.961328125,11,46.7096688747406
0.961328125,11,46.71245074272156
0.96484375,10,46.71550798416138
0.9578125,12,46.71860194206238
-1,4,46.71993279457092
0.954296875,13,46.72309398651123
0.96484375,10,46.72564196586609
0.96484375,10,46.72799491882324
0.95078125,14,46.731199979782104
0.954296875,13,46.734442949295044
0.95078125,14,46.737921953201294
0.9296875,20,46.74301886558533
0.919140625,23,46.74859976768494
0.96484375,10,46.75099277496338
0.961328125,11,46.755706787109375
0.9578125,12,46.75953483581543
0.96484375,10,46.7645697593689
0.9578125,12,46.769399881362915
0.96484375,10,46.77328109741211
0.94375,16,46.777742862701416
0.961328125,11,46.78162884712219
0.96484375,10,46.78574585914612
0.961328125,11,46.78931999206543
0.9578125,12,46.793091773986816
0.94375,16,46.79821491241455
0.96484375,10,46.802578926086426
0.96484375,10,46.805919885635376
-1,11,46.80953502655029
0.95078125,14,46.81464385986328
0.926171875,21,46.82255792617798
0.947265625,15,46.826257944107056
0.9578125,12,46.83000087738037
0.954296875,13,46.83505201339722
0.961328125,11,46.83849811553955
0.961328125,11,46.84281802177429
0.954296875,13,46.846972942352295
0.954296875,13,46.85113191604614
0.95078125,14,46.855700969696045
0.94375,16,46.86046481132507
-1,1,46.861114740371704
0.95078125,14,46.86580777168274
0.94375,16,46.87052583694458
0.954296875,13,46.875940799713135
0.93671875,18,46.88013696670532
0.954296875,13,46.88367009162903
0.96484375,10,46.88610887527466
0.96484375,10,46.88840293884277
0.96484375,10,46.890713930130005
0.9578125,12,46.893901109695435
0.96484375,10,46.896498918533325
0.9578125,12,46.899271965026855
0.954296875,13,46.90250492095947
0.96484375,10,46.905306816101074
0.954296875,13,46.9084050655365
0.96484375,10,46.910727977752686
0.93671875,18,46.915613889694214
0.96484375,10,46.91821599006653
0.90859375,26,46.92447376251221
0.961328125,11,46.927472829818726
0.954296875,13,46.930903673172
0.9578125,12,46.9338858127594
0.94375,16,46.93783092498779
0.95078125,14,46.941189765930176
0.9578125,12,46.94407773017883
0.95078125,14,46.947596073150635
0.954296875,13,46.95065093040466
0.961328125,11,46.95345997810364
-1,4,46.954643964767456
0.96484375,10,46.95706796646118
0.940234375,17,46.96095895767212
0.961328125,11,46.96373510360718
0.95078125,14,46.967280864715576
0.96484375,10,46.96958374977112
0.940234375,17,46.973612785339355
0.954296875,13,46.976977825164795
0.9578125,12,46.97980785369873
0.95078125,14,46.983282804489136
0.954296875,13,46.986696004867554
0.954296875,13,46.99094295501709
0.96484375,10,46.993616819381714
0.9578125,12,46.99656701087952
-1,8,46.99871492385864
0.96484375,10,47.001242876052856
0.94375,16,47.00491499900818
0.96484375,10,47.00726389884949
0.95078125,14,47.01077890396118
0.961328125,11,47.01357078552246
0.9578125,12,47.01647090911865
0.9578125,12,47.019672870635986
0.95078125,14,47.02311086654663
0.94375,16,47.02703905105591
0.919140625,23,47.032312870025635
0.933203125,19,47.03731989860535
-1,1,47.037808895111084
0.93671875,18,47.042481899261475
0.947265625,15,47.04663681983948
-1,2,47.047297954559326
0.96484375,10,47.049901723861694
-1,1,47.05039691925049
0.961328125,11,47.05311679840088
0.961328125,11,47.05589294433594
0.96484375,10,47.05821180343628
0.9578125,12,47.06118202209473
0.96484375,10,47.063814878463745
0.940234375,17,47.068033933639526
0.96484375,10,47.07050395011902
0.95078125,14,47.074434757232666
0.961328125,11,47.07713484764099
0.96484375,10,47.07939410209656
0.9578125,12,47.082576751708984
0.9578125,12,47.086044788360596
0.9578125,12,47.08894896507263
0.961328125,11,47.09153890609741
0.96484375,10,47.09396982192993
0.954296875,13,47.097208738327026
0.96484375,10,47.09979176521301
0.9578125,12,47.102643966674805
0.95078125,14,47.10624384880066
0.961328125,11,47.109236001968384
0.9578125,12,47.112565994262695
0.954296875,13,47.11617088317871
0.96484375,10,47.118815898895264
0.961328125,11,47.12161993980408
0.96484375,10,47.12428283691406
0.92265625,22,47.12974190711975
0.954296875,13,47.135106801986694
0.95078125,14,47.13892674446106
0.9578125,12,47.14259576797485
0.947265625,15,47.14655780792236
0.96484375,10,47.1495680809021
0.95078125,14,47.1543607711792
0.96484375,10,47.15753698348999
0.93671875,18,47.16342282295227
0.954296875,13,47.1674907207489
-1,3,47.1689658164978
0.961328125,11,47.17265486717224
0.96484375,10,47.176071882247925
0.9578125,12,47.18052101135254
0.9578125,12,47.185117959976196
0.9578125,12,47.188204765319824
0.947265625,15,47.19253993034363
0.9578125,12,47.19613790512085
0.954296875,13,47.20021390914917
-1,2,47.20106482505798
0.96484375,10,47.204225063323975
0.954296875,13,47.20835304260254
0.95078125,14,47.21194887161255
0.96484375,10,47.21505689620972
0.961328125,11,47.21803593635559
0.954296875,13,47.22145891189575
0.961328125,11,47.22638273239136
0.961328125,11,47.23138380050659
0.961328125,11,47.235994815826416
0.954296875,13,47.24184489250183
0.95078125,14,47.24903869628906
0.9296875,20,47.25437068939209
0.96484375,10,47.25692296028137
0.919140625,23,47.26230192184448
0.954296875,13,47.26582407951355
0.96484375,10,47.26846885681152
0.96484375,10,47.27120590209961
0.96484375,10,47.27381491661072
0.95078125,14,47.27735495567322
0.9578125,12,47.2802197933197
0.9578125,12,47.28322887420654
0.961328125,11,47.286168813705444
0.947265625,15,47.289838790893555
0.9578125,12,47.29308485984802
0.954296875,13,47.29647374153137
0.96484375,10,47.29908895492554
0.96484375,10,47.301681995391846
0.96484375,10,47.30426907539368
0.947265625,15,47.308449029922485
0.96484375,10,47.31092977523804
0.95078125,14,47.31447076797485
0.96484375,10,47.31699895858765
0.95078125,14,47.32176995277405
0.898046875,29,47.32890701293945
0.9578125,12,47.332194089889526
0.9296875,20,47.33755278587341
0.96484375,10,47.34007668495178
0.947265625,15,47.34345078468323
0.961328125,11,47.34621596336365
0.95078125,14,47.34974384307861
0.947265625,15,47.35369396209717
0.961328125,11,47.3565571308136
0.961328125,11,47.359325885772705
0.961328125,11,47.36209678649902
0.94375,16,47.36600875854492
0.954296875,13,47.36928391456604
0.947265625,15,47.37319779396057
0.961328125,11,47.37591600418091
0.96484375,10,47.378246784210205
0.9578125,12,47.38113188743591
0.96484375,10,47.38367986679077
0.954296875,13,47.386839866638184
0.961328125,11,47.38949489593506
0.961328125,11,47.39245080947876
0.947265625,15,47.396241903305054
0.954296875,13,47.39945197105408
0.9578125,12,47.40249800682068
-1,12,47.4056236743927
0.96484375,10,47.408071994781494
0.9578125,12,47.41086173057556
0.9578125,12,47.41411471366882
0.96484375,10,47.41667890548706
0.961328125,11,47.419522762298584
0.95078125,14,47.42316794395447
0.95078125,14,47.426615715026855
0.954296875,13,47.42977476119995
0.96484375,10,47.43241500854492
-1,2,47.433231830596924
0.96484375,10,47.435789823532104
0.9578125,12,47.43896698951721
0.961328125,11,47.441818952560425
0.94375,16,47.446006059646606
0.94375,16,47.45032787322998
0.96484375,10,47.453150033950806
0.96484375,10,47.45561075210571
0.9578125,12,47.45845890045166
0.96484375,10,47.460909843444824
0.9578125,12,47.463817834854126
0.9578125,12,47.46669578552246
0.919140625,23,47.47211694717407
0.961328125,11,47.47517800331116
0.95078125,14,47.47894597053528
0.961328125,11,47.4817898273468
0.96484375,10,47.48444175720215
0.947265625,15,47.48825192451477
0.9578125,12,47.49132585525513
0.93671875,18,47.4954297542572
0.940234375,17,47.49955677986145
0.954296875,13,47.502732038497925
0.96484375,10,47.50524377822876
0.96484375,10,47.50767374038696
0.96484375,10,47.510087966918945
0.96484375,10,47.51261281967163
0.961328125,11,47.51557683944702
0.9578125,12,47.51866793632507
0.9578125,12,47.5218460559845
0.9578125,12,47.52479100227356
0.96484375,10,47.527291774749756
0.961328125,11,47.53006100654602
0.961328125,11,47.53304195404053
0.961328125,11,47.53597593307495
0.933203125,19,47.54077482223511
0.92265625,22,47.546225786209106
0.96484375,10,47.548779010772705
0.96484375,10,47.55110788345337
0.96484375,10,47.55342888832092
0.95078125,14,47.55682587623596
0.915625,24,47.562838077545166
0.96484375,10,47.56534194946289
0.954296875,13,47.568657875061035
0.947265625,15,47.572263956069946
0.96484375,10,47.57468390464783
0.954296875,13,47.577725887298584
0.96484375,10,47.58057689666748
0.961328125,11,47.58327603340149
0.93671875,18,47.587565898895264
0.96484375,10,47.590245962142944
0.912109375,25,47.59594392776489
0.961328125,11,47.5988609790802
0.919140625,23,47.60448479652405
0.954296875,13,47.60781478881836
0.95078125,14,47.611379861831665
0.93671875,18,47.61563968658447
-1,3,47.61670780181885
0.947265625,15,47.6202278137207
0.94375,16,47.624215841293335
0.9578125,12,47.62730693817139
0.947265625,15,47.6311469078064
0.96484375,10,47.63371801376343
0.9578125,12,47.63656497001648
0.9578125,12,47.639519929885864
0.95078125,14,47.64298987388611
0.94375,16,47.64735174179077
0.95078125,14,47.65086078643799
0.96484375,10,47.653337717056274
0.947265625,15,47.6568558216095
0.96484375,10,47.659387826919556
0.9578125,12,47.66273880004883
0.96484375,10,47.66507601737976
0.961328125,11,47.66782593727112
0.954296875,13,47.67145490646362
0.961328125,11,47.67438292503357
-1,3,47.67528486251831
0.95078125,14,47.67872881889343
0.954296875,13,47.68241095542908
0.96484375,10,47.68480205535889
0.95078125,14,47.68802785873413
0.954296875,13,47.69161081314087
0.933203125,19,47.6961989402771
0.93671875,18,47.700453758239746
0.954296875,13,47.7036988735199
0.954296875,13,47.70688271522522
0.9578125,12,47.709924936294556
0.96484375,10,47.712530851364136
0.947265625,15,47.71664476394653
0.947265625,15,47.72015905380249
0.926171875,21,47.72533583641052
-1,2,47.726170778274536
0.96484375,10,47.728683948516846
0.940234375,17,47.73268795013428
0.9578125,12,47.73611283302307
0.9578125,12,47.73923397064209
-1,1,47.739741802215576
0.96484375,10,47.74213099479675
-1,12,47.745136976242065
0.947265625,15,47.74885582923889
0.933203125,19,47.75339984893799
0.9578125,12,47.75664687156677
0.96484375,10,47.75940990447998
0.954296875,13,47.7628059387207
0.95078125,14,47.76638698577881
0.93671875,18,47.77097988128662
0.96484375,10,47.77368402481079
0.96484375,10,47.77615165710449
0.96484375,10,47.778724908828735
0.96484375,10,47.781205892562866
0.94375,16,47.78501510620117
0.95078125,14,47.78870391845703
0.954296875,13,47.79200267791748
0.92265625,22,47.797378063201904
0.9015625,28,47.80397081375122
0.89453125,30,47.81133484840393
0.96484375,10,47.81386876106262
0.954296875,13,47.817107915878296
0.961328125,11,47.8200888633728
0.919140625,23,47.826143980026245
0.94375,16,47.83024477958679
0.96484375,10,47.83271098136902
0.9578125,12,47.83558487892151
0.96484375,10,47.83789396286011
0.95078125,14,47.84136605262756
0.95078125,14,47.84476685523987
0.96484375,10,47.84723997116089
0.9578125,12,47.85036087036133
0.96484375,10,47.8528950214386
0.9578125,12,47.85580396652222
0.961328125,11,47.85835075378418
0.96484375,10,47.8608078956604
0.96484375,10,47.86330795288086
0.92265625,22,47.868895053863525
0.933203125,19,47.87362480163574
0.9578125,12,47.87688398361206
0.96484375,10,47.87933683395386
0.96484375,10,47.881890058517456
0.96484375,10,47.88435673713684
0.961328125,11,47.887027978897095
0.96484375,10,47.88940691947937
0.9578125,12,47.89431285858154
0.947265625,15,47.90398073196411
0.954296875,13,47.90900778770447
0.961328125,11,47.91390585899353
0.947265625,15,47.92231488227844
0.954296875,13,47.92659783363342
0.96484375,10,47.93325066566467
0.9578125,12,47.93960785865784
0.9578125,12,47.942925691604614
0.96484375,10,47.9488320350647
0.96484375,10,47.95434808731079
0.96484375,10,47.95799994468689
-1,2,47.9588680267334
0.96484375,10,47.96541905403137
0.9578125,12,47.97074890136719
0.96484375,10,47.97437906265259
0.933203125,19,47.98455286026001
0.92265625,22,47.99242186546326
0.9578125,12,47.99680685997009
0.96484375,10,48.001506090164185
0.96484375,10,48.00411295890808
0.954296875,13,48.0074028968811
0.95078125,14,48.010918855667114
0.947265625,15,48.01536273956299
0.961328125,11,48.01823091506958
0.947265625,15,48.02221179008484
0.95078125,14,48.02676582336426
0.947265625,15,48.03225088119507
0.96484375,10,48.035874128341675
0.961328125,11,48.039714097976685
-1,1,48.04020094871521
0.96484375,10,48.0436737537384
0.96484375,10,48.04689884185791
0.961328125,11,48.05358386039734
0.940234375,17,48.060182094573975
-1,1,48.06077694892883
0.96484375,10,48.06480288505554
0.95078125,14,48.071173906326294
0.912109375,25,48.08104991912842
0.9578125,12,48.086824893951416
0.961328125,11,48.091777086257935
-1,1,48.09252691268921
0.9578125,12,48.09639501571655
0.940234375,17,48.10501289367676
0.954296875,13,48.10926103591919
0.96484375,10,48.11309003829956
0.9578125,12,48.12000894546509
0.9578125,12,48.12548780441284
0.954296875,13,48.1286678314209
0.96484375,10,48.13118290901184
0.9578125,12,48.13429284095764
0.961328125,11,48.137107849121094
0.9578125,12,48.14025807380676
0.947265625,15,48.14410591125488
-1,1,48.144574880599976
0.95078125,14,48.14813804626465
0.933203125,19,48.15319776535034
0.9578125,12,48.15615177154541
0.947265625,15,48.159759759902954
0.96484375,10,48.16225790977478
0.940234375,17,48.16653895378113
0.9578125,12,48.16944479942322
0.96484375,10,48.17200779914856
0.961328125,11,48.174980878829956
0.954296875,13,48.17833399772644
0.933203125,19,48.18333292007446
0.961328125,11,48.186301946640015
0.96484375,10,48.18899488449097
0.96484375,10,48.19155406951904
0.96484375,10,48.193944692611694
0.933203125,19,48.19849705696106
0.954296875,13,48.20194983482361
0.96484375,10,48.20438504219055
0.961328125,11,48.207221031188965
0.954296875,13,48.2106249332428
0.95078125,14,48.214231729507446
0.947265625,15,48.218005895614624
0.96484375,10,48.22056484222412
0.961328125,11,48.22347903251648
0.9296875,20,48.22909903526306
0.961328125,11,48.2318799495697
0.954296875,13,48.23492479324341
0.96484375,10,48.23760271072388
0.92265625,22,48.24269080162048
0.95078125,14,48.24638390541077
0.947265625,15,48.25035285949707
0.961328125,11,48.253209829330444
0.947265625,15,48.25730085372925
0.954296875,13,48.26060390472412
0.94375,16,48.26431488990784
0.947265625,15,48.26826500892639
-1,1,48.268871784210205
0.95078125,14,48.27238392829895
0.9578125,12,48.27545094490051
0.96484375,10,48.27817177772522
0.961328125,11,48.28113675117493
0.9578125,12,48.28414797782898
0.96484375,10,48.2866427898407
0.96484375,10,48.28905987739563
0.9578125,12,48.29202485084534
0.96484375,10,48.29446768760681
0.96484375,10,48.29694485664368
0.95078125,14,48.30028581619263
0.96484375,10,48.30286002159119
0.96484375,10,48.305298805236816
0.961328125,11,48.308302879333496
0.96484375,10,48.3108229637146
0.96484375,10,48.31319284439087
0.96484375,10,48.31554675102234
0.954296875,13,48.31873679161072
0.940234375,17,48.32281708717346
0.961328125,11,48.325652837753296
0.961328125,11,48.32875895500183
0.954296875,13,48.33201885223389
0.940234375,17,48.336204051971436
0.96484375,10,48.33867907524109
0.95078125,14,48.34231781959534
0.96484375,10,48.34465575218201
0.947265625,15,48.348177909851074
0.93671875,18,48.352712869644165
0.96484375,10,48.35522675514221
0.95078125,14,48.35850286483765
0.9578125,12,48.361554861068726
0.9296875,20,48.36648178100586
0.96484375,10,48.369088888168335
0.961328125,11,48.3719277381897
0.96484375,10,48.374459981918335
0.94375,16,48.378522872924805
0.93671875,18,48.383105993270874
-1,3,48.38413691520691
0.9578125,12,48.387064695358276
0.961328125,11,48.389893770217896
0.96484375,10,48.39247679710388
0.94375,16,48.39629006385803
0.961328125,11,48.39899277687073
0.961328125,11,48.40203070640564
0.9578125,12,48.40492081642151
0.961328125,11,48.40767168998718
0.96484375,10,48.410181760787964
0.96484375,10,48.41279101371765
0.92265625,22,48.41775178909302
0.96484375,10,48.420202016830444
0.96484375,10,48.42300295829773
0.96484375,10,48.42555284500122
0.954296875,13,48.428579807281494
0.961328125,11,48.43157505989075
0.95078125,14,48.435307025909424
0.954296875,13,48.4382107257843
0.9578125,12,48.440977811813354
0.95078125,14,48.44476795196533
0.96484375,10,48.4472119808197
0.9578125,12,48.45003795623779
0.96484375,10,48.452791690826416
0.947265625,15,48.45689296722412
0.954296875,13,48.459932804107666
0.9015625,28,48.466649770736694
0.9578125,12,48.46964883804321
0.947265625,15,48.473105907440186
0.95078125,14,48.476288080215454
0.94375,16,48.48003101348877
0.954296875,13,48.483747720718384
0.9578125,12,48.48662304878235
0.947265625,15,48.48997187614441
0.961328125,11,48.492859840393066
0.96484375,10,48.49541997909546
0.94375,16,48.49928402900696
0.961328125,11,48.50191783905029
0.94375,16,48.50595188140869
0.961328125,11,48.508716106414795
0.947265625,15,48.512611865997314
0.940234375,17,48.51714205741882
0.9578125,12,48.52022671699524
0.947265625,15,48.52369689941406
0.9578125,12,48.5266330242157
0.96484375,10,48.52892279624939
0.96484375,10,48.531466007232666
0.95078125,14,48.53501009941101
0.96484375,10,48.53733491897583
0.9578125,12,48.54004096984863
0.9578125,12,48.54312777519226
0.96484375,10,48.54576277732849
0.96484375,10,48.54813003540039
0.961328125,11,48.550644874572754
0.947265625,15,48.554149866104126
0.954296875,13,48.55739974975586
0.94375,16,48.5609290599823
0.961328125,11,48.564122915267944
0.961328125,11,48.56703782081604
0.95078125,14,48.57059288024902
0.9578125,12,48.57331895828247
0.96484375,10,48.57565689086914
0.94375,16,48.57919692993164
0.96484375,10,48.58157992362976
0.96484375,10,48.5838520526886
0.96484375,10,48.5862820148468
0.93671875,18,48.590688943862915
0.9578125,12,48.59389901161194
0.96484375,10,48.59642791748047
0.96484375,10,48.59898281097412
0.9578125,12,48.60203289985657
0.954296875,13,48.60549998283386
0.947265625,15,48.60897994041443
-1,14,48.61261487007141
0.96484375,10,48.61530590057373
0.96484375,10,48.61790895462036
0.954296875,13,48.62151789665222
0.92265625,22,48.62736392021179
0.95078125,14,48.63085079193115
0.96484375,10,48.63330388069153
0.9296875,20,48.638972997665405
0.96484375,10,48.64185190200806
-1,1,48.64246487617493
0.95078125,14,48.64691877365112
0.96484375,10,48.64950680732727
0.93671875,18,48.655640840530396
0.961328125,11,48.658766746520996
0.93671875,18,48.664612770080566
0.954296875,13,48.669792890548706
0.954296875,13,48.67368197441101
0.96484375,10,48.677769899368286
0.961328125,11,48.682350873947144
0.9578125,12,48.689594745635986
0.96484375,10,48.69324994087219
0.9578125,12,48.69823169708252
0.94375,16,48.70595693588257
0.9578125,12,48.709557056427
0.961328125,11,48.714903831481934
0.95078125,14,48.718700647354126
0.961328125,11,48.721383810043335
0.9578125,12,48.72410798072815
0.95078125,14,48.728638887405396
0.9578125,12,48.733481884002686
0.96484375,10,48.73604202270508
-1,1,48.73657703399658
0.96484375,10,48.73967099189758
0.96484375,10,48.74358677864075
0.92265625,22,48.75145196914673
0.96484375,10,48.753957748413086
0.95078125,14,48.757463693618774
0.954296875,13,48.76080369949341
0.9578125,12,48.763700008392334
0.95078125,14,48.76716494560242
0.9578125,12,48.770113945007324
0.96484375,10,48.772862911224365
0.9578125,12,48.775943994522095
0.96484375,10,48.77850794792175
0.954296875,13,48.781890869140625
0.954296875,13,48.78513693809509
0.9578125,12,48.7879159450531
0.961328125,11,48.790992975234985
0.9578125,12,48.79404592514038
0.961328125,11,48.79662489891052
0.919140625,23,48.80233383178711
0.96484375,10,48.80520701408386
0.961328125,11,48.80778884887695
0.961328125,11,48.81038475036621
0.94375,16,48.81472992897034
0.961328125,11,48.817564964294434
0.961328125,11,48.820119857788086
0.96484375,10,48.82253074645996
0.96484375,10,48.8251268863678
0.96484375,10,48.827632904052734
0.954296875,13,48.83068490028381
0.92265625,22,48.8362078666687
0.947265625,15,48.839887857437134
0.95078125,14,48.843302965164185
0.94375,16,48.847131967544556
0.9578125,12,48.85029578208923
0.9578125,12,48.853249073028564
0.947265625,15,48.85715579986572
0.926171875,21,48.862626791000366
0.954296875,13,48.86614775657654
0.96484375,10,48.86851978302002
0.92265625,22,48.87327575683594
0.96484375,10,48.87576770782471
0.940234375,17,48.88015794754028
0.961328125,11,48.88286590576172
0.954296875,13,48.88625693321228
0.961328125,11,48.88913106918335
0.96484375,10,48.89166188240051
0.933203125,19,48.89647889137268
0.954296875,13,48.8999297618866
0.95078125,14,48.9033260345459
-1,17,48.90810179710388
0.9578125,12,48.91114401817322
-1,9,48.91376996040344
0.95078125,14,48.91717505455017
0.95078125,14,48.920655727386475
0.954296875,13,48.92394280433655
0.96484375,10,48.926562786102295
0.95078125,14,48.929835081100464
0.94375,16,48.93384289741516
-1,4,48.934995889663696
0.954296875,13,48.93864703178406
0.93671875,18,48.94322371482849
0.961328125,11,48.94602084159851
0.961328125,11,48.94882297515869
0.93671875,18,48.95339894294739
0.961328125,11,48.95625972747803
0.95078125,14,48.95969581604004
0.96484375,10,48.96237277984619
0.96484375,10,48.9649019241333
0.94375,16,48.96910905838013
0.961328125,11,48.97197484970093
0.954296875,13,48.97511386871338
0.954296875,13,48.97845506668091
0.961328125,11,48.98110580444336
0.9578125,12,48.98396682739258
0.9578125,12,48.986857891082764
0.947265625,15,48.99065804481506
0.94375,16,48.99448609352112
0.954296875,13,48.99765396118164
0.96484375,10,49.00046682357788
0.940234375,17,49.0046489238739
0.93671875,18,49.00880002975464
0.940234375,17,49.012879848480225
0.954296875,13,49.015907764434814
0.96484375,10,49.01863193511963
0.96484375,10,49.02121686935425
0.9578125,12,49.02428889274597
0.9578125,12,49.02735996246338
0.96484375,10,49.030141830444336
0.96484375,10,49.03275179862976
0.9578125,12,49.03587985038757
0.9578125,12,49.03912973403931
0.954296875,13,49.0423219203949
0.947265625,15,49.04600977897644
0.961328125,11,49.0487380027771
0.954296875,13,49.052098751068115
0.96484375,10,49.054497957229614
0.96484375,10,49.056986808776855
0.961328125,11,49.05972409248352
0.926171875,21,49.06508684158325
0.96484375,10,49.06757879257202
0.96484375,10,49.07036089897156
0.9578125,12,49.07329988479614
0.96484375,10,49.075793981552124
0.961328125,11,49.0785448551178
0.940234375,17,49.0825879573822
0.9578125,12,49.08529472351074
-1,2,49.085983991622925
0.9578125,12,49.08892893791199
0.9578125,12,49.09222674369812
0.95078125,14,49.095881938934326
0.947265625,15,49.099360942840576
0.96484375,10,49.10197687149048
0.95078125,14,49.105931997299194
0.9578125,12,49.108948945999146
0.96484375,10,49.11144280433655
0.94375,16,49.11591386795044
0.95078125,14,49.119925022125244
0.954296875,13,49.12331795692444
0.947265625,15,49.127042055130005
0.94375,16,49.131052017211914
-1,5,49.132728815078735
0.9578125,12,49.135714054107666
-1,8,49.13787889480591
0.9578125,12,49.141175746917725
0.95078125,14,49.14466691017151
-1,2,49.14543271064758
0.96484375,10,49.14788794517517
0.940234375,17,49.15213179588318
0.961328125,11,49.155096769332886
0.9578125,12,49.15791177749634
0.961328125,11,49.16051197052002
0.94375,16,49.164204835891724
0.961328125,11,49.16691589355469
-1,3,49.16803574562073
0.961328125,11,49.17079401016235
0.96484375,10,49.17358374595642
0.9578125,12,49.17650890350342
0.95078125,14,49.1796088218689
0.947265625,15,49.183618783950806
0.9578125,12,49.186694860458374
0.961328125,11,49.189367055892944
0.95078125,14,49.19326591491699
0.96484375,10,49.195735692977905
0.947265625,15,49.199400901794434
0.954296875,13,49.20270586013794
0.933203125,19,49.2072548866272
0.94375,16,49.21158289909363
0.96484375,10,49.214519739151
0.954296875,13,49.218031883239746
0.9578125,12,49.221049785614014
0.954296875,13,49.224332094192505
0.95078125,14,49.22774887084961
0.940234375,17,49.23234796524048
0.954296875,13,49.235668897628784
0.9578125,12,49.2385139465332
0.96484375,10,49.24101686477661
0.9296875,20,49.246328830718994
0.961328125,11,49.249125957489014
0.954296875,13,49.252463817596436
0.94375,16,49.256661891937256
0.94375,16,49.26010584831238
0.96484375,10,49.26254105567932
0.96484375,10,49.26543092727661
0.961328125,11,49.26833486557007
0.96484375,10,49.270896911621094
0.96484375,10,49.274487018585205
-1,1,49.275046825408936
0.95078125,14,49.28020191192627
0.9578125,12,49.286515951156616
0.961328125,11,49.29112768173218
0.961328125,11,49.29469084739685
0.940234375,17,49.30240488052368
0.954296875,13,49.3065299987793
0.9578125,12,49.31159687042236
0.9578125,12,49.315369844436646
0.9578125,12,49.31915497779846
0.954296875,13,49.322468757629395
0.954296875,13,49.32728385925293
0.96484375,10,49.33139991760254
0.94375,16,49.33792209625244
-1,6,49.340359926223755
0.95078125,14,49.344528913497925
0.9578125,12,49.350605726242065
0.96484375,10,49.35399508476257
0.947265625,15,49.360312700271606
0.933203125,19,49.36676788330078
0.95078125,14,49.37144589424133
0.9578125,12,49.37538194656372
0.9578125,12,49.37825679779053
0.940234375,17,49.38241481781006
0.96484375,10,49.384859800338745
0.947265625,15,49.38835096359253
0.919140625,23,49.39390587806702
0.94375,16,49.39794373512268
0.954296875,13,49.401007890701294
0.9578125,12,49.40404772758484
0.947265625,15,49.40787982940674
0.96484375,10,49.41154384613037
0.947265625,15,49.41518998146057
-1,1,49.415729999542236
0.94375,16,49.41951274871826
-1,3,49.42057490348816
0.96484375,10,49.423264026641846
0.93671875,18,49.427732944488525
0.96484375,10,49.430243730545044
0.961328125,11,49.433186054229736
0.947265625,15,49.43717288970947
0.9578125,12,49.44011902809143
0.96484375,10,49.44247388839722
0.96484375,10,49.44501495361328
0.947265625,15,49.44867300987244
0.954296875,13,49.451963901519775
0.96484375,10,49.45454692840576
0.947265625,15,49.45813775062561
0.947265625,15,49.46161484718323
0.95078125,14,49.464865922927856
0.961328125,11,49.46779704093933
0.9578125,12,49.47073197364807
0.96484375,10,49.47306704521179
0.933203125,19,49.47805380821228
0.915625,24,49.48367094993591
0.933203125,19,49.488276958465576
0.961328125,11,49.491087913513184
0.95078125,14,49.494762897491455
0.95078125,14,49.49870276451111
0.9578125,12,49.50166606903076
0.96484375,10,49.50413274765015
0.93671875,18,49.50853681564331
0.933203125,19,49.51318597793579
0.96484375,10,49.51577877998352
0.961328125,11,49.51846194267273
0.95078125,14,49.52182078361511
0.954296875,13,49.525261878967285
0.95078125,14,49.52878379821777
0.954296875,13,49.531951904296875
-1,8,49.53438997268677
0.954296875,13,49.53768181800842
0.961328125,11,49.540355920791626
0.9578125,12,49.54339003562927
0.95078125,14,49.54704213142395
0.96484375,10,49.5497407913208
0.947265625,15,49.55338382720947
0.9578125,12,49.55640983581543
0.96484375,10,49.55905890464783
0.96484375,10,49.561564922332764
0.933203125,19,49.56591176986694
0.96484375,10,49.56848478317261
0.94375,16,49.572518825531006
0.94375,16,49.57667899131775
-1,1,49.577199935913086
0.93671875,18,49.58147192001343
0.954296875,13,49.58488869667053
0.96484375,10,49.587299823760986
0.96484375,10,49.58977293968201
0.919140625,23,49.59550476074219
0.961328125,11,49.598312854766846
0.954296875,13,49.60138487815857
0.93671875,18,49.60592269897461
0.96484375,10,49.60871386528015
0.9578125,12,49.61175870895386
0.95078125,14,49.615203857421875
0.96484375,10,49.617822885513306
0.96484375,10,49.62030100822449
0.96484375,10,49.622665882110596
0.9578125,12,49.62561106681824
-1,2,49.62645387649536
0.954296875,13,49.6296660900116
0.9296875,20,49.63473987579346
0.96484375,10,49.637327909469604
0.919140625,23,49.642833948135376
0.954296875,13,49.64584708213806
0.9578125,12,49.648738861083984
0.940234375,17,49.65340280532837
0.9578125,12,49.656399726867676
0.96484375,10,49.658756732940674
0.96484375,10,49.661149978637695
0.9578125,12,49.66430187225342
0.96484375,10,49.66677403450012
0.947265625,15,49.67031502723694
0.954296875,13,49.67368197441101
0.961328125,11,49.67642688751221
0.95078125,14,49.67982888221741
0.9578125,12,49.68265080451965
0.961328125,11,49.68548393249512
0.9578125,12,49.68852996826172
0.954296875,13,49.691519021987915
0.95078125,14,49.69493079185486
0.95078125,14,49.69844388961792
0.9578125,12,49.70145893096924
0.95078125,14,49.705214977264404
0.940234375,17,49.709338903427124
0.961328125,11,49.71200895309448
0.947265625,15,49.71590995788574
0.961328125,11,49.71854496002197
0.96484375,10,49.7209837436676
0.9578125,12,49.72398495674133
0.954296875,13,49.72722792625427
-1,11,49.72998666763306
0.933203125,19,49.735036849975586
0.95078125,14,49.73873281478882
0.96484375,10,49.74116587638855
0.95078125,14,49.74455285072327
0.954296875,13,49.74769997596741
0.940234375,17,49.75175404548645
0.940234375,17,49.75664782524109
0.947265625,15,49.76147985458374
0.954296875,13,49.765798807144165
0.96484375,10,49.768539905548096
0.9578125,12,49.772705078125
0.954296875,13,49.776490926742554
0.961328125,11,49.77937197685242
0.95078125,14,49.78355407714844
0.9578125,12,49.78784203529358
0.961328125,11,49.791037797927856
-1,5,49.792770862579346
0.940234375,17,49.79837083816528
0.95078125,14,49.802000761032104
0.96484375,10,49.80481290817261
0.9578125,12,49.8085880279541
0.96484375,10,49.81114482879639
0.95078125,14,49.8154878616333
0.954296875,13,49.819124937057495
0.95078125,14,49.82345700263977
0.96484375,10,49.82754898071289
0.9578125,12,49.831395864486694
0.9578125,12,49.836036920547485
0.954296875,13,49.840800046920776
0.96484375,10,49.84362483024597
0.9578125,12,49.84821677207947
0.947265625,15,49.85330104827881
0.954296875,13,49.857767820358276
0.9578125,12,49.86246681213379
0.96484375,10,49.86531090736389
0.940234375,17,49.87245011329651
0.96484375,10,49.875762939453125
0.96484375,10,49.8781099319458
0.961328125,11,49.88091969490051
-1,1,49.881319999694824
0.96484375,10,49.88354778289795
0.9578125,12,49.88646984100342
0.95078125,14,49.890257835388184
0.94375,16,49.89423680305481
0.947265625,15,49.897894859313965
-1,1,49.89849281311035
0.954296875,13,49.90179896354675
-1,5,49.903313875198364
0.9578125,12,49.90635704994202
0.95078125,14,49.91003894805908
0.961328125,11,49.912946939468384
0.954296875,13,49.91624593734741
0.95078125,14,49.91991400718689
0.95078125,14,49.92345190048218
0.94375,16,49.92779898643494
0.954296875,13,49.93101787567139
0.9578125,12,49.933836936950684
0.95078125,14,49.937251806259155
0.961328125,11,49.940144777297974
0.96484375,10,49.9426908493042
0.96484375,10,49.94513273239136
0.947265625,15,49.948986768722534
0.96484375,10,49.9514319896698
0.95078125,14,49.95492100715637
0.9578125,12,49.958028078079224
0.96484375,10,49.96080207824707
0.96484375,10,49.96321988105774
0.961328125,11,49.966086864471436
0.947265625,15,49.970304012298584
0.96484375,10,49.97283887863159
0.96484375,10,49.97516393661499
0.954296875,13,49.978322982788086
0.95078125,14,49.981913805007935
0.947265625,15,49.98617887496948
0.95078125,14,49.99003076553345
0.95078125,14,49.99369287490845
0.95078125,14,49.99777579307556
0.9578125,12,50.00146794319153
0.947265625,15,50.005223989486694
0.92265625,22,50.01055288314819
0.96484375,10,50.01301288604736
0.94375,16,50.017393827438354
0.96484375,10,50.02093005180359
0.95078125,14,50.02485775947571
0.9578125,12,50.02781391143799
0.947265625,15,50.031428813934326
0.961328125,11,50.03461289405823
0.96484375,10,50.03715682029724
0.96484375,10,50.03977870941162
0.96484375,10,50.04214286804199
0.947265625,15,50.04582500457764
0.93671875,18,50.050337076187134
0.96484375,10,50.052857875823975
0.9578125,12,50.05601191520691
0.961328125,11,50.058666944503784
0.954296875,13,50.06195306777954
0.96484375,10,50.064902782440186
0.9578125,12,50.06882095336914
0.94375,16,50.0731098651886
0.9578125,12,50.07615089416504
0.940234375,17,50.080607891082764
0.954296875,13,50.084221839904785
0.9578125,12,50.087557792663574
0.9578125,12,50.0907347202301
0.96484375,10,50.09337091445923
0.961328125,11,50.09646987915039
0.961328125,11,50.10008192062378
-1,1,50.1006019115448
0.905078125,27,50.107625007629395
0.954296875,13,50.11080288887024
0.95078125,14,50.11476397514343
0.961328125,11,50.11770486831665
0.961328125,11,50.12093186378479
0.94375,16,50.1248619556427
0.96484375,10,50.127346992492676
0.95078125,14,50.13088583946228
-1,1,50.13132286071777
0.9578125,12,50.13437795639038
0.926171875,21,50.139699935913086
0.96484375,10,50.14235186576843
0.9578125,12,50.145472049713135
0.947265625,15,50.14942169189453
0.95078125,14,50.15302300453186
0.961328125,11,50.1561439037323
0.96484375,10,50.15887379646301
0.947265625,15,50.162965059280396
0.95078125,14,50.16706585884094
0.95078125,14,50.17091393470764
0.961328125,11,50.17376494407654
0.940234375,17,50.17786979675293
0.95078125,14,50.18164777755737
0.961328125,11,50.184576988220215
0.961328125,11,50.187816858291626
0.94375,16,50.192095041275024
0.961328125,11,50.194900035858154
0.96484375,10,50.19739294052124
0.96484375,10,50.20051288604736
0.93671875,18,50.205341815948486
0.961328125,11,50.208210945129395
0.93671875,18,50.21253204345703
0.961328125,11,50.215511083602905
0.95078125,14,50.219876766204834
0.96484375,10,50.222391843795776
0.96484375,10,50.224878787994385
0.961328125,11,50.227818965911865
0.961328125,11,50.23085689544678
0.926171875,21,50.236567735672
0.954296875,13,50.23987579345703
0.9578125,12,50.24288988113403
0.96484375,10,50.24531674385071
0.954296875,13,50.249446868896484
0.96484375,10,50.25206685066223
0.9578125,12,50.25534701347351
0.954296875,13,50.25848197937012
0.954296875,13,50.26187801361084
0.92265625,22,50.26768779754639
0.95078125,14,50.271726846694946
0.954296875,13,50.27487802505493
0.96484375,10,50.27736783027649
0.954296875,13,50.28143000602722
0.96484375,10,50.283894062042236
0.9578125,12,50.2869827747345
0.961328125,11,50.28997302055359
0.9578125,12,50.29327178001404
0.954296875,13,50.29649591445923
0.947265625,15,50.300413846969604
0.96484375,10,50.30329084396362
0.954296875,13,50.306785106658936
0.96484375,10,50.3092360496521
0.96484375,10,50.31187105178833
-1,1,50.31231474876404
0.954296875,13,50.3155300617218
0.93671875,18,50.321449995040894
0.915625,24,50.327507972717285
0.954296875,13,50.33062291145325
0.905078125,27,50.33718180656433
0.961328125,11,50.34045696258545
0.94375,16,50.34433197975159
0.9578125,12,50.34745192527771
0.961328125,11,50.350799798965454
-1,1,50.35193181037903
0.93671875,18,50.356772899627686
0.96484375,10,50.35916185379028
0.95078125,14,50.36314296722412
0.9296875,20,50.36937689781189
0.9578125,12,50.373079776763916
0.96484375,10,50.375722885131836
-1,3,50.376713037490845
0.9578125,12,50.379650831222534
0.94375,16,50.38364887237549
0.961328125,11,50.38678979873657
0.95078125,14,50.390097856521606
0.954296875,13,50.39313793182373
0.93671875,18,50.39748406410217
0.94375,16,50.40194487571716
0.93671875,18,50.40624690055847
0.961328125,11,50.409096002578735
0.954296875,13,50.412139892578125
0.947265625,15,50.416571855545044
0.961328125,11,50.41973686218262
0.95078125,14,50.42320203781128
0.954296875,13,50.42654490470886
0.961328125,11,50.42959785461426
0.954296875,13,50.43320178985596
0.93671875,18,50.437827825546265
0.954296875,13,50.44127106666565
0.961328125,11,50.44446587562561
0.947265625,15,50.44865894317627
0.961328125,11,50.45186686515808
0.9578125,12,50.45511770248413
0.96484375,10,50.457549810409546
0.954296875,13,50.46085977554321
0.96484375,10,50.463600873947144
0.96484375,10,50.46668791770935
0.94375,16,50.47092795372009
0.961328125,11,50.47400188446045
0.94375,16,50.478065967559814
0.961328125,11,50.48124170303345
0.954296875,13,50.48461699485779
-1,1,50.485126972198486
0.9578125,12,50.487886905670166
0.96484375,10,50.49040198326111
0.95078125,14,50.4938759803772
0.95078125,14,50.49754977226257
0.93671875,18,50.50253486633301
0.96484375,10,50.504984855651855
0.94375,16,50.508914947509766
0.954296875,13,50.51210594177246
0.9578125,12,50.515477895736694
0.961328125,11,50.51837682723999
0.96484375,10,50.52104187011719
0.919140625,23,50.52683186531067
0.954296875,13,50.530030727386475
0.95078125,14,50.53366780281067
0.9578125,12,50.53701186180115
0.95078125,14,50.54035401344299
0.9578125,12,50.54337787628174
0.961328125,11,50.5464026927948
0.961328125,11,50.54925799369812
-1,15,50.55285882949829
0.954296875,13,50.55623698234558
0.95078125,14,50.55979895591736
0.961328125,11,50.56261682510376
0.954296875,13,50.56596875190735
0.947265625,15,50.569591760635376
0.95078125,14,50.57319402694702
0.96484375,10,50.57626295089722
0.954296875,13,50.57942295074463
0.961328125,11,50.581960916519165
0.9578125,12,50.58479285240173
0.961328125,11,50.58797001838684
0.96484375,10,50.59051275253296
0.9578125,12,50.59352779388428
0.9578125,12,50.5965518951416
0.954296875,13,50.59986996650696
0.96484375,10,50.60235381126404
0.96484375,10,50.60506987571716
0.93671875,18,50.60976004600525
-1,1,50.610331773757935
0.96484375,10,50.612881898880005
0.947265625,15,50.61691379547119
0.9578125,12,50.61988091468811
0.94375,16,50.624125957489014
0.96484375,10,50.62695789337158
0.93671875,18,50.63118886947632
0.940234375,17,50.635501861572266
-1,1,50.63599896430969
0.9578125,12,50.640058755874634
0.96484375,10,50.643388986587524
0.947265625,15,50.649802923202515
0.961328125,11,50.654703855514526
0.961328125,11,50.65960693359375
0.940234375,17,50.66935396194458
0.940234375,17,50.677181005477905
0.9578125,12,50.68171286582947
0.9578125,12,50.689135789871216
0.96484375,10,50.69536089897156
0.95078125,14,50.70426797866821
0.95078125,14,50.710675954818726
0.96484375,10,50.714616775512695
0.96484375,10,50.72096109390259
0.940234375,17,50.72853398323059
0.940234375,17,50.73309278488159
0.96484375,10,50.73583173751831
0.947265625,15,50.739415884017944
0.9578125,12,50.74349784851074
0.96484375,10,50.7463858127594
0.9296875,20,50.754546880722046
0.9578125,12,50.75779485702515
0.961328125,11,50.760520935058594
0.9578125,12,50.76423978805542
0.96484375,10,50.767090797424316
0.95078125,14,50.77163076400757
0.94375,16,50.775728940963745
0.947265625,15,50.779624938964844
0.92265625,22,50.78925681114197
0.96484375,10,50.79155683517456
0.961328125,11,50.794065952301025
0.96484375,10,50.797178745269775
0.95078125,14,50.8022358417511
-1,9,50.80500507354736
0.9578125,12,50.808183670043945
-1,1,50.80868577957153
0.954296875,13,50.812052965164185
0.940234375,17,50.81800889968872
-1,11,50.82106280326843
0.94375,16,50.82503604888916
0.954296875,13,50.82854986190796
0.94375,16,50.832639932632446
0.9578125,12,50.835988998413086
0.96484375,10,50.83876299858093
0.954296875,13,50.84202790260315
0.954296875,13,50.845237016677856
0.954296875,13,50.849140882492065
0.96484375,10,50.85191297531128
0.96484375,10,50.85436487197876
0.96484375,10,50.85680389404297
0.9296875,20,50.86145305633545
0.94375,16,50.86603903770447
0.9578125,12,50.86924481391907
0.96484375,10,50.87193298339844
0.947265625,15,50.87560772895813
0.954296875,13,50.878639936447144
0.961328125,11,50.882022857666016
0.93671875,18,50.88820290565491
0.94375,16,50.89323902130127
0.96484375,10,50.89665484428406
0.95078125,14,50.90120196342468
0.95078125,14,50.9062557220459
0.96484375,10,50.90994691848755
-1,4,50.911741971969604
0.947265625,15,50.91862201690674
0.9578125,12,50.923749923706055
0.9578125,12,50.927753925323486
0.95078125,14,50.932902812957764
0.905078125,27,50.94353103637695
0.92265625,22,50.95239281654358
0.961328125,11,50.955814838409424
0.95078125,14,50.96146106719971
0.95078125,14,50.96586084365845
0.947265625,15,50.97161388397217
0.961328125,11,50.97508788108826
0.961328125,11,50.97892999649048
0.96484375,10,50.98285889625549
0.93671875,18,50.98902678489685
0.9578125,12,50.99330472946167
0.96484375,10,50.9972779750824
0.96484375,10,51.00120186805725
0.96484375,10,51.003663778305054
0.961328125,11,51.006351947784424
-1,1,51.00693392753601
0.954296875,13,51.01019597053528
0.961328125,11,51.01309084892273
0.9578125,12,51.016124963760376
0.961328125,11,51.018860816955566
0.947265625,15,51.02224373817444
0.961328125,11,51.02523589134216
0.9296875,20,51.030351877212524
0.947265625,15,51.03430771827698
0.94375,16,51.03816485404968
0.9578125,12,51.04150605201721
0.95078125,14,51.045289039611816
0.947265625,15,51.04918193817139
0.961328125,11,51.05227184295654
0.96484375,10,51.05497074127197
0.96484375,10,51.05812692642212
0.961328125,11,51.06093907356262
0.95078125,14,51.06451487541199
0.96484375,10,51.06728196144104
0.95078125,14,51.07083988189697
-1,11,51.073763847351074
0.96484375,10,51.07626390457153
0.9578125,12,51.07932186126709
0.954296875,13,51.082720041275024
0.96484375,10,51.085206031799316
0.947265625,15,51.08884787559509
0.93671875,18,51.0932879447937
0.96484375,10,51.095860958099365
0.96484375,10,51.098392724990845
0.940234375,17,51.102577924728394
0.94375,16,51.10640788078308
0.96484375,10,51.108871936798096
0.961328125,11,51.11188793182373
0.9578125,12,51.114972829818726
0.93671875,18,51.11930799484253
0.9578125,12,51.122469902038574
0.96484375,10,51.12543797492981
0.961328125,11,51.130003929138184
0.961328125,11,51.13347578048706
0.96484375,10,51.137218713760376
0.96484375,10,51.140692949295044
0.961328125,11,51.1447479724884
0.93671875,18,51.15099596977234
0.947265625,15,51.157609939575195
0.954296875,13,51.162479877471924
0.96484375,10,51.16606688499451
0.961328125,11,51.170039653778076
0.9578125,12,51.17456579208374
0.95078125,14,51.179359912872314
0.96484375,10,51.183135986328125
0.93671875,18,51.189356088638306
0.95078125,14,51.19439888000488
0.96484375,10,51.199272871017456
0.954296875,13,51.20264387130737
-1,8,51.20637488365173
0.9578125,12,51.210476875305176
0.96484375,10,51.214648723602295
0.933203125,19,51.22149586677551
-1,2,51.222506046295166
0.95078125,14,51.22786998748779
0.961328125,11,51.2317008972168
0.96484375,10,51.236392974853516
0.9578125,12,51.24056386947632
0.940234375,17,51.24728298187256
0.96484375,10,51.25011992454529
0.9578125,12,51.25335884094238
0.95078125,14,51.25678586959839
0.9578125,12,51.259572982788086
0.954296875,13,51.26260781288147
0.9578125,12,51.2656466960907
0.93671875,18,51.269903898239136
0.95078125,14,51.27337384223938
0.961328125,11,51.27636790275574
-1,1,51.27704191207886
0.96484375,10,51.279536962509155
0.96484375,10,51.28193998336792
0.94375,16,51.28569483757019
0.954296875,13,51.28922486305237
0.96484375,10,51.29197597503662
0.96484375,10,51.29471492767334
0.95078125,14,51.298145055770874
0.961328125,11,51.30154490470886
0.96484375,10,51.3044228553772
-1,1,51.304977893829346
0.961328125,11,51.30775594711304
0.94375,16,51.312355756759644
0.96484375,10,51.315035820007324
0.96484375,10,51.31755185127258
0.954296875,13,51.32099676132202
0.95078125,14,51.32470679283142
0.9578125,12,51.327709913253784
0.961328125,11,51.330583810806274
0.96484375,10,51.333372831344604
0.96484375,10,51.33587980270386
0.9296875,20,51.340842962265015
0.961328125,11,51.34367489814758
0.96484375,10,51.34627985954285
0.9578125,12,51.34918284416199
0.96484375,10,51.35179281234741
0.95078125,14,51.35521674156189
0.95078125,14,51.358821868896484
0.9578125,12,51.361790895462036
0.919140625,23,51.36745595932007
0.95078125,14,51.37129807472229
0.961328125,11,51.37456798553467
0.9578125,12,51.380281925201416
0.915625,24,51.38929200172424
0.961328125,11,51.39346694946289
0.94375,16,51.39874577522278
0.961328125,11,51.40253186225891
0.947265625,15,51.40686583518982
0.95078125,14,51.41204881668091
0.961328125,11,51.41713881492615
0.961328125,11,51.42114472389221
0.95078125,14,51.42662596702576
0.954296875,13,51.430975914001465
0.954296875,13,51.434935092926025
0.954296875,13,51.44006609916687
0.96484375,10,51.4437530040741
0.96484375,10,51.447211027145386
0.954296875,13,51.45178985595703
0.96484375,10,51.45485281944275
0.947265625,15,51.46104192733765
0.954296875,13,51.46570587158203
0.94375,16,51.47138690948486
0.96484375,10,51.47455883026123
0.96484375,10,51.4788076877594
0.9578125,12,51.48343777656555
0.954296875,13,51.48878788948059
0.961328125,11,51.49188303947449
0.947265625,15,51.49762296676636
-1,1,51.49815607070923
-1,6,51.50038290023804
0.94375,16,51.5042450428009
0.96484375,10,51.506908893585205
0.93671875,18,51.51128387451172
0.95078125,14,51.514715909957886
0.95078125,14,51.51845979690552
0.96484375,10,51.521026849746704
0.919140625,23,51.52732491493225
0.96484375,10,51.530160903930664
0.95078125,14,51.5336377620697
0.96484375,10,51.536258697509766
0.96484375,10,51.53898882865906
0.96484375,10,51.541454792022705
0.93671875,18,51.54633283615112
0.961328125,11,51.549614906311035
0.93671875,18,51.554205894470215
0.96484375,10,51.55658483505249
0.96484375,10,51.558892011642456
0.954296875,13,51.56233286857605
0.947265625,15,51.56593585014343
0.919140625,23,51.57198786735535
0.9578125,12,51.5750629901886
-1,1,51.575628995895386
0.95078125,14,51.579221963882446
0.96484375,10,51.5820517539978
0.95078125,14,51.58566975593567
0.96484375,10,51.588127851486206
0.9578125,12,51.59132170677185
0.940234375,17,51.59558606147766
0.961328125,11,51.59834289550781
0.9578125,12,51.60154485702515
0.94375,16,51.60552191734314
0.9578125,12,51.608694076538086
-1,8,51.61106204986572
0.95078125,14,51.615025997161865
0.940234375,17,51.61928081512451
0.954296875,13,51.622933864593506
0.961328125,11,51.6260449886322
0.9578125,12,51.62908172607422
0.9578125,12,51.63212275505066
0.954296875,13,51.635504961013794
0.961328125,11,51.63846683502197
0.954296875,13,51.64151668548584
0.961328125,11,51.644091844558716
0.95078125,14,51.64753484725952
-1,3,51.648534059524536
0.96484375,10,51.6509907245636
0.954296875,13,51.654279947280884
0.9578125,12,51.65722179412842
0.947265625,15,51.6609947681427
0.961328125,11,51.66392993927002
0.95078125,14,51.66800379753113
0.9578125,12,51.67096281051636
0.954296875,13,51.674285888671875
0.9578125,12,51.6773567199707
0.94375,16,51.68131470680237
0.96484375,10,51.68376302719116
0.96484375,10,51.686208963394165
0.96484375,10,51.68878889083862
0.96484375,10,51.691500663757324
0.947265625,15,51.6950569152832
0.954296875,13,51.69842791557312
0.96484375,10,51.70107293128967
0.947265625,15,51.70486283302307
0.9578125,12,51.70821285247803
0.961328125,11,51.714401960372925
0.912109375,25,51.720053911209106
0.9578125,12,51.723076820373535
0.95078125,14,51.72675085067749
0.9578125,12,51.729779958724976
0.940234375,17,51.73412299156189
0.954296875,13,51.73717784881592
0.95078125,14,51.7406210899353
0.9578125,12,51.743902921676636
0.94375,16,51.74817895889282
0.961328125,11,51.75109672546387
-1,12,51.754010915756226
0.954296875,13,51.757370948791504
0.919140625,23,51.76323676109314
0.96484375,10,51.766252756118774
0.961328125,11,51.76906490325928
0.961328125,11,51.77192497253418
0.9578125,12,51.77506375312805
0.95078125,14,51.778648853302
0.93671875,18,51.78328609466553
0.9578125,12,51.786372900009155
0.95078125,14,51.78986883163452
0.961328125,11,51.79254770278931
0.9578125,12,51.79531192779541
0.95078125,14,51.798768758773804
0.96484375,10,51.80137491226196
0.961328125,11,51.80414581298828
0.961328125,11,51.80691480636597
0.961328125,11,51.8097767829895
0.96484375,10,51.812355756759644
0.96484375,10,51.81492495536804
0.954296875,13,51.81839179992676
0.96484375,10,51.82108497619629
0.96484375,10,51.82361197471619
0.95078125,14,51.827247858047485
0.9578125,12,51.83056688308716
0.961328125,11,51.8337128162384
-1,1,51.8342719078064
0.96484375,10,51.83671188354492
0.93671875,18,51.84131574630737
0.96484375,10,51.84364891052246
0.940234375,17,51.847949743270874
-1,1,51.84833574295044
0.954296875,13,51.851361989974976
0.9578125,12,51.854620933532715
0.961328125,11,51.8575439453125
0.961328125,11,51.86020874977112
0.96484375,10,51.86274003982544
0.9578125,12,51.86571907997131
0.9578125,12,51.8687219619751
0.96484375,10,51.87106204032898
0.96484375,10,51.8738009929657
0.954296875,13,51.87729573249817
0.95078125,14,51.880845069885254
0.954296875,13,51.88454604148865
0.96484375,10,51.88697290420532
-1,9,51.889479875564575
0.926171875,21,51.895182847976685
0.940234375,17,51.89911079406738
-1,1,51.8995578289032
0.9578125,12,51.902754068374634
0.95078125,14,51.90657091140747
0.947265625,15,51.910865783691406
0.954296875,13,51.914071798324585
0.947265625,15,51.917845010757446
0.947265625,15,51.9216468334198
0.96484375,10,51.924192905426025
0.961328125,11,51.92744183540344
0.915625,24,51.93356895446777
0.9578125,12,51.93662786483765
0.9578125,12,51.93971395492554
0.961328125,11,51.94244885444641
0.961328125,11,51.945170879364014
-1,17,51.949877977371216
0.961328125,11,51.95258092880249
0.961328125,11,51.95537209510803
0.940234375,17,51.95939779281616
-1,1,51.959903955459595
0.961328125,11,51.96244502067566
0.933203125,19,51.96737885475159
0.954296875,13,51.97057890892029
0.96484375,10,51.97302603721619
0.947265625,15,51.97660803794861
0.961328125,11,51.979219913482666
0.954296875,13,51.98238182067871
0.95078125,14,51.98627591133118
0.947265625,15,51.990033864974976
0.96484375,10,51.992692947387695
0.93671875,18,51.99756908416748
0.954296875,13,52.001017808914185
0.93671875,18,52.00557494163513
0.961328125,11,52.009307861328125
0.940234375,17,52.014084815979004
0.954296875,13,52.0186607837677
0.961328125,11,52.02213501930237
0.954296875,13,52.02645301818848
0.95078125,14,52.03167986869812
0.96484375,10,52.03418588638306
0.954296875,13,52.03726577758789
0.96484375,10,52.03982996940613
0.93671875,18,52.04761075973511
0.9578125,12,52.05260396003723
0.96484375,10,52.056142807006836
0.9296875,20,52.06381893157959
0.95078125,14,52.069031953811646
0.95078125,14,52.07397985458374
0.9578125,12,52.07892680168152
0.947265625,15,52.084136962890625
0.96484375,10,52.08804202079773
0.95078125,14,52.093214988708496
0.947265625,15,52.09829092025757
0.96484375,10,52.100791692733765
0.96484375,10,52.10419583320618
0.940234375,17,52.11006784439087
0.961328125,11,52.11352181434631
-1,4,52.115373849868774
0.96484375,10,52.11912298202515
0.9578125,12,52.123213052749634
0.9578125,12,52.12744188308716
0.96484375,10,52.130098819732666
0.9578125,12,52.13311290740967
0.954296875,13,52.136383056640625
0.96484375,10,52.13914895057678
0.96484375,10,52.14189171791077
0.96484375,10,52.144444942474365
0.96484375,10,52.14735698699951
0.94375,16,52.151588916778564
0.94375,16,52.1557879447937
0.94375,16,52.159883975982666
0.96484375,10,52.16259288787842
0.961328125,11,52.1654748916626
0.9578125,12,52.168598890304565
0.96484375,10,52.17126488685608
0.954296875,13,52.17445778846741
0.96484375,10,52.17694592475891
0.9578125,12,52.18017101287842
0.96484375,10,52.18259787559509
0.95078125,14,52.18664288520813
0.954296875,13,52.190223932266235
0.954296875,13,52.193538665771484
0.954296875,13,52.19660687446594
0.96484375,10,52.1991810798645
0.9578125,12,52.20224475860596
0.940234375,17,52.20634698867798
0.96484375,10,52.20916986465454
0.961328125,11,52.21234488487244
0.9578125,12,52.21550107002258
0.9578125,12,52.21890473365784
-1,1,52.21952486038208
0.954296875,13,52.223037004470825
0.961328125,11,52.22581887245178
0.947265625,15,52.22932577133179
0.954296875,13,52.23256707191467
0.95078125,14,52.2373628616333
0.933203125,19,52.24370288848877
0.961328125,11,52.246838092803955
0.961328125,11,52.2495539188385
0.95078125,14,52.2534499168396
0.9578125,12,52.25634694099426
0.926171875,21,52.262754678726196
0.92265625,22,52.271973848342896
0.96484375,10,52.27641797065735
0.954296875,13,52.28147482872009
0.961328125,11,52.28501892089844
-1,15,52.29070782661438
0.947265625,15,52.29531693458557
0.919140625,23,52.30412173271179
-1,7,52.30712890625
0.95078125,14,52.31227493286133
0.9578125,12,52.3172128200531
0.933203125,19,52.32281494140625
0.96484375,10,52.32623481750488
0.9578125,12,52.329856872558594
0.95078125,14,52.33558893203735
0.96484375,10,52.33917188644409
0.96484375,10,52.34269905090332
0.9578125,12,52.34667491912842
0.919140625,23,52.35645580291748
0.96484375,10,52.36004877090454
0.926171875,21,52.367448806762695
0.96484375,10,52.37100386619568
0.954296875,13,52.37616991996765
0.9578125,12,52.379091024398804
0.96484375,10,52.38160276412964
0.96484375,10,52.38414692878723
0.94375,16,52.38801193237305
0.9578125,12,52.39125895500183
0.96484375,10,52.39381670951843
0.9578125,12,52.396738052368164
0.954296875,13,52.399959087371826
0.96484375,10,52.40239691734314
0.9296875,20,52.40729093551636
0.95078125,14,52.410865783691406
0.926171875,21,52.41611695289612
0.96484375,10,52.41877770423889
0.94375,16,52.422908782958984
0.961328125,11,52.4256808757782
0.94375,16,52.42949080467224
0.9578125,12,52.4328498840332
0.919140625,23,52.43842101097107
0.933203125,19,52.443572998046875
0.954296875,13,52.446985960006714
-1,15,52.45101594924927
0.954296875,13,52.45451593399048
0.961328125,11,52.45721697807312
0.93671875,18,52.46210479736328
0.954296875,13,52.46554183959961
0.961328125,11,52.46849298477173
0.961328125,11,52.47135782241821
0.9578125,12,52.47430610656738
0.94375,16,52.478511810302734
0.96484375,10,52.481069803237915
0.96484375,10,52.48344087600708
0.96484375,10,52.48600196838379
0.96484375,10,52.48851299285889
0.961328125,11,52.491255044937134
0.96484375,10,52.49378204345703
0.954296875,13,52.49725294113159
0.96484375,10,52.499778747558594
0.94375,16,52.5038857460022
-1,1,52.504337787628174
0.96484375,10,52.507242918014526
0.92265625,22,52.51333785057068
0.95078125,14,52.51718592643738
0.93671875,18,52.52186298370361
0.947265625,15,52.52584981918335
0.947265625,15,52.5301239490509
0.933203125,19,52.53484797477722
0.961328125,11,52.53793692588806
0.9578125,12,52.54079794883728
0.961328125,11,52.54368782043457
0.96484375,10,52.5463228225708
0.954296875,13,52.54989790916443
0.947265625,15,52.553714990615845
0.954296875,13,52.55695581436157
0.95078125,14,52.56063389778137
0.95078125,14,52.56440091133118
0.95078125,14,52.56771898269653
0.95078125,14,52.571547985076904
0.961328125,11,52.574365854263306
0.96484375,10,52.57685685157776
0.96484375,10,52.579166889190674
0.9578125,12,52.58210587501526
0.961328125,11,52.584702014923096
-1,1,52.585143089294434
0.954296875,13,52.58819890022278
0.96484375,10,52.59088587760925
0.94375,16,52.595052003860474
0.961328125,11,52.59807991981506
0.947265625,15,52.60261297225952
0.961328125,11,52.60548186302185
0.961328125,11,52.608535051345825
0.96484375,10,52.61117601394653
0.93671875,18,52.61619186401367
0.96484375,10,52.61887788772583
0.933203125,19,52.62359595298767
0.94375,16,52.62751579284668
0.947265625,15,52.63148593902588
-1,7,52.634846925735474
0.96484375,10,52.63916277885437
0.94375,16,52.64588189125061
0.96484375,10,52.6500928401947
0.961328125,11,52.65343379974365
0.961328125,11,52.658424854278564
0.96484375,10,52.66139793395996
0.954296875,13,52.666523933410645
0.94375,16,52.6711859703064
0.96484375,10,52.67376899719238
0.96484375,10,52.67639398574829
0.961328125,11,52.67893886566162
0.95078125,14,52.68359994888306
0.94375,16,52.69015979766846
0.96484375,10,52.69431281089783
0.94375,16,52.702308893203735
0.947265625,15,52.70735168457031
0.9296875,20,52.71575975418091
0.94375,16,52.721882820129395
0.95078125,14,52.726271867752075
0.96484375,10,52.73031401634216
0.96484375,10,52.73544192314148
-1,3,52.73737192153931
0.9578125,12,52.741600036621094
0.947265625,15,52.74693775177002
0.940234375,17,52.75300192832947
0.96484375,10,52.75540494918823
-1,1,52.75583481788635
0.961328125,11,52.75840473175049
0.9578125,12,52.76132678985596
0.954296875,13,52.764654874801636
0.961328125,11,52.76734185218811
0.954296875,13,52.770577907562256
0.9578125,12,52.7738139629364
0.9578125,12,52.77694082260132
0.933203125,19,52.78192472457886
0.961328125,11,52.785019874572754
0.954296875,13,52.78817296028137
0.961328125,11,52.79094386100769
-1,4,52.79254198074341
0.954296875,13,52.79580903053284
0.96484375,10,52.79835891723633
0.926171875,21,52.80400204658508
-1,10,52.80680871009827
0.94375,16,52.81088590621948
0.95078125,14,52.81477189064026
0.93671875,18,52.81959080696106
0.954296875,13,52.82261395454407
0.95078125,14,52.82638478279114
0.96484375,10,52.82894802093506
0.95078125,14,52.832300662994385
0.96484375,10,52.83491897583008
0.9578125,12,52.83794593811035
0.9578125,12,52.84098792076111
0.961328125,11,52.843849897384644
0.95078125,14,52.84752106666565
0.96484375,10,52.85006284713745
-1,1,52.85063076019287
0.9578125,12,52.85440373420715
0.9578125,12,52.85746884346008
0.95078125,14,52.86147093772888
0.9578125,12,52.864372968673706
0.961328125,11,52.86800694465637
0.9578125,12,52.871816873550415
0.961328125,11,52.874423027038574
0.94375,16,52.878676891326904
0.9578125,12,52.88183784484863
0.93671875,18,52.88735389709473
0.954296875,13,52.89057683944702
0.961328125,11,52.89346194267273
0.9578125,12,52.8961877822876
0.9578125,12,52.89944767951965
0.954296875,13,52.90336275100708
0.926171875,21,52.90867590904236
0.9578125,12,52.911622762680054
0.9578125,12,52.91474199295044
0.96484375,10,52.91712284088135
0.96484375,10,52.91975784301758
0.933203125,19,52.92453098297119
0.961328125,11,52.92717790603638
0.9578125,12,52.93025088310242
0.940234375,17,52.93431878089905
0.96484375,10,52.93677496910095
0.954296875,13,52.94041395187378
0.954296875,13,52.94371676445007
-1,1,52.94420099258423
0.954296875,13,52.94740390777588
0.96484375,10,52.949918031692505
0.96484375,10,52.95268487930298
0.961328125,11,52.95557498931885
0.954296875,13,52.95909881591797
0.9578125,12,52.96223282814026
0.95078125,14,52.96562695503235
0.9578125,12,52.96868896484375
0.94375,16,52.972455978393555
0.961328125,11,52.97564077377319
0.93671875,18,52.980254888534546
0.96484375,10,52.98260188102722
0.94375,16,52.987013816833496
0.915625,24,52.993231773376465
0.95078125,14,52.99753499031067
0.9578125,12,53.000619888305664
0.9578125,12,53.003756046295166
0.9015625,28,53.01103901863098
0.954296875,13,53.0142879486084
0.961328125,11,53.017024993896484
0.961328125,11,53.01990604400635
0.96484375,10,53.02225685119629
0.96484375,10,53.02499485015869
0.947265625,15,53.02869510650635
0.95078125,14,53.03248381614685
0.961328125,11,53.03552794456482
0.926171875,21,53.041224002838135
0.940234375,17,53.04541993141174
0.947265625,15,53.049386978149414
0.96484375,10,53.051846981048584
0.94375,16,53.05610179901123
0.96484375,10,53.05883479118347
0.93671875,18,53.06297278404236
0.954296875,13,53.06627678871155
0.961328125,11,53.069169998168945
0.9578125,12,53.072274923324585
0.95078125,14,53.07570791244507
0.961328125,11,53.07850384712219
0.96484375,10,53.081400871276855
0.961328125,11,53.0843288898468
0.95078125,14,53.08765006065369
0.954296875,13,53.091469049453735
0.954296875,13,53.09487581253052
0.954296875,13,53.09795880317688
0.947265625,15,53.10227084159851
0.954296875,13,53.10582494735718
0.940234375,17,53.1100537776947
0.940234375,17,53.11441206932068
0.954296875,13,53.11758804321289
0.961328125,11,53.12029480934143
0.961328125,11,53.12302279472351
0.961328125,11,53.12585401535034
0.933203125,19,53.13153290748596
0.933203125,19,53.13750600814819
0.9578125,12,53.14104390144348
0.96484375,10,53.14360976219177
-1,1,53.14409279823303
0.961328125,11,53.14683985710144
-1,11,53.149592876434326
0.93671875,18,53.15407586097717
0.961328125,11,53.15801692008972
-1,6,53.16088604927063
0.954296875,13,53.167099952697754
0.96484375,10,53.17095708847046
0.95078125,14,53.176116943359375
0.954296875,13,53.18053102493286
0.96484375,10,53.18487596511841
0.9578125,12,53.188992977142334
0.96484375,10,53.19333505630493
0.961328125,11,53.19723296165466
0.96484375,10,53.20241689682007
0.961328125,11,53.20664191246033
0.95078125,14,53.21200895309448
0.919140625,23,53.22116184234619
0.9578125,12,53.225523948669434
0.96484375,10,53.229201793670654
0.95078125,14,53.23467683792114
0.954296875,13,53.23941397666931
0.9578125,12,53.24432587623596
0.954296875,13,53.247708797454834
0.9578125,12,53.25061392784119
0.95078125,14,53.25413203239441
0.96484375,10,53.25668787956238
0.96484375,10,53.25901794433594
0.954296875,13,53.26214599609375
0.96484375,10,53.26471495628357
0.961328125,11,53.26760292053223
0.947265625,15,53.27149796485901
0.95078125,14,53.275017976760864
0.93671875,18,53.279366970062256
0.947265625,15,53.283543825149536
0.96484375,10,53.28626370429993
0.933203125,19,53.292022943496704
0.954296875,13,53.29622197151184
0.96484375,10,53.2990357875824
0.96484375,10,53.30167198181152
0.9578125,12,53.304713010787964
0.94375,16,53.308587074279785
0.9578125,12,53.3116250038147
0.926171875,21,53.31666588783264
0.94375,16,53.32108807563782
0.96484375,10,53.32359194755554
0.95078125,14,53.32766270637512
0.94375,16,53.33165168762207
0.96484375,10,53.33466696739197
0.96484375,10,53.33750081062317
0.947265625,15,53.341228723526
0.9578125,12,53.344263792037964
0.94375,16,53.348365783691406
0.96484375,10,53.35094881057739
0.9578125,12,53.36011791229248
0.940234375,17,53.36583185195923
0.9296875,20,53.37095785140991
0.95078125,14,53.37438988685608
0.95078125,14,53.377848863601685
0.954296875,13,53.38116788864136
0.94375,16,53.385390758514404
0.96484375,10,53.388181924819946
0.96484375,10,53.39089584350586
-1,8,53.39318776130676
0.954296875,13,53.396620988845825
0.94375,16,53.400582790374756
-1,1,53.401073932647705
0.9578125,12,53.404218912124634
0.9578125,12,53.407246828079224
-1,1,53.407803773880005
0.94375,16,53.411505937576294
0.95078125,14,53.414992809295654
0.96484375,10,53.4177987575531
0.947265625,15,53.42144203186035
0.9296875,20,53.426146030426025
0.954296875,13,53.429335832595825
-1,2,53.4300799369812
0.9578125,12,53.43313002586365
0.96484375,10,53.43567991256714
0.96484375,10,53.43837285041809
0.954296875,13,53.44170808792114
0.9296875,20,53.446255922317505
0.940234375,17,53.45044183731079
0.947265625,15,53.45453381538391
0.961328125,11,53.45747780799866
0.9578125,12,53.4606568813324
0.954296875,13,53.46451687812805
0.961328125,11,53.46783900260925
0.96484375,10,53.47041368484497
0.9578125,12,53.47343587875366
0.947265625,15,53.47725009918213
-1,8,53.47936987876892
0.954296875,13,53.48234987258911
0.961328125,11,53.48527479171753
0.954296875,13,53.488412857055664
0.954296875,13,53.49144506454468
0.940234375,17,53.49590086936951
0.9578125,12,53.49933695793152
0.954296875,13,53.50234293937683
0.961328125,11,53.505053997039795
0.96484375,10,53.50747489929199
0.954296875,13,53.511383056640625
0.961328125,11,53.51466393470764
0.94375,16,53.51991891860962
0.96484375,10,53.52279877662659
0.961328125,11,53.526202917099
-1,1,53.52674674987793
0.95078125,14,53.53111982345581
0.9578125,12,53.53480386734009
0.9578125,12,53.53832769393921
0.954296875,13,53.543423891067505
0.96484375,10,53.546631813049316
-1,12,53.5533230304718
0.95078125,14,53.55721879005432
0.954296875,13,53.562206983566284
0.96484375,10,53.56665086746216
0.9578125,12,53.56959104537964
0.940234375,17,53.57354974746704
0.96484375,10,53.57655882835388
-1,16,53.58366274833679
0.961328125,11,53.58864903450012
0.95078125,14,53.5949969291687
0.96484375,10,53.60120391845703
0.95078125,14,53.60637068748474
0.95078125,14,53.6119019985199
0.9578125,12,53.616137981414795
0.961328125,11,53.62201285362244
0.96484375,10,53.62569189071655
0.9578125,12,53.6289758682251
0.961328125,11,53.63163900375366
0.9578125,12,53.63438892364502
0.95078125,14,53.6378128528595
0.954296875,13,53.64099407196045
0.96484375,10,53.64332294464111
0.954296875,13,53.64680194854736
0.9578125,12,53.6498339176178
0.96484375,10,53.65217208862305
0.95078125,14,53.6555609703064
0.926171875,21,53.660552978515625
0.933203125,19,53.66546583175659
0.96484375,10,53.66793394088745
0.9578125,12,53.670740842819214
0.940234375,17,53.67506384849548
0.96484375,10,53.677469968795776
0.95078125,14,53.68082880973816
0.95078125,14,53.68449783325195
0.9578125,12,53.68731689453125
0.961328125,11,53.69009470939636
0.961328125,11,53.693307876586914
0.961328125,11,53.69615578651428
0.96484375,10,53.698789834976196
0.9578125,12,53.70191478729248
0.95078125,14,53.7053918838501
0.96484375,10,53.70800471305847
0.93671875,18,53.71222996711731
0.96484375,10,53.71467089653015
0.9578125,12,53.71778583526611
0.940234375,17,53.72202801704407
0.96484375,10,53.72459602355957
0.94375,16,53.72877478599548
0.961328125,11,53.73140788078308
0.96484375,10,53.73400592803955
-1,13,53.738011837005615
0.961328125,11,53.74098777770996
0.947265625,15,53.744563817977905
0.947265625,15,53.74851989746094
0.95078125,14,53.75190877914429
0.940234375,17,53.756332874298096
0.94375,16,53.76047992706299
0.96484375,10,53.762985944747925
0.961328125,11,53.76593208312988
0.947265625,15,53.76987075805664
0.919140625,23,53.775656938552856
0.96484375,10,53.77844285964966
0.961328125,11,53.78110074996948
0.961328125,11,53.783867835998535
0.947265625,15,53.78746294975281
0.933203125,19,53.79219102859497
0.96484375,10,53.79467797279358
0.954296875,13,53.798054933547974
0.96484375,10,53.80047273635864
0.96484375,10,53.80292081832886
0.961328125,11,53.80556082725525
0.961328125,11,53.808269739151
-1,2,53.808923959732056
0.954296875,13,53.81208777427673
0.947265625,15,53.8160457611084
0.95078125,14,53.81957793235779
0.954296875,13,53.823163986206055
0.9578125,12,53.82624578475952
0.93671875,18,53.83069181442261
0.961328125,11,53.833680868148804
0.96484375,10,53.83633208274841
0.96484375,10,53.838716983795166
0.95078125,14,53.84206986427307
0.9578125,12,53.84521484375
0.96484375,10,53.84832286834717
0.94375,16,53.852215051651
0.940234375,17,53.85664391517639
0.95078125,14,53.86024498939514
0.96484375,10,53.8630747795105
0.96484375,10,53.86557388305664
0.947265625,15,53.86950087547302
0.96484375,10,53.872824907302856
0.940234375,17,53.87788391113281
0.96484375,10,53.880494832992554
0.96484375,10,53.88295078277588
0.95078125,14,53.88626980781555
0.947265625,15,53.889994859695435
0.95078125,14,53.893579959869385
0.9578125,12,53.89646291732788
0.961328125,11,53.89949083328247
0.933203125,19,53.90445590019226
0.947265625,15,53.90791606903076
0.96484375,10,53.91054582595825
0.95078125,14,53.914347887039185
0.9578125,12,53.917397022247314
0.96484375,10,53.9200599193573
0.94375,16,53.92404580116272
0.961328125,11,53.926851749420166
0.933203125,19,53.931607723236084
0.96484375,10,53.93415188789368
0.95078125,14,53.93763303756714
0.93671875,18,53.9421808719635
0.961328125,11,53.944961071014404
0.96484375,10,53.94738793373108
0.93671875,18,53.95164394378662
0.954296875,13,53.95516276359558
0.954296875,13,53.958181858062744
0.961328125,11,53.9608678817749
0.940234375,17,53.965484857559204
0.940234375,17,53.96964979171753
0.9578125,12,53.972787857055664
0.95078125,14,53.97622489929199
0.9578125,12,53.97920799255371
0.93671875,18,53.98386573791504
0.933203125,19,53.988515853881836
0.961328125,11,53.991291761398315
0.96484375,10,53.9938588142395
0.96484375,10,53.99653506278992
0.9578125,12,53.99951481819153
0.96484375,10,54.001991987228394
0.961328125,11,54.0049307346344
0.961328125,11,54.00784993171692
0.96484375,10,54.01029682159424
0.954296875,13,54.01361584663391
-1,1,54.01413583755493
0.96484375,10,54.01675486564636
0.961328125,11,54.01948690414429
0.9578125,12,54.02234387397766
0.96484375,10,54.02505087852478
0.96484375,10,54.027530908584595
0.96484375,10,54.02991271018982
0.94375,16,54.03385281562805
0.96484375,10,54.03634309768677
0.96484375,10,54.0387237071991
0.933203125,19,54.04346704483032
0.95078125,14,54.047061920166016
0.933203125,19,54.05169892311096
-1,2,54.0525918006897
0.915625,24,54.058610916137695
0.954296875,13,54.061850786209106
0.96484375,10,54.064377784729004
0.95078125,14,54.06792712211609
0.954296875,13,54.07111978530884
0.961328125,11,54.07416605949402
-1,2,54.07501173019409
0.96484375,10,54.07765984535217
0.96484375,10,54.08008885383606
0.95078125,14,54.083637952804565
0.95078125,14,54.08710980415344
0.95078125,14,54.09055185317993
-1,5,54.09202480316162
0.95078125,14,54.095361948013306
0.961328125,11,54.09822082519531
0.95078125,14,54.10242581367493
0.954296875,13,54.10600399971008
0.940234375,17,54.11065602302551
-1,7,54.11276698112488
0.961328125,11,54.115488052368164
0.94375,16,54.11961483955383
0.9578125,12,54.12263488769531
0.96484375,10,54.125075817108154
0.95078125,14,54.12808084487915
0.940234375,17,54.132346868515015
0.947265625,15,54.136027812957764
-1,12,54.13912606239319
0.96484375,10,54.1416449546814
0.961328125,11,54.144346952438354
0.96484375,10,54.14668893814087
0.961328125,11,54.149587869644165
0.9578125,12,54.152623891830444
0.94375,16,54.156595945358276
0.9578125,12,54.1595299243927
0.954296875,13,54.162827014923096
0.961328125,11,54.16547083854675
0.96484375,10,54.16783595085144
0.9296875,20,54.17269992828369
0.95078125,14,54.176079750061035
0.96484375,10,54.17854189872742
0.96484375,10,54.18110489845276
0.96484375,10,54.18381071090698
0.926171875,21,54.18963980674744
0.94375,16,54.19378995895386
0.96484375,10,54.19635486602783
0.96484375,10,54.19881296157837
0.933203125,19,54.2035608291626
0.954296875,13,54.207342863082886
0.961328125,11,54.20998406410217
0.954296875,13,54.21279788017273
0.961328125,11,54.215632915496826
0.96484375,10,54.21817708015442
0.94375,16,54.222036838531494
0.940234375,17,54.22643685340881
0.96484375,10,54.22904706001282
0.954296875,13,54.232446908950806
0.961328125,11,54.23530864715576
0.95078125,14,54.238718032836914
0.95078125,14,54.242172956466675
0.961328125,11,54.244877099990845
0.94375,16,54.248984813690186
0.9578125,12,54.25185489654541
0.96484375,10,54.25445079803467
0.961328125,11,54.25714588165283
-1,1,54.25760197639465
0.954296875,13,54.260714054107666
0.96484375,10,54.263110876083374
0.9578125,12,54.265880823135376
0.96484375,10,54.26835489273071
0.96484375,10,54.27097702026367
0.954296875,13,54.27430295944214
0.94375,16,54.2784469127655
0.933203125,19,54.283111810684204
0.961328125,11,54.285881757736206
0.9578125,12,54.28894591331482
0.96484375,10,54.29146599769592
0.96484375,10,54.29399871826172
0.9578125,12,54.29702687263489
0.947265625,15,54.30126905441284
0.961328125,11,54.304332971572876
0.961328125,11,54.307217836380005
0.96484375,10,54.3097198009491
0.9578125,12,54.312954902648926
0.961328125,11,54.31568002700806
0.96484375,10,54.31818604469299
0.961328125,11,54.32114386558533
0.954296875,13,54.324333906173706
0.9578125,12,54.32701396942139
0.96484375,10,54.32943105697632
0.9578125,12,54.332468032836914
0.94375,16,54.33660888671875
0.96484375,10,54.33923101425171
0.961328125,11,54.34211468696594
0.954296875,13,54.34530687332153
0.95078125,14,54.348833084106445
0.954296875,13,54.35221195220947
0.93671875,18,54.357053995132446
0.95078125,14,54.36057090759277
-1,1,54.36104393005371
0.96484375,10,54.363584995269775
0.95078125,14,54.367181062698364
0.915625,24,54.37335777282715
0.961328125,11,54.37633204460144
0.954296875,13,54.3795599937439
0.961328125,11,54.38232779502869
0.95078125,14,54.38575482368469
0.9578125,12,54.388751745224
0.95078125,14,54.39213585853577
0.9296875,20,54.39674091339111
0.95078125,14,54.4005389213562
0.961328125,11,54.40340876579285
0.93671875,18,54.40741777420044
0.9578125,12,54.41052293777466
0.95078125,14,54.41467809677124
0.9578125,12,54.4177680015564
0.9578125,12,54.4207239151001
0.96484375,10,54.42327284812927
0.915625,24,54.42964792251587
0.9578125,12,54.432562828063965
0.961328125,11,54.43534803390503
0.947265625,15,54.43895077705383
0.961328125,11,54.44191789627075
0.96484375,10,54.444411754608154
-1,2,54.44508385658264
0.96484375,10,54.44743776321411
0.954296875,13,54.45063591003418
0.947265625,15,54.45430302619934
0.93671875,18,54.45858192443848
0.9578125,12,54.46152591705322
0.9578125,12,54.46433901786804
0.9578125,12,54.46740674972534
0.947265625,15,54.47106981277466
0.96484375,10,54.47354793548584
0.95078125,14,54.4773268699646
0.96484375,10,54.479883909225464
0.9578125,12,54.48276400566101
0.954296875,13,54.48605275154114
0.933203125,19,54.49050974845886
0.9578125,12,54.4935839176178
0.96484375,10,54.49607610702515
0.96484375,10,54.49853992462158
0.947265625,15,54.50197792053223
0.9578125,12,54.50512099266052
0.961328125,11,54.50796580314636
0.96484375,10,54.51048183441162
0.940234375,17,54.51448392868042
0.96484375,10,54.517173051834106
0.961328125,11,54.520535707473755
0.961328125,11,54.523146867752075
0.9578125,12,54.52607798576355
0.9578125,12,54.52911686897278
0.95078125,14,54.53230595588684
0.961328125,11,54.535080909729004
0.95078125,14,54.538715839385986
0.954296875,13,54.54216980934143
0.961328125,11,54.54490804672241
0.933203125,19,54.54962992668152
0.9578125,12,54.55265784263611
0.95078125,14,54.55606389045715
0.96484375,10,54.55859398841858
0.947265625,15,54.56248688697815
0.96484375,10,54.565061807632446
0.95078125,14,54.5687370300293
0.94375,16,54.57262897491455
0.96484375,10,54.57516384124756
0.94375,16,54.578996896743774
0.9578125,12,54.5820198059082
0.954296875,13,54.5851309299469
0.933203125,19,54.5899338722229
0.96484375,10,54.59265375137329
0.93671875,18,54.59712266921997
0.96484375,10,54.59967494010925
0.96484375,10,54.60246992111206
0.96484375,10,54.60491490364075
0.96484375,10,54.60731911659241
0.96484375,10,54.60992383956909
0.954296875,13,54.61325287818909
0.961328125,11,54.616004943847656
0.96484375,10,54.61834383010864
0.961328125,11,54.621033906936646
0.954296875,13,54.624401807785034
0.96484375,10,54.6267569065094
0.96484375,10,54.62913203239441
0.96484375,10,54.63172793388367
0.96484375,10,54.634352922439575
0.96484375,10,54.63664484024048
0.96484375,10,54.63905882835388
0.9578125,12,54.642311811447144
0.961328125,11,54.64525485038757
0.9578125,12,54.64815902709961
-1,1,54.64865779876709
0.961328125,11,54.651386737823486
0.96484375,10,54.65398597717285
0.96484375,10,54.65647006034851
0.96484375,10,54.65886902809143
0.96484375,10,54.66138982772827
0.961328125,11,54.66421580314636
0.9578125,12,54.667088747024536
0.947265625,15,54.67083978652954
0.96484375,10,54.67352604866028
0.96484375,10,54.67593193054199
0.940234375,17,54.68000102043152
0.95078125,14,54.68351101875305
0.961328125,11,54.68637275695801
0.9578125,12,54.689204931259155
0.9296875,20,54.694172859191895
0.96484375,10,54.696666955947876
0.954296875,13,54.69982695579529
0.96484375,10,54.70233082771301
0.9578125,12,54.705583810806274
0.954296875,13,54.70890688896179
0.947265625,15,54.712570905685425
0.96484375,10,54.71533703804016
0.95078125,14,54.718992948532104
0.9578125,12,54.72195482254028
0.961328125,11,54.72458291053772
0.9578125,12,54.7278618812561
-1,16,54.7317008972168
0.9578125,12,54.73489785194397
0.947265625,15,54.738560914993286
0.93671875,18,54.742591857910156
0.9578125,12,54.745429039001465
0.954296875,13,54.7489538192749
0.96484375,10,54.75147986412048
0.96484375,10,54.7538948059082
0.96484375,10,54.756473779678345
0.9578125,12,54.759669065475464
0.961328125,11,54.76224493980408
0.95078125,14,54.76563310623169
0.933203125,19,54.77070593833923
0.96484375,10,54.77332401275635
0.961328125,11,54.776121854782104
0.96484375,10,54.778780937194824
0.96484375,10,54.781221866607666
0.96484375,10,54.78356194496155
0.95078125,14,54.78701686859131
0.96484375,10,54.78964686393738
0.96484375,10,54.791974782943726
0.926171875,21,54.79700303077698
0.96484375,10,54.799410820007324
0.96484375,10,54.80176091194153
0.954296875,13,54.80478000640869
0.95078125,14,54.8083918094635
0.947265625,15,54.811845779418945
0.92265625,22,54.81679177284241
0.95078125,14,54.82056784629822
0.95078125,14,54.8240430355072
-1,1,54.82444190979004
0.96484375,10,54.826910972595215
0.96484375,10,54.829556941986084
0.96484375,10,54.832326889038086
0.961328125,11,54.835124015808105
0.96484375,10,54.837615728378296
0.96484375,10,54.839868783950806
0.9296875,20,54.84496784210205
0.95078125,14,54.848721981048584
0.9578125,12,54.85145282745361
0.96484375,10,54.85385489463806
0.954296875,13,54.85705804824829
0.95078125,14,54.860631704330444
0.954296875,13,54.86399579048157
0.961328125,11,54.866915702819824
-1,1,54.86730694770813
0.96484375,10,54.869771003723145
0.9578125,12,54.872896909713745
0.926171875,21,54.87861895561218
0.93671875,18,54.883293867111206
0.954296875,13,54.886767864227295
0.95078125,14,54.89029669761658
0.9578125,12,54.893306732177734
0.96484375,10,54.89565682411194
0.9578125,12,54.898366928100586
0.93671875,18,54.90266180038452
0.9578125,12,54.90566873550415
0.95078125,14,54.90899896621704
-1,12,54.912338972091675
0.95078125,14,54.915786027908325
0.96484375,10,54.91809797286987
0.947265625,15,54.921666860580444
0.94375,16,54.925962924957275
0.9578125,12,54.92878794670105
0.92265625,22,54.934494972229004
0.947265625,15,54.93819069862366
-1,1,54.938591957092285
0.961328125,11,54.94124794006348
0.947265625,15,54.94511270523071
0.933203125,19,54.94991683959961
-1,7,54.952186822891235
0.954296875,13,54.95562982559204
0.961328125,11,54.95840001106262
0.9578125,12,54.96168398857117
0.947265625,15,54.96585178375244
0.933203125,19,54.97112703323364
0.94375,16,54.975568771362305
0.95078125,14,54.97947382926941
0.940234375,17,54.98600888252258
0.95078125,14,54.992300033569336
0.96484375,10,54.997368812561035
0.954296875,13,55.00393295288086
0.961328125,11,55.00829291343689
0.954296875,13,55.014753103256226
0.947265625,15,55.021239042282104
0.926171875,21,55.02747988700867
0.947265625,15,55.032081842422485
0.940234375,17,55.038033962249756
0.9578125,12,55.040987968444824
0.95078125,14,55.046221017837524
0.94375,16,55.05352187156677
0.93671875,18,55.05899381637573
0.961328125,11,55.062050104141235
0.954296875,13,55.066449880599976
0.95078125,14,55.070295095443726
0.96484375,10,55.07309174537659
0.94375,16,55.07825779914856
0.947265625,15,55.08213782310486
0.961328125,11,55.08502984046936
0.961328125,11,55.08787679672241
0.947265625,15,55.092145919799805
0.95078125,14,55.095393896102905
0.9578125,12,55.098712682724
0.95078125,14,55.1030490398407
0.96484375,10,55.105509757995605
0.961328125,11,55.109508752822876
0.96484375,10,55.11188578605652
0.940234375,17,55.116450786590576
0.96484375,10,55.11873483657837
0.9578125,12,55.12149786949158
0.9578125,12,55.12511372566223
0.96484375,10,55.127702951431274
0.961328125,11,55.13043403625488
0.9578125,12,55.13327693939209
0.93671875,18,55.137717962265015
0.96484375,10,55.14071297645569
0.96484375,10,55.14326882362366
0.95078125,14,55.146814823150635
0.9578125,12,55.14969086647034
0.961328125,11,55.15265679359436
0.96484375,10,55.155860900878906
0.9578125,12,55.15938091278076
0.961328125,11,55.16235899925232
0.961328125,11,55.16545295715332
0.940234375,17,55.16974186897278
0.95078125,14,55.17376780509949
0.947265625,15,55.1776168346405
0.95078125,14,55.18126392364502
0.94375,16,55.184701919555664
0.96484375,10,55.18716287612915
0.961328125,11,55.19011569023132
-1,4,55.191575050354004
0.947265625,15,55.19516587257385
0.96484375,10,55.19759178161621
0.961328125,11,55.20042872428894
0.96484375,10,55.20307898521423
0.95078125,14,55.20655107498169
0.933203125,19,55.21108293533325
0.94375,16,55.21530604362488
0.954296875,13,55.218575954437256
0.947265625,15,55.22222185134888
0.9578125,12,55.22552490234375
0.961328125,11,55.22827172279358
0.96484375,10,55.23077201843262
0.96484375,10,55.23324799537659
0.961328125,11,55.23616695404053
0.9296875,20,55.240999937057495
0.96484375,10,55.243735790252686
0.947265625,15,55.24745988845825
0.96484375,10,55.24990272521973
0.9578125,12,55.253345012664795
0.96484375,10,55.25579285621643
-1,6,55.257718086242676
-1,2,55.25848698616028
0.94375,16,55.26224684715271
0.954296875,13,55.26559782028198
0.926171875,21,55.27130174636841
0.96484375,10,55.27385091781616
0.95078125,14,55.277498960494995
0.96484375,10,55.28000283241272
0.9578125,12,55.28282594680786
0.947265625,15,55.286903858184814
0.96484375,10,55.2916738986969
0.96484375,10,55.29788589477539
0.96484375,10,55.30536603927612
0.96484375,10,55.30753302574158
0.96484375,10,55.3100380897522
0.92265625,22,55.31512188911438
-1,12,55.31808376312256
0.947265625,15,55.321871757507324
0.96484375,10,55.324185848236084
0.96484375,10,55.326541900634766
0.933203125,19,55.330872774124146
0.947265625,15,55.334895849227905
0.961328125,11,55.338207960128784
0.947265625,15,55.34197783470154
-1,4,55.34312391281128
0.96484375,10,55.34580588340759
0.96484375,10,55.34831690788269
0.96484375,10,55.350850105285645
0.96484375,10,55.353447914123535
0.954296875,13,55.35664892196655
0.961328125,11,55.35955786705017
0.9578125,12,55.36307191848755
0.95078125,14,55.366503953933716
0.954296875,13,55.36956071853638
0.954296875,13,55.37325191497803
0.96484375,10,55.37577700614929
-1,10,55.37865877151489
0.940234375,17,55.382750034332275
0.947265625,15,55.386536836624146
0.947265625,15,55.39022374153137
0.96484375,10,55.39267301559448
-1,1,55.39329385757446
0.9578125,12,55.39613175392151
0.96484375,10,55.39857268333435
-1,2,55.39940786361694
0.940234375,17,55.40383577346802
0.96484375,10,55.40636086463928
0.954296875,13,55.4095299243927
0.96484375,10,55.412309885025024
0.9578125,12,55.415313959121704
0.954296875,13,55.41852593421936
0.96484375,10,55.420923948287964
0.94375,16,55.42493796348572
0.95078125,14,55.42834687232971
0.94375,16,55.43212294578552
0.926171875,21,55.43773889541626
0.926171875,21,55.44280505180359
0.94375,16,55.446879863739014
0.96484375,10,55.44939684867859
0.940234375,17,55.453712940216064
0.96484375,10,55.45627975463867
0.9578125,12,55.459348917007446
0.954296875,13,55.46240592002869
0.96484375,10,55.46492385864258
0.961328125,11,55.46756100654602
-1,6,55.46944999694824
0.9296875,20,55.47435808181763
0.95078125,14,55.47794985771179
0.9578125,12,55.4814338684082
0.94375,16,55.485474824905396
0.961328125,11,55.488300800323486
0.961328125,11,55.49110674858093
0.9296875,20,55.495681047439575
0.96484375,10,55.499191761016846
0.961328125,11,55.50278973579407
0.9578125,12,55.5057909488678
0.96484375,10,55.509023904800415
0.94375,16,55.512962102890015
0.96484375,10,55.51543593406677
0.961328125,11,55.518221855163574
-1,1,55.51875877380371
0.919140625,23,55.5254328250885
0.954296875,13,55.52904772758484
0.96484375,10,55.53148293495178
0.9578125,12,55.53467297554016
0.96484375,10,55.53749680519104
0.9578125,12,55.54068088531494
0.95078125,14,55.544190883636475
0.947265625,15,55.5476508140564
0.961328125,11,55.55041193962097
0.954296875,13,55.55360698699951
0.940234375,17,55.55798673629761
0.954296875,13,55.56113886833191
0.95078125,14,55.56455397605896
0.9578125,12,55.56789183616638
0.947265625,15,55.57172894477844
0.96484375,10,55.57463598251343
0.96484375,10,55.57707381248474
0.961328125,11,55.57995295524597
0.9578125,12,55.582974910736084
0.961328125,11,55.58574986457825
0.926171875,21,55.590810775756836
0.96484375,10,55.59340691566467
0.961328125,11,55.59608769416809
0.9296875,20,55.60085988044739
0.94375,16,55.60476088523865
0.95078125,14,55.608335733413696
0.96484375,10,55.61083388328552
0.96484375,10,55.61323070526123
0.96484375,10,55.61568474769592
0.954296875,13,55.61888098716736
-1,1,55.61925387382507
0.9578125,12,55.6227867603302
0.9578125,12,55.62572693824768
0.96484375,10,55.62811589241028
0.954296875,13,55.63111090660095
0.961328125,11,55.63398194313049
0.954296875,13,55.63737392425537
0.9578125,12,55.640291690826416
0.947265625,15,55.64405584335327
0.961328125,11,55.646812915802
0.961328125,11,55.649749994277954
0.9578125,12,55.656935930252075
0.905078125,27,55.668267011642456
-1,1,55.66902780532837
0.96484375,10,55.673006772994995
0.9578125,12,55.67766499519348
0.954296875,13,55.68302273750305
0.96484375,10,55.686736822128296
0.954296875,13,55.69037389755249
0.933203125,19,55.69819903373718
-1,1,55.69942092895508
0.96484375,10,55.702378034591675
-1,2,55.703218936920166
0.926171875,21,55.710739850997925
0.94375,16,55.71514081954956
0.96484375,10,55.719196796417236
0.95078125,14,55.72366380691528
0.9578125,12,55.7269868850708
0.95078125,14,55.73251390457153
0.961328125,11,55.73577809333801
0.933203125,19,55.74145197868347
0.940234375,17,55.74622988700867
0.9578125,12,55.7502007484436
0.954296875,13,55.75400400161743
0.954296875,13,55.757261753082275
0.954296875,13,55.76027703285217
0.954296875,13,55.7636559009552
0.95078125,14,55.767377853393555
0.96484375,10,55.76985502243042
0.954296875,13,55.773573875427246
0.926171875,21,55.778496980667114
0.96484375,10,55.78107500076294
-1,10,55.78380799293518
0.947265625,15,55.787513732910156
0.947265625,15,55.79125499725342
0.96484375,10,55.793893814086914
0.95078125,14,55.79747200012207
0.9578125,12,55.80048370361328
0.947265625,15,55.80434989929199
0.96484375,10,55.806885957717896
0.954296875,13,55.81013894081116
0.96484375,10,55.812638998031616
0.96484375,10,55.815141916275024
0.933203125,19,55.81971287727356
0.961328125,11,55.82272791862488
0.954296875,13,55.82593297958374
0.947265625,15,55.829667806625366
0.926171875,21,55.834983825683594
0.96484375,10,55.837448835372925
0.96484375,10,55.84000205993652
0.94375,16,55.84394288063049
0.96484375,10,55.846285820007324
0.940234375,17,55.85051488876343
0.933203125,19,55.855512857437134
0.95078125,14,55.858765840530396
-1,12,55.86178684234619
0.93671875,18,55.866583824157715
0.947265625,15,55.87014293670654
0.933203125,19,55.875173807144165
0.9578125,12,55.87816786766052
0.954296875,13,55.88115310668945
0.961328125,11,55.884084939956665
0.96484375,10,55.88676190376282
0.954296875,13,55.8899028301239
0.947265625,15,55.89391112327576
0.947265625,15,55.8977370262146
0.95078125,14,55.90139293670654
0.940234375,17,55.90545105934143
0.947265625,15,55.909343004226685
0.940234375,17,55.91371178627014
0.961328125,11,55.91665983200073
0.954296875,13,55.919938802719116
0.940234375,17,55.92428493499756
0.96484375,10,55.926839113235474
0.954296875,13,55.92979097366333
0.94375,16,55.93381881713867
0.947265625,15,55.93737602233887
0.95078125,14,55.94068884849548
0.954296875,13,55.94423508644104
0.95078125,14,55.94793391227722
0.954296875,13,55.95148181915283
0.947265625,15,55.95507574081421
0.96484375,10,55.95759582519531
0.912109375,25,55.96384787559509
0.96484375,10,55.96644568443298
0.940234375,17,55.970465898513794
0.919140625,23,55.976097106933594
-1,19,55.98096585273743
0.961328125,11,55.983792781829834
0.933203125,19,55.988685846328735
0.954296875,13,55.992302894592285
0.9578125,12,55.9954469203949
0.940234375,17,55.999780893325806
0.954296875,13,56.002760887145996
0.9578125,12,56.00572490692139
0.961328125,11,56.00862789154053
0.961328125,11,56.011394023895264
0.95078125,14,56.01510405540466
0.961328125,11,56.0180778503418
0.94375,16,56.0218460559845
0.94375,16,56.02559185028076
0.961328125,11,56.02851676940918
0.947265625,15,56.03223776817322
0.9015625,28,56.03925395011902
-1,8,56.041430950164795
0.947265625,15,56.04507279396057
0.940234375,17,56.04941391944885
0.9578125,12,56.05270600318909
0.954296875,13,56.05586099624634
0.94375,16,56.05986571311951
0.9578125,12,56.062968730926514
0.96484375,10,56.06535983085632
0.9296875,20,56.07066297531128
0.954296875,13,56.0742027759552
0.96484375,10,56.07675075531006
0.926171875,21,56.08203172683716
0.95078125,14,56.08564496040344
0.947265625,15,56.089497804641724
0.9578125,12,56.092402935028076
0.95078125,14,56.09612703323364
0.96484375,10,56.09843587875366
0.96484375,10,56.10084772109985
0.96484375,10,56.103296995162964
0.961328125,11,56.106122970581055
0.96484375,10,56.10845184326172
0.94375,16,56.11203575134277
0.95078125,14,56.11571478843689
0.954296875,13,56.11883902549744
0.9578125,12,56.12168598175049
0.95078125,14,56.125025033950806
0.9578125,12,56.12783169746399
-1,1,56.12828588485718
0.96484375,10,56.130653858184814
0.947265625,15,56.1343560218811
0.96484375,10,56.13660287857056
0.95078125,14,56.13981008529663
0.96484375,10,56.14236497879028
0.9578125,12,56.145216941833496
0.954296875,13,56.14840078353882
0.9578125,12,56.15127873420715
0.961328125,11,56.15413570404053
0.9578125,12,56.15712594985962
0.9296875,20,56.161603689193726
0.92265625,22,56.167531967163086
0.940234375,17,56.17171096801758
0.954296875,13,56.17508101463318
0.96484375,10,56.17785978317261
0.954296875,13,56.18081879615784
0.9578125,12,56.18369793891907
0.926171875,21,56.1888530254364
0.954296875,13,56.191956996917725
0.961328125,11,56.19488477706909
0.95078125,14,56.198423862457275
0.961328125,11,56.20109796524048
0.954296875,13,56.20432090759277
0.95078125,14,56.20784378051758
0.954296875,13,56.21100187301636
0.96484375,10,56.2134747505188
0.96484375,10,56.216033935546875
0.9578125,12,56.21941089630127
0.933203125,19,56.22396802902222
0.954296875,13,56.227258920669556
0.96484375,10,56.22994589805603
0.96484375,10,56.232404947280884
0.947265625,15,56.23597288131714
0.961328125,11,56.23870277404785
0.96484375,10,56.24108290672302
0.96484375,10,56.24349498748779
0.94375,16,56.24748086929321
0.96484375,10,56.25002074241638
-1,1,56.250568866729736
0.96484375,10,56.252816915512085
0.9578125,12,56.25579285621643
0.9578125,12,56.25861978530884
0.96484375,10,56.26097106933594
0.9578125,12,56.26369595527649
0.96484375,10,56.26625299453735
0.940234375,17,56.27044987678528
0.954296875,13,56.27340602874756
0.9578125,12,56.27639889717102
0.94375,16,56.280457973480225
0.9296875,20,56.28548574447632
0.940234375,17,56.289889097213745
0.954296875,13,56.29282188415527
0.96484375,10,56.29550886154175
0.947265625,15,56.29948091506958
0.961328125,11,56.302440881729126
0.961328125,11,56.30517792701721
0.961328125,11,56.30807876586914
0.93671875,18,56.31269288063049
0.947265625,15,56.31607675552368
0.954296875,13,56.319287061691284
0.9578125,12,56.32216286659241
0.96484375,10,56.32463788986206
0.940234375,17,56.32891082763672
0.9578125,12,56.3324978351593
0.93671875,18,56.3371798992157
0.96484375,10,56.33980894088745
-1,16,56.34412384033203
0.9296875,20,56.348944902420044
0.954296875,13,56.35230278968811
0.9578125,12,56.355712890625
0.9578125,12,56.358741998672485
-1,9,56.361262798309326
0.9578125,12,56.36435103416443
0.9578125,12,56.367501735687256
0.947265625,15,56.370959758758545
0.961328125,11,56.37362289428711
0.954296875,13,56.377115964889526
0.96484375,10,56.37959289550781
0.93671875,18,56.383726835250854
0.9578125,12,56.38685083389282
0.961328125,11,56.38965892791748
0.94375,16,56.39313793182373
0.9578125,12,56.396244049072266
0.961328125,11,56.39913487434387
0.9578125,12,56.40200591087341
0.94375,16,56.40630769729614
0.96484375,10,56.40908479690552
0.96484375,10,56.4116370677948
0.933203125,19,56.41630005836487
0.93671875,18,56.42048788070679
0.96484375,10,56.42287278175354
0.940234375,17,56.42686080932617
0.961328125,11,56.42962384223938
0.898046875,29,56.43729782104492
0.947265625,15,56.44102501869202
0.9578125,12,56.44410276412964
0.96484375,10,56.44667291641235
0.95078125,14,56.450217962265015
0.947265625,15,56.45405077934265
0.96484375,10,56.456445932388306
0.954296875,13,56.45975089073181
0.9578125,12,56.462939977645874
0.947265625,15,56.46614599227905
0.95078125,14,56.46933102607727
0.961328125,11,56.472172021865845
0.947265625,15,56.4757239818573
0.96484375,10,56.47818088531494
0.9296875,20,56.48360586166382
0.961328125,11,56.48635387420654
0.96484375,10,56.48876905441284
0.95078125,14,56.492241859436035
-1,9,56.49488592147827
0.96484375,10,56.497286796569824
0.961328125,11,56.50002884864807
0.961328125,11,56.50280404090881
0.961328125,11,56.50564789772034
0.961328125,11,56.508471727371216
0.961328125,11,56.511225938797
0.96484375,10,56.51446080207825
0.961328125,11,56.520519971847534
0.94375,16,56.527519941329956
0.947265625,15,56.533368825912476
0.954296875,13,56.53803896903992
0.93671875,18,56.54495096206665
0.96484375,10,56.548741817474365
0.96484375,10,56.55328893661499
0.9578125,12,56.55723977088928
0.954296875,13,56.56267690658569
0.96484375,10,56.56631398200989
0.96484375,10,56.5702600479126
0.94375,16,56.5739860534668
0.961328125,11,56.576610803604126
0.96484375,10,56.57915902137756
0.96484375,10,56.58157682418823
0.954296875,13,56.58668899536133
0.96484375,10,56.590760946273804
0.9578125,12,56.59546971321106
0.95078125,14,56.600756883621216
0.96484375,10,56.60465693473816
0.954296875,13,56.60917568206787
0.947265625,15,56.615163803100586
0.947265625,15,56.62115406990051
0.95078125,14,56.62585806846619
0.961328125,11,56.628551959991455
0.961328125,11,56.63141393661499
0.96484375,10,56.633867025375366
0.933203125,19,56.638396978378296
0.96484375,10,56.6409478187561
0.940234375,17,56.64492583274841
0.94375,16,56.649789810180664
0.9578125,12,56.65274381637573
0.95078125,14,56.65620493888855
0.9578125,12,56.65911674499512
0.96484375,10,56.661815881729126
0.954296875,13,56.665233850479126
0.96484375,10,56.667701959609985
0.9578125,12,56.67069387435913
0.96484375,10,56.673234939575195
0.96484375,10,56.67582583427429
0.96484375,10,56.67842388153076
0.9578125,12,56.681583881378174
0.96484375,10,56.6840980052948
0.90859375,26,56.69097876548767
0.961328125,11,56.69396996498108
-1,2,56.69484901428223
0.961328125,11,56.69786286354065
0.96484375,10,56.70042085647583
0.95078125,14,56.703943967819214
0.961328125,11,56.706695795059204
0.94375,16,56.710777759552
0.96484375,10,56.71310901641846
0.961328125,11,56.71570682525635
0.96484375,10,56.71826887130737
0.9578125,12,56.72111988067627
0.940234375,17,56.725157737731934
0.933203125,19,56.72980189323425
0.95078125,14,56.733402729034424
0.954296875,13,56.736907958984375
0.96484375,10,56.73961806297302
0.9578125,12,56.74265789985657
0.95078125,14,56.74617385864258
-1,12,56.749473094940186
0.940234375,17,56.75403904914856
0.96484375,10,56.756685733795166
0.961328125,11,56.759639739990234
0.94375,16,56.763593912124634
0.9578125,12,56.76627469062805
0.954296875,13,56.76926803588867
0.961328125,11,56.772026777267456
0.96484375,10,56.77445888519287
0.954296875,13,56.778021812438965
0.947265625,15,56.78201866149902
0.96484375,10,56.78455185890198
0.947265625,15,56.78815007209778
0.961328125,11,56.7908718585968
0.96484375,10,56.79342579841614
0.9578125,12,56.7965829372406
0.954296875,13,56.79986882209778
0.9578125,12,56.8028507232666
0.954296875,13,56.80609488487244
0.961328125,11,56.80899477005005
0.961328125,11,56.811628103256226
0.926171875,21,56.8165397644043
0.954296875,13,56.81989502906799
0.96484375,10,56.82242679595947
0.96484375,10,56.82490396499634
-1,15,56.82905292510986
0.96484375,10,56.8317129611969
0.96484375,10,56.83410096168518
-1,1,56.83447790145874
0.93671875,18,56.8388729095459
-1,1,56.83940100669861
0.96484375,10,56.841975688934326
0.9578125,12,56.84485983848572
0.961328125,11,56.84777283668518
0.961328125,11,56.850860834121704
0.96484375,10,56.85353398323059
0.9578125,12,56.856581926345825
0.954296875,13,56.859745025634766
0.947265625,15,56.86363482475281
0.933203125,19,56.86821389198303
0.940234375,17,56.87264680862427
0.9578125,12,56.87610697746277
0.94375,16,56.87995982170105
0.961328125,11,56.88260197639465
0.954296875,13,56.88623595237732
0.954296875,13,56.88957905769348
0.94375,16,56.89397096633911
0.9578125,12,56.897270917892456
0.96484375,10,56.89971399307251
0.954296875,13,56.90282988548279
0.961328125,11,56.905664920806885
-1,2,56.9064838886261
0.933203125,19,56.911038875579834
0.961328125,11,56.91393685340881
0.96484375,10,56.91642093658447
0.9578125,12,56.91931891441345
0.961328125,11,56.92185688018799
-1,10,56.92465376853943
0.961328125,11,56.92759990692139
-1,7,56.9294810295105
0.9578125,12,56.932368755340576
0.94375,16,56.936136960983276
0.961328125,11,56.938941955566406
0.95078125,14,56.94227981567383
-1,1,56.94276690483093
0.93671875,18,56.947277784347534
0.96484375,10,56.949721813201904
0.96484375,10,56.95218896865845
0.96484375,10,56.954834938049316
0.954296875,13,56.95828676223755
0.954296875,13,56.96141171455383
-1,25,56.9676468372345
0.9578125,12,56.970876932144165
0.9578125,12,56.973755836486816
0.96484375,10,56.97629690170288
0.95078125,14,56.98008704185486
0.96484375,10,56.982656955718994
0.9578125,12,56.985694885253906
0.9578125,12,56.98866105079651
0.96484375,10,56.99128079414368
0.96484375,10,56.99387192726135
0.96484375,10,56.99661993980408
0.947265625,15,57.00048208236694
0.9578125,12,57.00378704071045
0.961328125,11,57.00653696060181
0.96484375,10,57.00899291038513
0.933203125,19,57.01376795768738
0.9578125,12,57.016647815704346
0.96484375,10,57.01899981498718
0.954296875,13,57.02203893661499
0.93671875,18,57.02642202377319
0.94375,16,57.03025197982788
-1,1,57.03078079223633
0.94375,16,57.03447985649109
0.947265625,15,57.038058042526245
0.96484375,10,57.040727853775024
0.95078125,14,57.04403471946716
0.96484375,10,57.04656100273132
0.96484375,10,57.04894685745239
0.9578125,12,57.052520990371704
0.954296875,13,57.05574893951416
-1,14,57.059305906295776
0.96484375,10,57.06171178817749
0.96484375,10,57.06411290168762
0.96484375,10,57.066654920578
0.9578125,12,57.06969976425171
0.947265625,15,57.07335710525513
-1,3,57.07458472251892
0.9578125,12,57.077597856521606
0.96484375,10,57.08003783226013
0.96484375,10,57.08262085914612
0.96484375,10,57.08496594429016
0.9578125,12,57.08802580833435
0.96484375,10,57.09057593345642
0.96484375,10,57.093034982681274
0.96484375,10,57.09541988372803
0.947265625,15,57.09901785850525
0.9578125,12,57.10198497772217
0.95078125,14,57.10538196563721
0.954296875,13,57.10889291763306
0.96484375,10,57.11149477958679
0.9578125,12,57.11446404457092
0.954296875,13,57.117796897888184
0.947265625,15,57.121604919433594
0.9296875,20,57.12669086456299
0.93671875,18,57.13095188140869
0.94375,16,57.134639739990234
0.9296875,20,57.13937282562256
-1,5,57.14086079597473
0.95078125,14,57.14406776428223
0.96484375,10,57.14670276641846
0.954296875,13,57.14990997314453
0.954296875,13,57.15321493148804
0.94375,16,57.15741682052612
0.954296875,13,57.16052794456482
0.933203125,19,57.16514301300049
0.96484375,10,57.167672872543335
0.96484375,10,57.17027688026428
0.961328125,11,57.172977924346924
0.940234375,17,57.17755174636841
0.95078125,14,57.180935859680176
0.96484375,10,57.18342876434326
0.94375,16,57.18769693374634
0.961328125,11,57.190398931503296
0.95078125,14,57.19387483596802
0.933203125,19,57.19855999946594
0.96484375,10,57.20109009742737
0.961328125,11,57.20380187034607
0.940234375,17,57.208475828170776
0.954296875,13,57.211682081222534
-1,13,57.21489191055298
0.96484375,10,57.217551946640015
0.933203125,19,57.22206377983093
0.93671875,18,57.22661566734314
0.96484375,10,57.22940492630005
0.961328125,11,57.23268389701843
0.96484375,10,57.23574185371399
0.954296875,13,57.239067792892456
0.961328125,11,57.24212193489075
0.954296875,13,57.24552607536316
0.9578125,12,57.24868679046631
0.94375,16,57.25275278091431
0.96484375,10,57.255202770233154
0.96484375,10,57.25757908821106
0.9578125,12,57.26120090484619
0.947265625,15,57.26751780509949
0.96484375,10,57.27109885215759
0.947265625,15,57.27727270126343
0.954296875,13,57.282049894332886
0.93671875,18,57.28788781166077
0.961328125,11,57.291544914245605
0.96484375,10,57.29523468017578
0.954296875,13,57.29963183403015
0.919140625,23,57.308557748794556
0.947265625,15,57.31450796127319
0.96484375,10,57.31774067878723
0.93671875,18,57.32417583465576
0.96484375,10,57.326950788497925
0.96484375,10,57.329922676086426
0.96484375,10,57.334200859069824
0.9578125,12,57.339502811431885
0.94375,16,57.34565997123718
0.96484375,10,57.35008096694946
0.933203125,19,57.356714963912964
0.96484375,10,57.360755920410156
0.961328125,11,57.36511278152466
0.96484375,10,57.369213819503784
0.9578125,12,57.37339496612549
0.947265625,15,57.377995014190674
0.961328125,11,57.38074803352356
0.961328125,11,57.38351273536682
0.9578125,12,57.386597871780396
0.96484375,10,57.38888597488403
0.947265625,15,57.39250993728638
0.96484375,10,57.39512872695923
0.9578125,12,57.398427963256836
0.96484375,10,57.40096473693848
0.96484375,10,57.403629779815674
0.94375,16,57.40808868408203
0.96484375,10,57.410658836364746
-1,10,57.413169860839844
0.93671875,18,57.41784882545471
0.9578125,12,57.42097783088684
0.95078125,14,57.42464089393616
0.961328125,11,57.42777490615845
0.96484375,10,57.430283069610596
0.96484375,10,57.43283486366272
-1,6,57.43459105491638
0.95078125,14,57.43792104721069
0.926171875,21,57.4432110786438
0.947265625,15,57.447043895721436
0.96484375,10,57.44955277442932
0.961328125,11,57.452348947525024
0.9578125,12,57.45533275604248
0.9578125,12,57.45824098587036
0.9578125,12,57.46100687980652
0.94375,16,57.464924812316895
0.96484375,10,57.467467069625854
0.954296875,13,57.470661878585815
0.961328125,11,57.47343373298645
0.9578125,12,57.4765408039093
0.9578125,12,57.47938585281372
0.961328125,11,57.48202872276306
0.9578125,12,57.48511481285095
0.94375,16,57.48916506767273
0.96484375,10,57.49153780937195
0.947265625,15,57.49526786804199
0.93671875,18,57.49980068206787
0.96484375,10,57.502179861068726
0.940234375,17,57.50690293312073
0.93671875,18,57.51114583015442
0.961328125,11,57.51356387138367
0.9578125,12,57.516830921173096
0.919140625,23,57.52223491668701
0.94375,16,57.52616882324219
0.9578125,12,57.529276847839355
0.95078125,14,57.53286290168762
0.926171875,21,57.53846502304077
0.9578125,12,57.541722774505615
0.954296875,13,57.545084953308105
0.9578125,12,57.548035860061646
0.94375,16,57.55211806297302
0.96484375,10,57.55459475517273
0.919140625,23,57.56000208854675
0.93671875,18,57.56489872932434
0.96484375,10,57.56763696670532
0.961328125,11,57.5704607963562
0.954296875,13,57.57415771484375
0.9578125,12,57.576984882354736
-1,10,57.579580783843994
0.9578125,12,57.58276581764221
0.947265625,15,57.58664393424988
0.96484375,10,57.589104890823364
0.9578125,12,57.59214901924133
0.954296875,13,57.59522891044617
0.891015625,31,57.60250282287598
0.9578125,12,57.60578489303589
0.954296875,13,57.60936975479126
0.96484375,10,57.61171889305115
0.96484375,10,57.614256858825684
0.95078125,14,57.61775279045105
0.961328125,11,57.62048268318176
0.9578125,12,57.62333083152771
0.954296875,13,57.626598834991455
0.96484375,10,57.62913203239441
0.96484375,10,57.63173508644104
-1,14,57.63535785675049
0.96484375,10,57.638006925582886
0.954296875,13,57.641294717788696
0.961328125,11,57.64399576187134
0.961328125,11,57.64688682556152
0.961328125,11,57.64964199066162
0.95078125,14,57.65281295776367
0.96484375,10,57.655226945877075
0.9578125,12,57.658180713653564
0.9578125,12,57.66108989715576
0.9578125,12,57.66403794288635
0.961328125,11,57.6670458316803
-1,2,57.66775393486023
0.94375,16,57.67163276672363
0.915625,24,57.67765974998474
0.93671875,18,57.682440996170044
0.954296875,13,57.68573784828186
0.96484375,10,57.688485860824585
0.96484375,10,57.691096782684326
0.961328125,11,57.69389009475708
0.961328125,11,57.69684982299805
0.961328125,11,57.69952988624573
0.940234375,17,57.703672885894775
0.961328125,11,57.706618785858154
0.961328125,11,57.70949983596802
0.95078125,14,57.71321392059326
0.954296875,13,57.716657876968384
0.96484375,10,57.71907591819763
0.93671875,18,57.72328495979309
0.940234375,17,57.72750902175903
0.961328125,11,57.7302029132843
0.961328125,11,57.73302602767944
0.96484375,10,57.73549795150757
0.96484375,10,57.73793578147888
0.961328125,11,57.74071288108826
0.96484375,10,57.74325776100159
0.9578125,12,57.74640107154846
-1,11,57.74984383583069
0.933203125,19,57.75474190711975
-1,2,57.75538086891174
0.93671875,18,57.75993990898132
0.95078125,14,57.76389288902283
0.940234375,17,57.76876378059387
0.9578125,12,57.771787881851196
0.96484375,10,57.774303913116455
0.96484375,10,57.77684497833252
0.961328125,11,57.77947974205017
0.96484375,10,57.781895875930786
0.96484375,10,57.78446888923645
0.947265625,15,57.78803205490112
0.96484375,10,57.79031991958618
0.9578125,12,57.79327392578125
0.95078125,14,57.796875
0.96484375,10,57.7991988658905
0.94375,16,57.80296874046326
0.96484375,10,57.80553483963013
0.93671875,18,57.80982494354248
0.9578125,12,57.81290292739868
0.947265625,15,57.816654920578
0.947265625,15,57.82050371170044
0.9578125,12,57.82351589202881
0.954296875,13,57.82679891586304
0.96484375,10,57.82927179336548
0.947265625,15,57.83310270309448
0.933203125,19,57.837934732437134
0.96484375,10,57.840352058410645
0.961328125,11,57.84312987327576
0.96484375,10,57.845654010772705
0.95078125,14,57.849159955978394
0.96484375,10,57.851643800735474
0.961328125,11,57.8543918132782
0.961328125,11,57.85728573799133
0.96484375,10,57.8597629070282
0.96484375,10,57.86237907409668
0.933203125,19,57.86715388298035
0.961328125,11,57.869996786117554
0.95078125,14,57.87328386306763
0.9578125,12,57.87638974189758
0.96484375,10,57.87906193733215
0.96484375,10,57.8815598487854
0.954296875,13,57.88495898246765
0.9578125,12,57.88807773590088
0.961328125,11,57.890883922576904
0.961328125,11,57.893775939941406
0.9578125,12,57.896968841552734
0.96484375,10,57.8996307849884
0.95078125,14,57.90340781211853
0.9578125,12,57.90666699409485
0.947265625,15,57.910531759262085
0.961328125,11,57.913569927215576
0.9578125,12,57.91652774810791
0.96484375,10,57.91888880729675
0.9578125,12,57.92179203033447
0.92265625,22,57.92717695236206
0.961328125,11,57.930065870285034
0.94375,16,57.93415594100952
0.947265625,15,57.938029766082764
0.96484375,10,57.94043970108032
0.9578125,12,57.94322681427002
0.9578125,12,57.94663882255554
0.9578125,12,57.94981670379639
0.95078125,14,57.95317792892456
0.96484375,10,57.95591497421265
0.947265625,15,57.9596049785614
0.96484375,10,57.961936950683594
0.9578125,12,57.96493172645569
0.9578125,12,57.96821689605713
0.954296875,13,57.971277713775635
0.9578125,12,57.974106788635254
0.95078125,14,57.978129863739014
0.96484375,10,57.98098087310791
0.940234375,17,57.98530578613281
-1,1,57.98580288887024
0.954296875,13,57.989346742630005
0.9578125,12,57.99228596687317
0.933203125,19,57.99760103225708
0.961328125,11,58.00050377845764
0.961328125,11,58.003201961517334
0.961328125,11,58.00591802597046
0.96484375,10,58.00856971740723
0.9578125,12,58.01309895515442
0.94375,16,58.02003002166748
0.9578125,12,58.02546000480652
-1,15,58.03150486946106
0.961328125,11,58.03542494773865
0.96484375,10,58.039769887924194
0.96484375,10,58.043102979660034
0.96484375,10,58.045612812042236
0.961328125,11,58.049591064453125
0.94375,16,58.055330753326416
0.961328125,11,58.05969190597534
0.96484375,10,58.06370687484741
0.961328125,11,58.066900968551636
0.96484375,10,58.07080602645874
0.961328125,11,58.073407888412476
0.933203125,19,58.077767848968506
0.961328125,11,58.08051300048828
0.961328125,11,58.083101987838745
0.9296875,20,58.090455055236816
0.954296875,13,58.094695806503296
0.954296875,13,58.099973917007446
0.9296875,20,58.107826948165894
0.96484375,10,58.112236738204956
0.93671875,18,58.118544816970825
0.954296875,13,58.12327980995178
0.96484375,10,58.126887798309326
0.961328125,11,58.12924385070801
0.9296875,20,58.133893966674805
0.961328125,11,58.13664698600769
0.96484375,10,58.13893675804138
0.9296875,20,58.14432692527771
0.94375,16,58.14849781990051
0.926171875,21,58.1536009311676
0.961328125,11,58.156357765197754
0.9578125,12,58.15966272354126
0.96484375,10,58.16237187385559
0.947265625,15,58.16614079475403
0.94375,16,58.16993308067322
0.96484375,10,58.17241978645325
0.96484375,10,58.17493677139282
0.96484375,10,58.17735195159912
-1,1,58.17777490615845
0.954296875,13,58.18109083175659
0.96484375,10,58.183634996414185
0.961328125,11,58.18654274940491
0.940234375,17,58.19073987007141
0.95078125,14,58.194456815719604
0.954296875,13,58.19770908355713
0.9578125,12,58.20107388496399
0.940234375,17,58.20571684837341
0.954296875,13,58.208781719207764
0.926171875,21,58.21388292312622
0.961328125,11,58.216800928115845
0.9578125,12,58.21964907646179
0.9296875,20,58.22470498085022
-1,1,58.22525906562805
0.9578125,12,58.22831177711487
0.93671875,18,58.23304867744446
0.95078125,14,58.23686099052429
0.96484375,10,58.239473819732666
0.947265625,15,58.24369478225708
0.961328125,11,58.24650692939758
-1,2,58.247190952301025
0.94375,16,58.25115704536438
0.940234375,17,58.25554895401001
0.92265625,22,58.26070785522461
0.947265625,15,58.264325857162476
0.947265625,15,58.26790404319763
0.954296875,13,58.27093577384949
0.954296875,13,58.27442383766174
0.947265625,15,58.27818584442139
0.94375,16,58.28182673454285
0.93671875,18,58.28594088554382
0.95078125,14,58.28899884223938
0.961328125,11,58.29175686836243
0.96484375,10,58.2942898273468
0.94375,16,58.29802179336548
0.96484375,10,58.300540924072266
0.96484375,10,58.30292773246765
0.94375,16,58.307151794433594
0.954296875,13,58.31016993522644
0.96484375,10,58.31261682510376
0.954296875,13,58.31603789329529
0.95078125,14,58.319559812545776
0.96484375,10,58.32209587097168
0.96484375,10,58.324482679367065
0.954296875,13,58.32768201828003
0.96484375,10,58.33020377159119
0.947265625,15,58.333945751190186
0.96484375,10,58.33648681640625
0.96484375,10,58.339032888412476
0.961328125,11,58.341825008392334
0.947265625,15,58.3457510471344
0.96484375,10,58.34850883483887
0.92265625,22,58.35392999649048
0.954296875,13,58.35724902153015
0.95078125,14,58.36059379577637
0.954296875,13,58.36391592025757
0.96484375,10,58.36660289764404
0.961328125,11,58.36950397491455
0.96484375,10,58.371882915496826
0.954296875,13,58.37516379356384
-1,1,58.375773906707764
0.961328125,11,58.37859082221985
0.954296875,13,58.38186073303223
-1,9,58.3843047618866
0.9578125,12,58.38792085647583
0.933203125,19,58.393351793289185
0.94375,16,58.39902067184448
0.940234375,17,58.40360879898071
-1,5,58.405258893966675
0.96484375,10,58.407958984375
0.940234375,17,58.41301488876343
0.96484375,10,58.41582679748535
0.96484375,10,58.419251918792725
-1,1,58.41987466812134
0.96484375,10,58.42273473739624
0.961328125,11,58.425580739974976
0.96484375,10,58.4285089969635
0.947265625,15,58.43354296684265
0.961328125,11,58.43694591522217
0.96484375,10,58.44006609916687
0.96484375,10,58.44420671463013
0.96484375,10,58.44736385345459
0.954296875,13,58.45203185081482
0.961328125,11,58.45591592788696
0.95078125,14,58.46058988571167
0.95078125,14,58.46635174751282
0.961328125,11,58.469666719436646
0.94375,16,58.4762077331543
0.96484375,10,58.47985100746155
0.954296875,13,58.484463930130005
0.96484375,10,58.48774790763855
0.96484375,10,58.49112868309021
0.947265625,15,58.4977548122406
0.947265625,15,58.50249981880188
0.9578125,12,58.505255937576294
0.96484375,10,58.507529973983765
0.9578125,12,58.510639905929565
0.96484375,10,58.51322603225708
0.94375,16,58.517029762268066
0.96484375,10,58.519371032714844
0.96484375,10,58.52215790748596
0.9578125,12,58.52515888214111
0.96484375,10,58.52755784988403
0.95078125,14,58.53107786178589
0.961328125,11,58.53419280052185
0.954296875,13,58.53754186630249
0.9578125,12,58.540934801101685
0.9578125,12,58.54413080215454
0.96484375,10,58.54667592048645
0.94375,16,58.55075693130493
0.947265625,15,58.554993867874146
0.9578125,12,58.55821490287781
0.9578125,12,58.561399698257446
0.9578125,12,58.56456184387207
0.961328125,11,58.56746697425842
0.95078125,14,58.57085394859314
0.947265625,15,58.574684858322144
0.954296875,13,58.57789897918701
0.96484375,10,58.58042073249817
0.961328125,11,58.5831618309021
0.94375,16,58.58693885803223
0.954296875,13,58.590216875076294
0.961328125,11,58.59300875663757
-1,8,58.59554982185364
0.9578125,12,58.59844470024109
0.933203125,19,58.60300803184509
0.9578125,12,58.60598182678223
0.96484375,10,58.60844278335571
0.947265625,15,58.612345933914185
0.961328125,11,58.61578869819641
0.961328125,11,58.618605852127075
0.95078125,14,58.62258791923523
0.961328125,11,58.62548494338989
0.96484375,10,58.628071784973145
0.96484375,10,58.63058090209961
0.9578125,12,58.63344383239746
0.9578125,12,58.636549949645996
0.961328125,11,58.64002776145935
0.96484375,10,58.643210887908936
0.933203125,19,58.6484169960022
0.96484375,10,58.65198802947998
0.9578125,12,58.65585994720459
0.9578125,12,58.6592218875885
0.9578125,12,58.663527965545654
0.926171875,21,58.671236753463745
0.96484375,10,58.67459487915039
0.940234375,17,58.679600954055786
0.919140625,23,58.685616970062256
0.947265625,15,58.69144082069397
0.95078125,14,58.695695877075195
0.954296875,13,58.700867891311646
0.96484375,10,58.70406198501587
0.961328125,11,58.707895040512085
0.9578125,12,58.71201205253601
0.947265625,15,58.7175350189209
-1,1,58.718703746795654
0.954296875,13,58.72387981414795
0.954296875,13,58.728052854537964
0.954296875,13,58.73319983482361
0.961328125,11,58.73682379722595
0.96484375,10,58.74098992347717
0.961328125,11,58.744450092315674
0.961328125,11,58.74800682067871
0.961328125,11,58.75156092643738
-1,1,58.7520809173584
0.95078125,14,58.75580596923828
0.9578125,12,58.7588107585907
0.954296875,13,58.761728048324585
0.94375,16,58.76567602157593
0.954296875,13,58.7690749168396
0.94375,16,58.772955894470215
0.9296875,20,58.77805685997009
0.954296875,13,58.78132772445679
0.93671875,18,58.78615880012512
0.961328125,11,58.78927993774414
0.954296875,13,58.79267406463623
0.947265625,15,58.79639768600464
0.947265625,15,58.800405979156494
0.954296875,13,58.80375790596008
0.947265625,15,58.807278871536255
0.954296875,13,58.81050181388855
0.9578125,12,58.81393480300903
0.919140625,23,58.81964683532715
0.9578125,12,58.82277297973633
0.961328125,11,58.825644731521606
0.961328125,11,58.828786849975586
0.947265625,15,58.83273696899414
0.96484375,10,58.83521890640259
0.96484375,10,58.83783507347107
0.96484375,10,58.840415954589844
0.954296875,13,58.843831062316895
0.9578125,12,58.84695076942444
0.96484375,10,58.849583864212036
0.96484375,10,58.85236692428589
0.954296875,13,58.85557675361633
0.92265625,22,58.86064004898071
0.961328125,11,58.86360287666321
0.954296875,13,58.866641998291016
0.9578125,12,58.869688749313354
0.96484375,10,58.87216377258301
0.95078125,14,58.87621307373047
0.961328125,11,58.87912702560425
0.954296875,13,58.8822808265686
-1,1,58.88293099403381
0.961328125,11,58.88563895225525
0.9578125,12,58.88869285583496
-1,14,58.89237189292908
0.95078125,14,58.89584994316101
0.93671875,18,58.90036678314209
0.9578125,12,58.90343499183655
0.954296875,13,58.90678095817566
0.95078125,14,58.9102578163147
0.96484375,10,58.912834882736206
0.96484375,10,58.915302991867065
0.96484375,10,58.91792106628418
0.96484375,10,58.920569896698
0.95078125,14,58.92423892021179
0.961328125,11,58.92706370353699
0.93671875,18,58.931575775146484
0.96484375,10,58.93461084365845
0.96484375,10,58.937177896499634
0.96484375,10,58.939565896987915
0.961328125,11,58.942264795303345
0.96484375,10,58.94505596160889
0.9578125,12,58.947903871536255
0.95078125,14,58.95136594772339
0.940234375,17,58.955739974975586
0.94375,16,58.95982384681702
0.954296875,13,58.96304368972778
0.9296875,20,58.96777391433716
0.95078125,14,58.971186876297
0.95078125,14,58.974918842315674
0.961328125,11,58.977920055389404
0.9578125,12,58.98091173171997
0.961328125,11,58.98363184928894
0.9578125,12,58.98686599731445
0.933203125,19,58.99184489250183
0.96484375,10,58.9942569732666
0.95078125,14,58.997719049453735
0.93671875,18,59.0020809173584
0.96484375,10,59.00457811355591
0.9578125,12,59.00765681266785
0.9578125,12,59.01060199737549
0.96484375,10,59.013062953948975
0.9578125,12,59.0162239074707
0.954296875,13,59.019386768341064
0.9578125,12,59.022180795669556
0.947265625,15,59.02572584152222
0.9578125,12,59.02882480621338
0.96484375,10,59.03134274482727
0.961328125,11,59.03416180610657
0.954296875,13,59.037619829177856
0.961328125,11,59.04046177864075
0.9578125,12,59.04319787025452
0.9578125,12,59.04611778259277
0.96484375,10,59.04861783981323
0.9578125,12,59.05155897140503
0.961328125,11,59.05431389808655
0.940234375,17,59.05853009223938
0.961328125,11,59.06143379211426
0.9578125,12,59.06460189819336
0.96484375,10,59.06698703765869
0.961328125,11,59.06981873512268
0.96484375,10,59.07231378555298
0.96484375,10,59.07483386993408
0.96484375,10,59.077651023864746
0.954296875,13,59.081071853637695
0.947265625,15,59.085469007492065
0.95078125,14,59.08887505531311
0.954296875,13,59.092551946640015
0.95078125,14,59.09591507911682
0.96484375,10,59.09945869445801
0.96484375,10,59.10227680206299
0.9578125,12,59.10556483268738
0.93671875,18,59.111018896102905
0.954296875,13,59.114269971847534
-1,2,59.11574602127075
0.961328125,11,59.118833780288696
0.926171875,21,59.12369680404663
0.961328125,11,59.126420974731445
0.96484375,10,59.128872871398926
0.954296875,13,59.13265776634216
0.954296875,13,59.135737895965576
-1,18,59.139949798583984
0.947265625,15,59.144042015075684
0.9578125,12,59.147010803222656
0.9578125,12,59.15003180503845
0.954296875,13,59.15344285964966
0.95078125,14,59.15716099739075
0.961328125,11,59.15989685058594
0.9296875,20,59.164753913879395
0.954296875,13,59.167892932891846
0.95078125,14,59.17121481895447
0.96484375,10,59.17390584945679
0.96484375,10,59.17649269104004
0.961328125,11,59.17920994758606
0.961328125,11,59.18204593658447
0.9578125,12,59.1850790977478
-1,1,59.18555688858032
0.9578125,12,59.18872785568237
0.95078125,14,59.1923987865448
0.9578125,12,59.19526982307434
0.961328125,11,59.19852590560913
0.947265625,15,59.2025887966156
0.94375,16,59.20752477645874
0.954296875,13,59.2109739780426
0.961328125,11,59.2140097618103
0.93671875,18,59.21854782104492
0.96484375,10,59.22159695625305
-1,2,59.22259306907654
0.961328125,11,59.22537970542908
0.9578125,12,59.22832369804382
0.947265625,15,59.232645750045776
0.95078125,14,59.23615288734436
0.95078125,14,59.240391969680786
0.96484375,10,59.242740869522095
0.96484375,10,59.245128870010376
0.96484375,10,59.2482488155365
0.9578125,12,59.25123476982117
0.954296875,13,59.25479078292847
0.95078125,14,59.25840091705322
0.9578125,12,59.261462926864624
0.961328125,11,59.26412081718445
0.9578125,12,59.267194747924805
0.93671875,18,59.27187776565552
0.9296875,20,59.2767448425293
0.95078125,14,59.28028893470764
0.961328125,11,59.28296875953674
0.9578125,12,59.28580403327942
0.954296875,13,59.28935790061951
0.961328125,11,59.29225969314575
0.940234375,17,59.29680585861206
0.95078125,14,59.30040979385376
0.947265625,15,59.30411076545715
0.96484375,10,59.30639386177063
0.947265625,15,59.310529947280884
0.947265625,15,59.31420397758484
0.940234375,17,59.318207025527954
0.95078125,14,59.32163691520691
-1,1,59.32207798957825
0.940234375,17,59.3262619972229
0.96484375,10,59.328863859176636
0.95078125,14,59.33251690864563
0.954296875,13,59.33593702316284
0.93671875,18,59.340720891952515
0.96484375,10,59.343355894088745
0.96484375,10,59.346128940582275
0.96484375,10,59.34890604019165
0.95078125,14,59.353256940841675
0.926171875,21,59.35867381095886
0.94375,16,59.36334180831909
0.954296875,13,59.36658000946045
0.954296875,13,59.37018704414368
0.96484375,10,59.37265682220459
0.961328125,11,59.375568866729736
0.9578125,12,59.37921690940857
0.96484375,10,59.38164782524109
0.954296875,13,59.386154890060425
0.9578125,12,59.38965582847595
0.940234375,17,59.39665102958679
0.96484375,10,59.40046787261963
0.954296875,13,59.40582299232483
0.940234375,17,59.41167593002319
0.961328125,11,59.414283990859985
0.940234375,17,59.419731855392456
0.93671875,18,59.4243540763855
0.954296875,13,59.42831110954285
0.94375,16,59.43437170982361
0.954296875,13,59.439525842666626
0.96484375,10,59.44358992576599
0.961328125,11,59.44865584373474
0.961328125,11,59.45215892791748
0.940234375,17,59.459900856018066
0.961328125,11,59.46441888809204
0.961328125,11,59.468533992767334
0.954296875,13,59.47291803359985
0.961328125,11,59.477643966674805
0.926171875,21,59.485923767089844
0.954296875,13,59.490269899368286
0.9578125,12,59.49458694458008
0.95078125,14,59.50101089477539
0.954296875,13,59.50529479980469
0.954296875,13,59.50989294052124
0.9578125,12,59.51343488693237
0.954296875,13,59.51903009414673
0.919140625,23,59.526275873184204
0.93671875,18,59.53287696838379
0.9578125,12,59.537676095962524
0.96484375,10,59.54118490219116
0.9578125,12,59.544999837875366
0.96484375,10,59.548526763916016
0.93671875,18,59.554157733917236
0.926171875,21,59.56139588356018
0.940234375,17,59.56801795959473
0.92265625,22,59.575355768203735
0.961328125,11,59.57951998710632
0.95078125,14,59.58404874801636
0.95078125,14,59.58910584449768
0.9296875,20,59.595988035202026
0.9578125,12,59.600231885910034
0.940234375,17,59.60617280006409
0.96484375,10,59.60887098312378
0.96484375,10,59.61159086227417
0.95078125,14,59.61804389953613
0.961328125,11,59.62115788459778
0.95078125,14,59.626436710357666
0.95078125,14,59.63091206550598
0.96484375,10,59.63388395309448
0.93671875,18,59.63903594017029
0.96484375,10,59.642833948135376
0.95078125,14,59.64669680595398
0.9578125,12,59.650829792022705
0.95078125,14,59.654597759246826
0.96484375,10,59.65746092796326
0.961328125,11,59.66141390800476
0.954296875,13,59.66490983963013
0.961328125,11,59.66845178604126
0.9578125,12,59.67217206954956
0.9578125,12,59.67565703392029
0.96484375,10,59.678616762161255
0.961328125,11,59.68179774284363
0.96484375,10,59.68501400947571
0.9578125,12,59.68887782096863
0.93671875,18,59.69444394111633
0.94375,16,59.69958782196045
0.95078125,14,59.7038300037384
0.94375,16,59.70882487297058
0.94375,16,59.71312475204468
0.961328125,11,59.71699786186218
0.947265625,15,59.72188997268677
0.961328125,11,59.725382804870605
0.95078125,14,59.729262828826904
0.96484375,10,59.73225498199463
0.940234375,17,59.73687767982483
0.96484375,10,59.739662885665894
0.94375,16,59.74472975730896
0.947265625,15,59.74967288970947
0.96484375,10,59.75282883644104
0.961328125,11,59.755714893341064
0.9578125,12,59.75936198234558
0.95078125,14,59.76327085494995
0.940234375,17,59.768247842788696
0.96484375,10,59.77107572555542
0.9578125,12,59.77534484863281
0.9578125,12,59.778939962387085
0.9578125,12,59.78205394744873
0.954296875,13,59.78593897819519
0.9578125,12,59.789371967315674
0.96484375,10,59.79243183135986
0.954296875,13,59.796111822128296
0.961328125,11,59.7992959022522
0.96484375,10,59.802276849746704
0.961328125,11,59.80536198616028
0.961328125,11,59.80880379676819
-1,1,59.809284925460815
0.933203125,19,59.815346002578735
0.95078125,14,59.818835973739624
0.96484375,10,59.822124004364014
0.9578125,12,59.8254668712616
0.92265625,22,59.831575870513916
0.961328125,11,59.83482909202576
0.933203125,19,59.84022498130798
0.961328125,11,59.844804763793945
0.954296875,13,59.848819971084595
0.947265625,15,59.853484869003296
0.96484375,10,59.85616087913513
0.9578125,12,59.85961985588074
0.93671875,18,59.86444902420044
0.96484375,10,59.86762189865112
0.961328125,11,59.870760917663574
0.947265625,15,59.875730991363525
0.94375,16,59.87972092628479
0.96484375,10,59.88218903541565
0.954296875,13,59.88562369346619
0.96484375,10,59.888325929641724
0.96484375,10,59.890679121017456
0.9578125,12,59.89359474182129
0.95078125,14,59.89723801612854
-1,8,59.899919748306274
0.96484375,10,59.902501821517944
0.95078125,14,59.90603280067444
0.96484375,10,59.90858697891235
0.96484375,10,59.91099786758423
0.954296875,13,59.91412568092346
0.96484375,10,59.91671085357666
0.9578125,12,59.91994380950928
0.9578125,12,59.92302489280701
0.9578125,12,59.92618989944458
0.947265625,15,59.929943799972534
0.96484375,10,59.93252205848694
0.96484375,10,59.93523406982422
0.947265625,15,59.93940186500549
0.961328125,11,59.94219088554382
-1,1,59.94270086288452
0.94375,16,59.946701765060425
0.961328125,11,59.94957375526428
0.961328125,11,59.95241594314575
0.961328125,11,59.95524978637695
0.96484375,10,59.95784783363342
0.954296875,13,59.9613299369812
0.94375,16,59.96550679206848
-1,1,59.966044902801514
0.9578125,12,59.969172954559326
0.96484375,10,59.97164797782898
0.96484375,10,59.97420597076416
0.95078125,14,59.97779202461243
0.9578125,12,59.98066997528076
0.940234375,17,59.98511004447937
0.94375,16,59.98906970024109
0.961328125,11,59.99169993400574
0.961328125,11,59.99453067779541
0.95078125,14,59.998384952545166
0.93671875,18,60.003559827804565
0.96484375,10,60.00593590736389
0.9578125,12,60.00894784927368
0.954296875,13,60.01233267784119
0.96484375,10,60.01473593711853
0.954296875,13,60.01771903038025
0.947265625,15,60.021668910980225
0.961328125,11,60.02437090873718
0.95078125,14,60.02757978439331
0.9578125,12,60.03064489364624
0.96484375,10,60.03307795524597
-1,14,60.036864042282104
0.9578125,12,60.03987407684326
0.96484375,10,60.042818784713745
0.961328125,11,60.04559373855591
0.961328125,11,60.048356771469116
0.954296875,13,60.051527976989746
0.96484375,10,60.054117918014526
-1,1,60.054606914520264
0.961328125,11,60.0574107170105
0.9015625,28,60.06449580192566
0.961328125,11,60.06730389595032
0.9578125,12,60.07041692733765
0.9578125,12,60.07329201698303
0.961328125,11,60.07600378990173
0.926171875,21,60.08125901222229
0.961328125,11,60.08396077156067
0.961328125,11,60.0867657661438
0.954296875,13,60.09013772010803
0.95078125,14,60.093650817871094
0.947265625,15,60.09733200073242
0.947265625,15,60.101282835006714
0.954296875,13,60.10456705093384
0.9578125,12,60.10763072967529
0.961328125,11,60.11070680618286
0.954296875,13,60.11385488510132
0.947265625,15,60.117640018463135
0.961328125,11,60.1204149723053
0.93671875,18,60.12515687942505
0.95078125,14,60.12873601913452
0.9296875,20,60.13455891609192
0.961328125,11,60.13930797576904
0.9296875,20,60.14622497558594
0.96484375,10,60.15029788017273
0.9578125,12,60.15325593948364
0.96484375,10,60.156200885772705
0.95078125,14,60.1611750125885
0.9296875,20,60.16840600967407
0.96484375,10,60.17214584350586
0.961328125,11,60.17752504348755
0.96484375,10,60.18039083480835
0.95078125,14,60.18561100959778
0.954296875,13,60.189509868621826
0.940234375,17,60.19423270225525
0.96484375,10,60.197587966918945
0.947265625,15,60.20358610153198
0.96484375,10,60.20705580711365
0.9578125,12,60.215301752090454
0.96484375,10,60.21873879432678
0.9578125,12,60.22380089759827
0.96484375,10,60.227192878723145
0.940234375,17,60.23433494567871
0.954296875,13,60.238924980163574
0.96484375,10,60.24282789230347
0.961328125,11,60.246711015701294
0.96484375,10,60.25097990036011
0.96484375,10,60.253615856170654
0.954296875,13,60.25670099258423
0.940234375,17,60.26075983047485
0.95078125,14,60.26405668258667
-1,1,60.264484882354736
0.9578125,12,60.267512798309326
0.954296875,13,60.270764112472534
0.954296875,13,60.27388906478882
0.947265625,15,60.278103828430176
-1,11,60.28139901161194
0.9578125,12,60.28436088562012
0.933203125,19,60.28950881958008
0.9296875,20,60.294957876205444
0.954296875,13,60.29826307296753
0.96484375,10,60.30082988739014
0.9578125,12,60.303751945495605
-1,1,60.30420684814453
0.954296875,13,60.30732274055481
0.9578125,12,60.31083083152771
0.96484375,10,60.313517808914185
0.96484375,10,60.31589198112488
0.96484375,10,60.318498849868774
0.9578125,12,60.321918964385986
0.961328125,11,60.324782848358154
0.96484375,10,60.32723093032837
0.95078125,14,60.33086085319519
0.9578125,12,60.333911657333374
0.961328125,11,60.33676075935364
0.96484375,10,60.3394889831543
0.9578125,12,60.343204736709595
0.947265625,15,60.34674096107483
0.9578125,12,60.35000991821289
0.9578125,12,60.3543758392334
0.954296875,13,60.35798406600952
0.96484375,10,60.36055302619934
0.954296875,13,60.36389183998108
0.96484375,10,60.36647987365723
0.961328125,11,60.36930584907532
0.93671875,18,60.374269008636475
0.954296875,13,60.37758183479309
0.961328125,11,60.380820989608765
0.926171875,21,60.38581299781799
0.95078125,14,60.38961696624756
0.940234375,17,60.39389491081238
0.961328125,11,60.39682579040527
0.947265625,15,60.40026903152466
0.9578125,12,60.40410590171814
0.961328125,11,60.40712881088257
0.9578125,12,60.41020393371582
0.94375,16,60.4140899181366
0.96484375,10,60.4165780544281
0.954296875,13,60.420111894607544
0.96484375,10,60.42237186431885
0.96484375,10,60.42489695549011
0.96484375,10,60.42742681503296
0.96484375,10,60.42999076843262
0.954296875,13,60.433130979537964
0.94375,16,60.43766784667969
0.940234375,17,60.44255185127258
-1,15,60.447054862976074
0.954296875,13,60.450565814971924
0.96484375,10,60.45330309867859
0.9578125,12,60.45688486099243
0.94375,16,60.46056294441223
0.95078125,14,60.46402883529663
0.96484375,10,60.466732025146484
0.9578125,12,60.46980404853821
0.9578125,12,60.47285079956055
0.95078125,14,60.476112842559814
0.954296875,13,60.47944188117981
0.94375,16,60.48341488838196
0.96484375,10,60.48597502708435
0.95078125,14,60.490411043167114
0.94375,16,60.495095014572144
0.94375,16,60.498815059661865
-1,1,60.49928402900696
0.96484375,10,60.50352382659912
0.94375,16,60.5098659992218
0.94375,16,60.515393018722534
-1,1,60.51605772972107
0.96484375,10,60.51890206336975
0.95078125,14,60.52295708656311
-1,1,60.52377390861511
0.93671875,18,60.53117084503174
0.9578125,12,60.53457188606262
0.954296875,13,60.54081201553345
0.95078125,14,60.544914960861206
0.961328125,11,60.547836780548096
0.96484375,10,60.55209398269653
0.961328125,11,60.55650997161865
0.9578125,12,60.56118607521057
0.947265625,15,60.56672692298889
0.96484375,10,60.57058787345886
0.926171875,21,60.57722187042236
0.96484375,10,60.58150792121887
0.961328125,11,60.585083961486816
0.96484375,10,60.588451862335205
0.954296875,13,60.59292387962341
0.933203125,19,60.59912395477295
0.954296875,13,60.60454297065735
0.96484375,10,60.609792947769165
0.954296875,13,60.61596894264221
0.9578125,12,60.62109899520874
0.9578125,12,60.626976013183594
0.905078125,27,60.633389711380005
0.933203125,19,60.63793897628784
0.954296875,13,60.64131784439087
0.96484375,10,60.643847942352295
0.961328125,11,60.646615743637085
0.96484375,10,60.64962577819824
0.947265625,15,60.653374910354614
0.961328125,11,60.65624785423279
0.9578125,12,60.65958786010742
0.961328125,11,60.66274380683899
0.94375,16,60.66680192947388
0.96484375,10,60.669519901275635
0.94375,16,60.67506194114685
0.93671875,18,60.67934489250183
0.933203125,19,60.68477392196655
0.96484375,10,60.68761086463928
0.954296875,13,60.691725730895996
0.94375,16,60.695945024490356
0.954296875,13,60.70014691352844
-1,7,60.7021758556366
0.961328125,11,60.70582389831543
0.954296875,13,60.7098228931427
0.961328125,11,60.71288299560547
0.96484375,10,60.71599888801575
0.96484375,10,60.71873378753662
0.9578125,12,60.72213673591614
0.96484375,10,60.7248477935791
0.95078125,14,60.72825789451599
0.954296875,13,60.73202681541443
0.940234375,17,60.73604083061218
0.961328125,11,60.738784074783325
0.9578125,12,60.74217700958252
0.915625,24,60.74882102012634
0.96484375,10,60.75134491920471
0.96484375,10,60.75368690490723
-1,6,60.75590777397156
0.961328125,11,60.75862789154053
0.954296875,13,60.762659788131714
0.933203125,19,60.76777386665344
0.95078125,14,60.77205991744995
0.961328125,11,60.775046825408936
0.954296875,13,60.77808475494385
0.95078125,14,60.78225088119507
0.93671875,18,60.78667187690735
0.9578125,12,60.7902090549469
0.94375,16,60.79403376579285
0.954296875,13,60.797810792922974
0.96484375,10,60.80032801628113
0.954296875,13,60.80321788787842
0.961328125,11,60.80659294128418
0.961328125,11,60.809863805770874
0.96484375,10,60.81251883506775
0.961328125,11,60.81524085998535
-1,2,60.8162477016449
0.933203125,19,60.82090973854065
0.9578125,12,60.82429385185242
0.9296875,20,60.829349756240845
0.940234375,17,60.83326697349548
0.9578125,12,60.83609700202942
0.9578125,12,60.84007501602173
0.96484375,10,60.842973947525024
0.947265625,15,60.84687089920044
-1,1,60.84741687774658
0.95078125,14,60.85079383850098
0.94375,16,60.85502886772156
0.96484375,10,60.85764670372009
0.954296875,13,60.860748052597046
0.95078125,14,60.86473870277405
-1,6,60.866620779037476
0.92265625,22,60.87174391746521
0.96484375,10,60.874170780181885
0.96484375,10,60.87657594680786
0.9578125,12,60.87991666793823
0.9578125,12,60.88267683982849
0.954296875,13,60.886520862579346
0.954296875,13,60.88985586166382
0.9578125,12,60.89288783073425
0.93671875,18,60.89766597747803
0.933203125,19,60.90209889411926
0.954296875,13,60.90524077415466
0.95078125,14,60.909201860427856
0.954296875,13,60.91261696815491
0.961328125,11,60.915210008621216
0.9578125,12,60.91866898536682
0.96484375,10,60.921491861343384
0.947265625,15,60.92504382133484
0.961328125,11,60.92765498161316
-1,6,60.92973279953003
0.95078125,14,60.933204889297485
0.954296875,13,60.93639779090881
0.95078125,14,60.93999481201172
0.96484375,10,60.94256591796875
0.947265625,15,60.94621181488037
0.93671875,18,60.95077085494995
0.94375,16,60.95491981506348
0.96484375,10,60.95743274688721
0.933203125,19,60.96224784851074
0.96484375,10,60.96492600440979
0.96484375,10,60.967429876327515
0.95078125,14,60.97110080718994
0.94375,16,60.975220918655396
0.94375,16,60.979060888290405
0.96484375,10,60.981605768203735
0.94375,16,60.98620891571045
0.954296875,13,60.98966598510742
0.95078125,14,60.993228912353516
-1,2,60.99385380744934
0.96484375,10,60.99620985984802
0.9578125,12,60.99947786331177
0.93671875,18,61.00417900085449
0.96484375,10,61.0066397190094
0.96484375,10,61.009177923202515
0.96484375,10,61.01229190826416
0.96484375,10,61.01764678955078
0.94375,16,61.02411985397339
0.94375,16,61.03339910507202
0.9578125,12,61.03893494606018
0.96484375,10,61.04313087463379
0.933203125,19,61.06168985366821
0.90859375,26,61.07576394081116
0.9015625,28,61.08722376823425
0.95078125,14,61.092304944992065
0.954296875,13,61.097495794296265
0.9578125,12,61.10090088844299
0.961328125,11,61.1072199344635
0.9578125,12,61.11109781265259
0.961328125,11,61.11640691757202
0.9296875,20,61.124094009399414
0.961328125,11,61.12786293029785
0.961328125,11,61.130850076675415
0.954296875,13,61.133819818496704
-1,1,61.13423991203308
0.96484375,10,61.1366400718689
-1,7,61.13853073120117
0.9578125,12,61.14149880409241
0.954296875,13,61.14465379714966
0.9578125,12,61.147767066955566
0.96484375,10,61.15018177032471
0.961328125,11,61.153034925460815
0.961328125,11,61.155972719192505
0.96484375,10,61.15851593017578
0.95078125,14,61.162102937698364
0.961328125,11,61.16505289077759
0.9578125,12,61.168739795684814
0.94375,16,61.174574851989746
0.93671875,18,61.17977809906006
0.95078125,14,61.1830530166626
0.961328125,11,61.185831785202026
0.96484375,10,61.18857288360596
0.961328125,11,61.191547870635986
0.96484375,10,61.19422173500061
0.954296875,13,61.19767498970032
0.94375,16,61.20159101486206
0.96484375,10,61.204211950302124
0.96484375,10,61.2068989276886
0.9578125,12,61.20969486236572
0.96484375,10,61.21205186843872
0.95078125,14,61.215619802474976
0.961328125,11,61.2183358669281
-1,8,61.220409870147705
0.961328125,11,61.22458791732788
0.96484375,10,61.22855877876282
0.9578125,12,61.23236584663391
0.961328125,11,61.235158920288086
0.9578125,12,61.23793697357178
0.93671875,18,61.24240279197693
0.954296875,13,61.245569944381714
-1,6,61.24731802940369
0.96484375,10,61.24966883659363
0.95078125,14,61.25282311439514
0.96484375,10,61.25667881965637
0.9578125,12,61.26027178764343
0.9578125,12,61.26373100280762
0.96484375,10,61.266281843185425
0.940234375,17,61.2701461315155
0.961328125,11,61.273605823516846
0.947265625,15,61.27761197090149
0.96484375,10,61.28011703491211
0.96484375,10,61.28266978263855
0.96484375,10,61.28512191772461
0.940234375,17,61.28946781158447
0.9296875,20,61.29514694213867
0.947265625,15,61.29885292053223
0.961328125,11,61.30156183242798
0.940234375,17,61.30602288246155
0.9578125,12,61.30906295776367
0.96484375,10,61.3115668296814
0.96484375,10,61.31393790245056
0.95078125,14,61.31751871109009
0.940234375,17,61.32180976867676
0.954296875,13,61.3256049156189
0.9578125,12,61.32870078086853
0.96484375,10,61.331100940704346
0.96484375,10,61.33353805541992
-1,1,61.33395981788635
0.9578125,12,61.33714294433594
0.96484375,10,61.34024691581726
0.947265625,15,61.34421396255493
0.954296875,13,61.3475399017334
0.96484375,10,61.35004687309265
0.961328125,11,61.35290598869324
0.96484375,10,61.3554208278656
0.96484375,10,61.35811686515808
0.954296875,13,61.361310958862305
0.96484375,10,61.3638060092926
0.947265625,15,61.36784791946411
0.96484375,10,61.37061786651611
0.96484375,10,61.37314796447754
0.9578125,12,61.37610983848572
0.96484375,10,61.379008054733276
0.947265625,15,61.3839168548584
0.96484375,10,61.38694405555725
-1,9,61.391167879104614
0.9578125,12,61.39519286155701
0.940234375,17,61.40062999725342
0.940234375,17,61.406057834625244
0.95078125,14,61.40947103500366
0.94375,16,61.413240909576416
0.93671875,18,61.41754698753357
0.9296875,20,61.42856788635254
0.961328125,11,61.43110680580139
0.95078125,14,61.43636393547058
0.961328125,11,61.43898391723633
0.94375,16,61.44302272796631
-1,16,61.44697594642639
0.93671875,18,61.45202684402466
0.940234375,17,61.456291913986206
0.9296875,20,61.463906049728394
0.947265625,15,61.47178792953491
0.95078125,14,61.47894096374512
0.961328125,11,61.48980402946472
0.9578125,12,61.49320602416992
0.9015625,28,61.499472856521606
0.94375,16,61.50321006774902
0.93671875,18,61.50922083854675
0.95078125,14,61.51275181770325
0.9578125,12,61.515952825546265
0.9578125,12,61.51901698112488
-1,1,61.519508838653564
0.954296875,13,61.52304005622864
0.9578125,12,61.526129961013794
0.96484375,10,61.52932095527649
0.96484375,10,61.53234791755676
0.93671875,18,61.536843061447144
0.954296875,13,61.54069685935974
0.961328125,11,61.54352378845215
0.954296875,13,61.54691982269287
0.96484375,10,61.55068397521973
0.96484375,10,61.55368781089783
0.96484375,10,61.556633710861206
0.961328125,11,61.559624910354614
0.96484375,10,61.56210780143738
0.947265625,15,61.56580877304077
0.954296875,13,61.5692880153656
0.96484375,10,61.57235884666443
0.954296875,13,61.57555389404297
0.9578125,12,61.57869291305542
0.9578125,12,61.58179569244385
0.95078125,14,61.585644006729126
0.96484375,10,61.588260889053345
0.947265625,15,61.59190893173218
0.919140625,23,61.598713874816895
0.954296875,13,61.60236072540283
0.954296875,13,61.605562925338745
0.898046875,29,61.612390995025635
0.95078125,14,61.61599278450012
0.93671875,18,61.6205530166626
0.9578125,12,61.623639822006226
0.96484375,10,61.626242876052856
0.9578125,12,61.62909483909607
0.96484375,10,61.631497859954834
0.954296875,13,61.63483905792236
0.947265625,15,61.638383865356445
0.94375,16,61.6422278881073
0.95078125,14,61.64578580856323
0.96484375,10,61.6484580039978
0.96484375,10,61.65104389190674
0.94375,16,61.65535378456116
0.96484375,10,61.65780568122864
0.961328125,11,61.660629987716675
0.95078125,14,61.664453744888306
0.94375,16,61.66865086555481
0.96484375,10,61.671249866485596
0.940234375,17,61.675883054733276
0.95078125,14,61.67942190170288
0.95078125,14,61.68315601348877
0.961328125,11,61.686513900756836
0.94375,16,61.69080185890198
0.961328125,11,61.693888902664185
0.9578125,12,61.69698190689087
0.954296875,13,61.7003128528595
0.961328125,11,61.70315384864807
0.961328125,11,61.70608901977539
0.96484375,10,61.70867586135864
0.961328125,11,61.711291790008545
0.954296875,13,61.71463489532471
0.93671875,18,61.719298124313354
0.96484375,10,61.72177696228027
0.961328125,11,61.724528789520264
0.961328125,11,61.72779965400696
0.947265625,15,61.73177886009216
0.954296875,13,61.73535680770874
-1,3,61.73661184310913
0.92265625,22,61.74205493927002
0.96484375,10,61.74468469619751
0.954296875,13,61.74778985977173
0.933203125,19,61.75222182273865
0.940234375,17,61.756675720214844
0.940234375,17,61.76078391075134
0.954296875,13,61.763810873031616
0.95078125,14,61.76737093925476
0.95078125,14,61.7710747718811
0.9578125,12,61.774133920669556
0.96484375,10,61.77652883529663
0.96484375,10,61.77912187576294
0.919140625,23,61.78443789482117
0.9578125,12,61.78746294975281
0.954296875,13,61.791008949279785
0.96484375,10,61.79351878166199
0.961328125,11,61.796613931655884
0.9578125,12,61.80023980140686
0.94375,16,61.80436682701111
0.9578125,12,61.80849885940552
0.954296875,13,61.8115017414093
0.96484375,10,61.81395101547241
0.954296875,13,61.81726694107056
0.961328125,11,61.81989669799805
0.94375,16,61.82398176193237
0.9578125,12,61.82691192626953
0.915625,24,61.83295679092407
0.947265625,15,61.836498975753784
0.961328125,11,61.83916687965393
0.9578125,12,61.842270851135254
0.96484375,10,61.844751834869385
0.96484375,10,61.847158908843994
0.954296875,13,61.850358963012695
0.96484375,10,61.85289192199707
0.9578125,12,61.85599899291992
0.96484375,10,61.85850381851196
0.954296875,13,61.86178684234619
0.96484375,10,61.86408877372742
0.954296875,13,61.867079973220825
0.961328125,11,61.87007474899292
0.961328125,11,61.87301588058472
0.94375,16,61.876643896102905
0.961328125,11,61.879501819610596
0.95078125,14,61.88353896141052
0.96484375,10,61.886013984680176
0.933203125,19,61.89083480834961
0.940234375,17,61.895222902297974
0.96484375,10,61.897623777389526
0.9578125,12,61.90031099319458
0.9578125,12,61.903383016586304
0.940234375,17,61.90785574913025
0.96484375,10,61.9102098941803
0.93671875,18,61.91478610038757
0.96484375,10,61.917474031448364
0.96484375,10,61.920233964920044
0.933203125,19,61.92476487159729
0.947265625,15,61.92856287956238
-1,3,61.92950677871704
-1,11,61.93261694908142
0.93671875,18,61.93686890602112
0.95078125,14,61.94042706489563
0.947265625,15,61.944111824035645
0.92265625,22,61.94941592216492
0.93671875,18,61.9539098739624
0.95078125,14,61.95751404762268
0.95078125,14,61.96121072769165
0.933203125,19,61.96676301956177
0.954296875,13,61.96993684768677
0.9578125,12,61.97325086593628
-1,1,61.974010944366455
0.9578125,12,61.97725486755371
0.961328125,11,61.979888916015625
0.961328125,11,61.982441902160645
0.947265625,15,61.9865939617157
0.96484375,10,61.98927092552185
0.9578125,12,61.99231171607971
0.96484375,10,61.99517011642456
0.9578125,12,61.99835276603699
0.947265625,15,62.00232982635498
0.954296875,13,62.007821798324585
0.940234375,17,62.01695108413696
0.9578125,12,62.020577907562256
0.954296875,13,62.025644063949585
0.96484375,10,62.029560804367065
0.96484375,10,62.034080028533936
0.933203125,19,62.04078388214111
0.9578125,12,62.04520392417908
0.961328125,11,62.04932188987732
0.961328125,11,62.05300998687744
0.95078125,14,62.057944774627686
0.9578125,12,62.062076807022095
0.9578125,12,62.06678080558777
0.96484375,10,62.070225954055786
0.96484375,10,62.07314682006836
0.95078125,14,62.077597856521606
0.96484375,10,62.08145880699158
0.95078125,14,62.0847749710083
0.95078125,14,62.08819794654846
-1,24,62.097840785980225
0.9578125,12,62.102689027786255
0.96484375,10,62.10698485374451
0.954296875,13,62.11134696006775
0.947265625,15,62.11804485321045
0.9578125,12,62.12243294715881
0.95078125,14,62.125916957855225
0.9578125,12,62.128830909729004
0.954296875,13,62.1319899559021
0.954296875,13,62.13521885871887
0.947265625,15,62.13934683799744
0.96484375,10,62.14192986488342
0.95078125,14,62.14518094062805
0.961328125,11,62.147944927215576
0.954296875,13,62.15119481086731
0.933203125,19,62.155904054641724
0.961328125,11,62.15882587432861
0.961328125,11,62.161576986312866
0.96484375,10,62.164222955703735
0.9578125,12,62.167194843292236
0.96484375,10,62.1698260307312
0.940234375,17,62.173954010009766
0.96484375,10,62.176612854003906
0.96484375,10,62.17897391319275
0.93671875,18,62.183602809906006
0.954296875,13,62.187103033065796
0.9578125,12,62.19042682647705
0.96484375,10,62.19299292564392
-1,11,62.19583988189697
0.9578125,12,62.199063777923584
0.961328125,11,62.20182490348816
0.954296875,13,62.20495271682739
-1,1,62.20553278923035
0.947265625,15,62.20964574813843
0.94375,16,62.21364784240723
0.9578125,12,62.216796875
0.947265625,15,62.221171855926514
0.961328125,11,62.22432088851929
0.93671875,18,62.22869396209717
0.96484375,10,62.2312650680542
0.96484375,10,62.2338969707489
0.96484375,10,62.23650574684143
0.954296875,13,62.2398419380188
-1,1,62.240370988845825
0.954296875,13,62.243677854537964
0.95078125,14,62.24742603302002
0.95078125,14,62.250727891922
0.940234375,17,62.254931926727295
0.933203125,19,62.26278591156006
0.96484375,10,62.26683592796326
0.933203125,19,62.27411198616028
0.96484375,10,62.278274059295654
-1,1,62.27884292602539
0.9578125,12,62.28295183181763
0.954296875,13,62.288195848464966
-1,1,62.288965940475464
0.94375,16,62.29534697532654
0.947265625,15,62.30141592025757
0.954296875,13,62.306315898895264
0.9578125,12,62.310816049575806
0.954296875,13,62.31605672836304
0.961328125,11,62.32297706604004
0.961328125,11,62.32751989364624
0.954296875,13,62.33220982551575
0.9578125,12,62.33797788619995
-1,1,62.33904004096985
0.95078125,14,62.345170974731445
0.9578125,12,62.35288190841675
0.9578125,12,62.355780839920044
0.96484375,10,62.358206033706665
0.9578125,12,62.36449193954468
0.961328125,11,62.37011480331421
0.96484375,10,62.37617206573486
0.92265625,22,62.381348848342896
0.961328125,11,62.38416266441345
0.95078125,14,62.38748383522034
0.95078125,14,62.390753984451294
0.933203125,19,62.39583110809326
0.915625,24,62.40173697471619
0.933203125,19,62.4070188999176
-1,1,62.40767002105713
0.947265625,15,62.41106367111206
0.95078125,14,62.41438889503479
0.9578125,12,62.417529821395874
0.95078125,14,62.42100977897644
0.95078125,14,62.42441487312317
-1,11,62.42747092247009
-1,9,62.429977893829346
0.940234375,17,62.434268951416016
0.961328125,11,62.43720293045044
0.961328125,11,62.440483808517456
0.954296875,13,62.44382381439209
0.94375,16,62.44813013076782
0.961328125,11,62.45099377632141
0.9578125,12,62.453924894332886
0.96484375,10,62.45683479309082
0.926171875,21,62.46224784851074
0.961328125,11,62.465089082717896
0.95078125,14,62.46903872489929
0.940234375,17,62.47362780570984
0.954296875,13,62.47759389877319
0.9578125,12,62.480509996414185
0.96484375,10,62.48304986953735
0.95078125,14,62.4867148399353
0.961328125,11,62.489614725112915
0.947265625,15,62.49322295188904
0.96484375,10,62.49577975273132
0.961328125,11,62.49881601333618
0.96484375,10,62.50136184692383
0.9296875,20,62.50866365432739
0.93671875,18,62.51581597328186
0.961328125,11,62.5205819606781
0.961328125,11,62.52475380897522
0.94375,16,62.53158187866211
0.96484375,10,62.53565073013306
0.96484375,10,62.54089689254761
0.961328125,11,62.54622483253479
0.9578125,12,62.551522731781006
-1,1,62.552005767822266
0.96484375,10,62.55483293533325
0.9578125,12,62.55902600288391
0.947265625,15,62.56342387199402
0.95078125,14,62.56959581375122
0.9578125,12,62.57483172416687
0.96484375,10,62.579691886901855
0.96484375,10,62.58495783805847
0.9578125,12,62.5905647277832
0.954296875,13,62.59524083137512
0.933203125,19,62.60387396812439
0.95078125,14,62.61025094985962
0.96484375,10,62.61340594291687
0.96484375,10,62.617270946502686
0.96484375,10,62.62347888946533
0.9296875,20,62.6294379234314
0.95078125,14,62.63296890258789
0.961328125,11,62.635565757751465
0.961328125,11,62.638144969940186
0.9578125,12,62.641220808029175
0.961328125,11,62.64402890205383
0.9578125,12,62.64717698097229
0.954296875,13,62.650407791137695
0.96484375,10,62.65305280685425
0.9578125,12,62.656588077545166
0.954296875,13,62.6598846912384
0.96484375,10,62.6623899936676
0.96484375,10,62.66492486000061
0.95078125,14,62.668822050094604
0.933203125,19,62.673489809036255
0.954296875,13,62.67694282531738
0.9578125,12,62.68016195297241
0.95078125,14,62.684024810791016
0.94375,16,62.68827986717224
0.947265625,15,62.6920268535614
0.96484375,10,62.694658041000366
0.947265625,15,62.69861578941345
0.95078125,14,62.70193886756897
0.93671875,18,62.70674204826355
0.9578125,12,62.70967507362366
0.9578125,12,62.71252083778381
0.954296875,13,62.71592974662781
0.93671875,18,62.72051191329956
0.961328125,11,62.72318077087402
0.9578125,12,62.726653814315796
0.95078125,14,62.730238914489746
0.96484375,10,62.73268795013428
0.961328125,11,62.73529887199402
0.9296875,20,62.74097800254822
0.95078125,14,62.74454593658447
0.961328125,11,62.74797582626343
0.94375,16,62.751887798309326
0.95078125,14,62.75537586212158
0.961328125,11,62.758248805999756
0.9578125,12,62.761040925979614
0.96484375,10,62.763388872146606
0.954296875,13,62.76659393310547
0.9578125,12,62.76979899406433
0.96484375,10,62.77243399620056
0.96484375,10,62.77518582344055
0.96484375,10,62.77778387069702
0.9578125,12,62.78085780143738
0.954296875,13,62.78411388397217
0.947265625,15,62.78825879096985
0.926171875,21,62.79410004615784
0.96484375,10,62.797008752822876
0.9296875,20,62.80195689201355
0.96484375,10,62.80456781387329
0.9578125,12,62.807827949523926
0.9578125,12,62.810967683792114
0.96484375,10,62.81342005729675
0.95078125,14,62.81688094139099
0.9578125,12,62.82025504112244
0.961328125,11,62.82336091995239
0.96484375,10,62.82599973678589
0.954296875,13,62.82919979095459
0.9578125,12,62.832289934158325
0.96484375,10,62.8346848487854
0.95078125,14,62.83825206756592
0.96484375,10,62.840813875198364
0.94375,16,62.84528088569641
0.96484375,10,62.8479208946228
-1,2,62.848779916763306
0.961328125,11,62.851372718811035
0.96484375,10,62.85400605201721
0.947265625,15,62.85826086997986
0.9578125,12,62.86128902435303
0.961328125,11,62.86391592025757
0.926171875,21,62.869592905044556
0.947265625,15,62.87324905395508
0.96484375,10,62.87557673454285
0.96484375,10,62.87826585769653
0.9578125,12,62.88170599937439
0.947265625,15,62.88547086715698
0.94375,16,62.88963794708252
0.94375,16,62.89354491233826
0.93671875,18,62.89781975746155
0.947265625,15,62.90154981613159
0.940234375,17,62.90725588798523
0.9578125,12,62.911415815353394
0.9578125,12,62.91459679603577
0.95078125,14,62.918168783187866
0.96484375,10,62.92080283164978
0.9578125,12,62.92396283149719
0.961328125,11,62.92697501182556
-1,3,62.92813587188721
0.93671875,18,62.93259906768799
0.95078125,14,62.936338901519775
0.95078125,14,62.94020676612854
0.96484375,10,62.94271183013916
0.961328125,11,62.94545102119446
0.961328125,11,62.948471784591675
0.954296875,13,62.95173668861389
0.940234375,17,62.95706796646118
0.96484375,10,62.95996069908142
0.96484375,10,62.962530851364136
0.96484375,10,62.96492385864258
0.96484375,10,62.967283964157104
0.947265625,15,62.970924854278564
0.954296875,13,62.97432279586792
0.96484375,10,62.97695589065552
0.96484375,10,62.979554891586304
-1,4,62.981337785720825
0.9578125,12,62.98440194129944
0.96484375,10,62.98688197135925
0.96484375,10,62.989518880844116
0.96484375,10,62.992164850234985
0.96484375,10,62.99470281600952
0.9578125,12,62.997653007507324
0.947265625,15,63.001354932785034
0.940234375,17,63.00602078437805
0.940234375,17,63.010401010513306
0.95078125,14,63.01377892494202
0.9578125,12,63.016753911972046
0.961328125,11,63.019688844680786
0.96484375,10,63.02223992347717
0.947265625,15,63.02589797973633
0.9578125,12,63.029032945632935
0.9578125,12,63.03221893310547
0.96484375,10,63.03465986251831
0.95078125,14,63.03813982009888
0.933203125,19,63.04295992851257
0.961328125,11,63.04571890830994
0.947265625,15,63.049591064453125
0.96484375,10,63.05210280418396
0.9296875,20,63.05745887756348
0.95078125,14,63.061073780059814
0.9578125,12,63.0641348361969
0.947265625,15,63.06786370277405
-1,2,63.06862998008728
0.96484375,10,63.07105207443237
0.9578125,12,63.07429504394531
0.9578125,12,63.07733511924744
0.96484375,10,63.079630851745605
-1,1,63.08003878593445
-1,1,63.08055281639099
0.95078125,14,63.08387470245361
0.96484375,10,63.08652687072754
0.947265625,15,63.09006476402283
0.95078125,14,63.09370493888855
0.940234375,17,63.09799385070801
0.96484375,10,63.10038781166077
0.961328125,11,63.10319900512695
0.898046875,29,63.110726833343506
0.954296875,13,63.11437487602234
0.96484375,10,63.11703395843506
0.92265625,22,63.12209486961365
0.95078125,14,63.1256468296051
0.96484375,10,63.128540992736816
0.954296875,13,63.13338899612427
0.96484375,10,63.13657283782959
0.93671875,18,63.14082384109497
0.940234375,17,63.14516997337341
0.961328125,11,63.1480917930603
0.961328125,11,63.15181803703308
0.9578125,12,63.15682792663574
0.9578125,12,63.16087603569031
0.9578125,12,63.16621994972229
0.954296875,13,63.17114281654358
0.9578125,12,63.17628788948059
0.94375,16,63.18301177024841
0.96484375,10,63.18737578392029
0.96484375,10,63.19218587875366
0.954296875,13,63.19754481315613
0.961328125,11,63.20148682594299
0.954296875,13,63.2081139087677
0.961328125,11,63.2143349647522
0.93671875,18,63.22596192359924
0.961328125,11,63.22947573661804
-1,1,63.22991490364075
0.9015625,28,63.236428022384644
0.9296875,20,63.25143790245056
0.96484375,10,63.25595188140869
0.96484375,10,63.25902271270752
0.95078125,14,63.263566732406616
0.96484375,10,63.26816987991333
0.940234375,17,63.27243399620056
0.9578125,12,63.27604579925537
0.95078125,14,63.279632806777954
0.961328125,11,63.28225302696228
0.954296875,13,63.28702783584595
0.94375,16,63.292014837265015
0.954296875,13,63.29626989364624
0.9578125,12,63.30087876319885
0.95078125,14,63.30548405647278
0.961328125,11,63.309077978134155
0.9578125,12,63.312601804733276
0.926171875,21,63.31871175765991
0.961328125,11,63.32232880592346
0.96484375,10,63.32641100883484
-1,1,63.327049016952515
0.940234375,17,63.332414865493774
0.954296875,13,63.33659291267395
0.96484375,10,63.339170694351196
-1,12,63.343015909194946
0.940234375,17,63.34753894805908
0.94375,16,63.3515899181366
0.961328125,11,63.354607820510864
0.96484375,10,63.35727095603943
0.96484375,10,63.35971784591675
0.926171875,21,63.36645984649658
0.96484375,10,63.369359731674194
0.96484375,10,63.372912883758545
0.9578125,12,63.37668204307556
0.947265625,15,63.38067293167114
-1,1,63.38111591339111
0.961328125,11,63.38390874862671
-1,5,63.38560891151428
0.9578125,12,63.38872194290161
0.94375,16,63.39308500289917
-1,14,63.396620988845825
0.954296875,13,63.39983892440796
-1,2,63.40060496330261
0.947265625,15,63.40469408035278
0.947265625,15,63.4084107875824
0.95078125,14,63.41192984580994
0.9578125,12,63.415215730667114
0.954296875,13,63.418407917022705
0.947265625,15,63.42225384712219
0.95078125,14,63.426066875457764
0.961328125,11,63.42893695831299
0.947265625,15,63.43252778053284
0.954296875,13,63.43601584434509
0.96484375,10,63.438623905181885
0.9296875,20,63.44369101524353
0.933203125,19,63.44838881492615
0.9578125,12,63.451395750045776
0.9578125,12,63.45471692085266
0.940234375,17,63.45857000350952
0.96484375,10,63.4610698223114
0.96484375,10,63.46365284919739
0.96484375,10,63.466301918029785
0.9296875,20,63.471749782562256
0.96484375,10,63.47449088096619
0.9578125,12,63.47763466835022
0.9578125,12,63.480854988098145
0.94375,16,63.48540186882019
0.96484375,10,63.488332986831665
0.947265625,15,63.49176383018494
0.954296875,13,63.49505305290222
0.933203125,19,63.499809980392456
0.961328125,11,63.502503871917725
0.954296875,13,63.50959491729736
0.954296875,13,63.52201700210571
-1,13,63.531558990478516
0.926171875,21,63.53669285774231
0.96484375,10,63.54321265220642
0.954296875,13,63.55312490463257
0.96484375,10,63.56060075759888
0.96484375,10,63.56474685668945
0.933203125,19,63.570070028305054
-1,1,63.57114911079407
0.96484375,10,63.576241970062256
0.92265625,22,63.58551287651062
0.933203125,19,63.58980679512024
0.96484375,10,63.592262983322144
0.9578125,12,63.59905982017517
0.94375,16,63.60610294342041
0.961328125,11,63.611185789108276
0.96484375,10,63.61563968658447
0.961328125,11,63.62004089355469
0.954296875,13,63.62581491470337
0.95078125,14,63.62988090515137
0.954296875,13,63.63311791419983
0.9578125,12,63.63598990440369
0.933203125,19,63.64078092575073
0.954296875,13,63.644043922424316
0.947265625,15,63.64766597747803
0.961328125,11,63.65042591094971
0.95078125,14,63.654247999191284
0.95078125,14,63.65775108337402
0.92265625,22,63.66279697418213
0.947265625,15,63.666576862335205
0.95078125,14,63.67019581794739
0.947265625,15,63.67386293411255
0.9578125,12,63.67671990394592
0.961328125,11,63.6795437335968
0.954296875,13,63.68295502662659
0.94375,16,63.68735885620117
0.95078125,14,63.691388845443726
0.9578125,12,63.69470000267029
0.95078125,14,63.698134899139404
0.954296875,13,63.70168089866638
0.94375,16,63.70590782165527
0.940234375,17,63.710131883621216
0.95078125,14,63.71392107009888
0.96484375,10,63.71644592285156
0.94375,16,63.72048997879028
0.96484375,10,63.72338104248047
0.961328125,11,63.72661566734314
0.9578125,12,63.729522943496704
0.96484375,10,63.73194193840027
0.915625,24,63.738189697265625
0.96484375,10,63.740816831588745
0.940234375,17,63.74491906166077
0.961328125,11,63.74761700630188
0.96484375,10,63.75015187263489
0.961328125,11,63.753058671951294
0.961328125,11,63.75621294975281
0.95078125,14,63.75953006744385
0.961328125,11,63.762173891067505
0.96484375,10,63.76466488838196
0.954296875,13,63.7680389881134
0.96484375,10,63.770540714263916
0.96484375,10,63.773069858551025
0.94375,16,63.77700185775757
0.954296875,13,63.78046989440918
0.96484375,10,63.783007860183716
0.96484375,10,63.78541278839111
0.961328125,11,63.78801202774048
0.961328125,11,63.79138207435608
0.9578125,12,63.79454183578491
0.954296875,13,63.79765582084656
0.9578125,12,63.80060601234436
0.9578125,12,63.803674936294556
0.9578125,12,63.80694508552551
0.947265625,15,63.81064295768738
0.95078125,14,63.814520835876465
0.961328125,11,63.81732487678528
0.96484375,10,63.81974983215332
0.961328125,11,63.822513818740845
0.961328125,11,63.825664043426514
0.961328125,11,63.82858490943909
0.961328125,11,63.831440925598145
0.9296875,20,63.837392807006836
0.96484375,10,63.84022402763367
0.9578125,12,63.843257904052734
0.954296875,13,63.84657382965088
0.961328125,11,63.84923696517944
0.95078125,14,63.85278010368347
0.96484375,10,63.85527300834656
0.961328125,11,63.8582398891449
0.93671875,18,63.86243391036987
0.93671875,18,63.867023944854736
0.961328125,11,63.8696768283844
-1,9,63.8723840713501
0.96484375,10,63.874969720840454
0.95078125,14,63.87864589691162
0.95078125,14,63.88232970237732
0.961328125,11,63.88539481163025
0.947265625,15,63.88934302330017
-1,2,63.89018392562866
0.915625,24,63.89547395706177
0.9578125,12,63.898557901382446
-1,2,63.899158000946045
0.961328125,11,63.90182304382324
0.954296875,13,63.904764890670776
-1,1,63.90513896942139
0.9296875,20,63.910226821899414
0.947265625,15,63.9140899181366
0.96484375,10,63.91657090187073
0.954296875,13,63.91985893249512
0.95078125,14,63.923462867736816
0.93671875,18,63.92787408828735
0.961328125,11,63.93068170547485
0.954296875,13,63.934276819229126
0.961328125,11,63.93716788291931
-1,1,63.93771481513977
0.954296875,13,63.94099473953247
0.947265625,15,63.94458985328674
0.961328125,11,63.94732069969177
0.96484375,10,63.94965386390686
0.961328125,11,63.95234775543213
0.961328125,11,63.95535111427307
0.961328125,11,63.958247900009155
0.9578125,12,63.96129488945007
0.96484375,10,63.96380090713501
0.9578125,12,63.966747760772705
0.9578125,12,63.96963691711426
0.94375,16,63.97374176979065
0.95078125,14,63.977391719818115
0.961328125,11,63.980063915252686
0.96484375,10,63.982786893844604
0.96484375,10,63.98598670959473
0.9578125,12,63.98920297622681
0.94375,16,63.9929358959198
0.961328125,11,63.99564480781555
0.947265625,15,63.999321937561035
0.96484375,10,64.00171685218811
0.954296875,13,64.00511693954468
0.954296875,13,64.00833582878113
0.96484375,10,64.01093196868896
0.96484375,10,64.01332783699036
-1,2,64.01394367218018
0.954296875,13,64.01724600791931
-1,1,64.01772689819336
0.954296875,13,64.02100086212158
0.93671875,18,64.02526783943176
0.954296875,13,64.02858090400696
0.9578125,12,64.03156590461731
0.95078125,14,64.03534388542175
0.96484375,10,64.03781199455261
0.96484375,10,64.04028272628784
0.94375,16,64.04394865036011
0.9578125,12,64.04698491096497
0.9578125,12,64.05032587051392
0.96484375,10,64.05308294296265
0.9578125,12,64.05602884292603
0.96484375,10,64.0586199760437
0.961328125,11,64.0617527961731
0.947265625,15,64.06533789634705
-1,6,64.0671398639679
0.961328125,11,64.07019186019897
0.93671875,18,64.07510495185852
0.947265625,15,64.07866382598877
0.95078125,14,64.08239579200745
0.94375,16,64.08629488945007
0.9578125,12,64.08947992324829
-1,1,64.09024786949158
0.9578125,12,64.09303402900696
0.9578125,12,64.09585285186768
0.933203125,19,64.10038185119629
0.961328125,11,64.10302782058716
0.95078125,14,64.10672283172607
0.933203125,19,64.11167478561401
0.96484375,10,64.11406803131104
0.96484375,10,64.1165418624878
0.9578125,12,64.11972403526306
0.940234375,17,64.12411689758301
0.96484375,10,64.1265869140625
0.947265625,15,64.13043189048767
0.961328125,11,64.13340497016907
0.961328125,11,64.13618779182434
-1,1,64.13658905029297
0.9578125,12,64.13952279090881
0.961328125,11,64.14239597320557
0.954296875,13,64.14595985412598
0.9578125,12,64.14886093139648
-1,16,64.15297198295593
0.9578125,12,64.15597176551819
0.96484375,10,64.15861201286316
0.961328125,11,64.16139078140259
0.94375,16,64.16552710533142
0.9578125,12,64.16853880882263
0.96484375,10,64.17096281051636
0.94375,16,64.17522382736206
0.961328125,11,64.17818188667297
-1,3,64.17916083335876
0.961328125,11,64.18177890777588
0.96484375,10,64.18416690826416
0.961328125,11,64.18741297721863
0.94375,16,64.19171476364136
0.95078125,14,64.19517278671265
0.94375,16,64.1993989944458
0.96484375,10,64.20208096504211
0.9578125,12,64.20493578910828
0.96484375,10,64.20738887786865
0.9578125,12,64.21033692359924
0.919140625,23,64.21663284301758
0.96484375,10,64.22003293037415
-1,5,64.22158098220825
0.95078125,14,64.22569990158081
0.954296875,13,64.22968077659607
0.9578125,12,64.2328200340271
0.9578125,12,64.2357828617096
0.961328125,11,64.23876881599426
0.9578125,12,64.24201393127441
0.96484375,10,64.2448558807373
0.96484375,10,64.24721097946167
0.94375,16,64.25128197669983
0.93671875,18,64.25554895401001
0.947265625,15,64.25972294807434
0.96484375,10,64.26356506347656
0.933203125,19,64.2689778804779
0.96484375,10,64.27288770675659
0.9578125,12,64.27669095993042
0.961328125,11,64.28021192550659
-1,9,64.28368902206421
0.9578125,12,64.28721785545349
0.961328125,11,64.2911307811737
0.93671875,18,64.29731297492981
0.96484375,10,64.30103588104248
0.961328125,11,64.30401492118835
0.961328125,11,64.3067238330841
-1,2,64.30741286277771
0.95078125,14,64.31075406074524
0.954296875,13,64.31622791290283
0.94375,16,64.3230390548706
0.95078125,14,64.32726502418518
0.954296875,13,64.33046293258667
0.954296875,13,64.3351058959961
0.90859375,26,64.34132981300354
0.96484375,10,64.3437488079071
0.961328125,11,64.34897994995117
0.92265625,22,64.35836172103882
0.926171875,21,64.3719699382782
0.95078125,14,64.37714290618896
0.915625,24,64.38308691978455
0.954296875,13,64.38623285293579
0.96484375,10,64.3885760307312
0.96484375,10,64.39103984832764
0.96484375,10,64.39367294311523
0.9578125,12,64.39665985107422
0.961328125,11,64.39961385726929
0.9578125,12,64.40263891220093
0.947265625,15,64.40725493431091
0.96484375,10,64.41057300567627
0.95078125,14,64.41427779197693
0.9578125,12,64.41731476783752
0.947265625,15,64.42111372947693
0.96484375,10,64.42385005950928
0.9578125,12,64.42710494995117
0.9578125,12,64.4299829006195
0.947265625,15,64.43411302566528
0.9296875,20,64.43915891647339
0.94375,16,64.44354104995728
0.961328125,11,64.4464418888092
0.961328125,11,64.44929385185242
0.961328125,11,64.45221495628357
0.9578125,12,64.45529389381409
0.96484375,10,64.4580307006836
0.96484375,10,64.46084308624268
0.96484375,10,64.4631838798523
0.947265625,15,64.46696877479553
0.9578125,12,64.470134973526
0.954296875,13,64.47317886352539
0.940234375,17,64.47762680053711
0.96484375,10,64.48031282424927
0.95078125,14,64.48383688926697
0.961328125,11,64.48657989501953
-1,1,64.48709511756897
0.96484375,10,64.48976373672485
0.96484375,10,64.49222302436829
0.954296875,13,64.49543499946594
0.940234375,17,64.4995129108429
0.947265625,15,64.50319790840149
0.96484375,10,64.50571703910828
0.96484375,10,64.50831389427185
0.96484375,10,64.51117491722107
-1,13,64.51515984535217
0.96484375,10,64.51796197891235
0.954296875,13,64.52093482017517
0.954296875,13,64.52407193183899
0.961328125,11,64.52697491645813
0.94375,16,64.53101682662964
0.9578125,12,64.5338978767395
0.947265625,15,64.53812575340271
0.96484375,10,64.54105687141418
0.9296875,20,64.54642987251282
0.9578125,12,64.54953789710999
-1,3,64.55068278312683
0.96484375,10,64.55305695533752
0.96484375,10,64.55533599853516
-1,1,64.55587100982666
0.954296875,13,64.5589907169342
0.92265625,22,64.56457805633545
-1,1,64.56500506401062
0.961328125,11,64.56792283058167
0.9578125,12,64.57108497619629
0.93671875,18,64.57575988769531
0.96484375,10,64.57831692695618
0.947265625,15,64.58293080329895
0.947265625,15,64.58715176582336
0.961328125,11,64.5902419090271
0.9578125,12,64.59371089935303
0.95078125,14,64.59714794158936
0.96484375,10,64.59963488578796
0.954296875,13,64.60337781906128
0.96484375,10,64.60574388504028
0.96484375,10,64.6083288192749
0.954296875,13,64.61175084114075
0.9578125,12,64.61471390724182
0.96484375,10,64.61719679832458
0.96484375,10,64.61996793746948
0.954296875,13,64.6235408782959
0.9578125,12,64.6269178390503
0.95078125,14,64.63034892082214
0.954296875,13,64.63372898101807
-1,7,64.6358757019043
0.9578125,12,64.63899397850037
0.954296875,13,64.64212775230408
0.9578125,12,64.64511895179749
0.961328125,11,64.64790201187134
0.947265625,15,64.65164995193481
0.94375,16,64.655268907547
0.961328125,11,64.65821886062622
0.954296875,13,64.66161274909973
0.947265625,15,64.66546297073364
0.95078125,14,64.66924905776978
0.9578125,12,64.67227792739868
0.96484375,10,64.674959897995
0.95078125,14,64.67891097068787
0.947265625,15,64.68298888206482
0.940234375,17,64.68713688850403
0.95078125,14,64.69105267524719
0.9578125,12,64.69425988197327
0.96484375,10,64.69668793678284
0.96484375,10,64.69921588897705
-1,2,64.69993281364441
0.947265625,15,64.7038209438324
0.961328125,11,64.70701479911804
0.954296875,13,64.71027302742004
0.93671875,18,64.71511197090149
0.961328125,11,64.71820497512817
0.96484375,10,64.72068476676941
0.954296875,13,64.7242579460144
-1,11,64.72757577896118
0.954296875,13,64.73095774650574
0.95078125,14,64.7344229221344
0.947265625,15,64.73854494094849
0.95078125,14,64.7421088218689
0.9578125,12,64.74514579772949
0.96484375,10,64.7478380203247
0.9578125,12,64.75087785720825
0.954296875,13,64.75389885902405
0.95078125,14,64.75778675079346
-1,6,64.75971674919128
0.9578125,12,64.76284694671631
0.954296875,13,64.76614880561829
0.954296875,13,64.76974272727966
0.961328125,11,64.77303671836853
0.96484375,10,64.77563500404358
0.940234375,17,64.77966690063477
0.96484375,10,64.78237891197205
0.9578125,12,64.78525185585022
0.961328125,11,64.7880368232727
0.9578125,12,64.79126405715942
0.96484375,10,64.79368281364441
0.9578125,12,64.7968578338623
0.93671875,18,64.80106401443481
0.95078125,14,64.80432987213135
0.94375,16,64.80859589576721
0.92265625,22,64.81466698646545
0.90859375,26,64.82088708877563
0.95078125,14,64.82442808151245
0.96484375,10,64.82687187194824
0.954296875,13,64.83088994026184
0.954296875,13,64.83423185348511
0.95078125,14,64.83777189254761
0.9578125,12,64.84128093719482
0.96484375,10,64.84393191337585
0.9578125,12,64.84689688682556
0.947265625,15,64.85090780258179
0.96484375,10,64.85366678237915
0.961328125,11,64.8565239906311
0.954296875,13,64.85961866378784
0.954296875,13,64.86294889450073
0.95078125,14,64.86635184288025
0.96484375,10,64.86890077590942
0.961328125,11,64.87191987037659
0.96484375,10,64.87456798553467
0.947265625,15,64.8785948753357
0.96484375,10,64.88113594055176
0.94375,16,64.88499307632446
0.96484375,10,64.88775491714478
-1,7,64.89078879356384
0.947265625,15,64.89491581916809
0.933203125,19,64.89947390556335
0.96484375,10,64.90201878547668
0.940234375,17,64.90659308433533
0.954296875,13,64.90988183021545
0.95078125,14,64.91360688209534
0.961328125,11,64.91631889343262
0.94375,16,64.92033576965332
0.96484375,10,64.92292189598083
0.96484375,10,64.92545199394226
0.961328125,11,64.92830801010132
0.96484375,10,64.93061399459839
0.94375,16,64.9346649646759
0.940234375,17,64.93934798240662
0.94375,16,64.94345092773438
0.94375,16,64.94732189178467
0.9578125,12,64.95028877258301
0.96484375,10,64.95269298553467
0.95078125,14,64.95625877380371
0.96484375,10,64.95892405509949
0.96484375,10,64.96141600608826
0.954296875,13,64.96475481987
0.961328125,11,64.96746277809143
0.940234375,17,64.97189402580261
0.940234375,17,64.97596478462219
0.95078125,14,64.9794020652771
0.954296875,13,64.98265385627747
0.9578125,12,64.9859049320221
0.954296875,13,64.98949098587036
0.96484375,10,64.9922149181366
0.940234375,17,64.99680995941162
0.961328125,11,64.99952268600464
0.9578125,12,65.00271391868591
0.9578125,12,65.00603604316711
-1,1,65.0065050125122
0.96484375,10,65.00930094718933
0.961328125,11,65.01213598251343
0.947265625,15,65.01576781272888
0.961328125,11,65.01887798309326
0.96484375,10,65.02147483825684
0.940234375,17,65.02551770210266
0.9578125,12,65.02867293357849
0.96484375,10,65.03126668930054
0.961328125,11,65.03399085998535
0.95078125,14,65.03762674331665
0.93671875,18,65.04170799255371
0.9578125,12,65.04470682144165
0.96484375,10,65.04738092422485
0.96484375,10,65.05006098747253
0.94375,16,65.05367875099182
0.94375,16,65.05809593200684
0.94375,16,65.06222581863403
0.95078125,14,65.06553292274475
0.961328125,11,65.06820392608643
0.9578125,12,65.07159686088562
0.96484375,10,65.0743727684021
0.9578125,12,65.07714676856995
0.96484375,10,65.07972884178162
0.96484375,10,65.08271384239197
0.954296875,13,65.08607697486877
-1,1,65.08649182319641
0.933203125,19,65.09098291397095
0.95078125,14,65.09451699256897
0.961328125,11,65.09705710411072
-1,3,65.09797191619873
0.9578125,12,65.10096478462219
0.96484375,10,65.10343980789185
0.961328125,11,65.10616779327393
-1,1,65.10662770271301
0.9578125,12,65.10953187942505
0.96484375,10,65.1122260093689
0.926171875,21,65.1173849105835
0.96484375,10,65.1200578212738
0.954296875,13,65.12355780601501
0.95078125,14,65.12752485275269
0.96484375,10,65.13000988960266
0.94375,16,65.13449382781982
0.95078125,14,65.13852190971375
0.891015625,31,65.14702892303467
0.926171875,21,65.15361881256104
0.92265625,22,65.16199398040771
0.9578125,12,65.16657280921936
0.96484375,10,65.17049884796143
0.9578125,12,65.17493677139282
0.954296875,13,65.18084192276001
0.96484375,10,65.18422603607178
0.96484375,10,65.18743681907654
-1,8,65.18960094451904
0.9578125,12,65.19243693351746
0.94375,16,65.19633483886719
0.954296875,13,65.20101499557495
0.954296875,13,65.20610189437866
0.947265625,15,65.2118227481842
0.96484375,10,65.21540999412537
0.9578125,12,65.21994590759277
0.96484375,10,65.22364902496338
0.96484375,10,65.22780895233154
0.94375,16,65.23572897911072
0.961328125,11,65.24069094657898
0.9578125,12,65.24665403366089
0.96484375,10,65.25131893157959
0.961328125,11,65.25441098213196
0.940234375,17,65.25915908813477
0.954296875,13,65.26234483718872
0.95078125,14,65.26582407951355
0.954296875,13,65.26956295967102
0.9578125,12,65.27248096466064
0.940234375,17,65.27687883377075
0.940234375,17,65.28112006187439
0.9296875,20,65.28600192070007
0.95078125,14,65.2899100780487
0.9578125,12,65.29309487342834
0.961328125,11,65.29577803611755
0.947265625,15,65.29931592941284
0.947265625,15,65.30333685874939
-1,1,65.3038637638092
0.954296875,13,65.30752491950989
0.961328125,11,65.31034278869629
-1,1,65.31091475486755
0.9296875,20,65.31591987609863
0.96484375,10,65.3186707496643
0.96484375,10,65.32125186920166
0.96484375,10,65.32402086257935
0.954296875,13,65.32724189758301
0.954296875,13,65.3306999206543
0.961328125,11,65.33332681655884
0.919140625,23,65.33891677856445
0.9578125,12,65.34215974807739
0.9578125,12,65.34499883651733
0.947265625,15,65.34887194633484
0.9578125,12,65.3521499633789
0.95078125,14,65.35577988624573
-1,3,65.35685777664185
0.96484375,10,65.35929298400879
-1,4,65.36065578460693
0.9296875,20,65.36561989784241
0.96484375,10,65.36804389953613
0.961328125,11,65.37073683738708
0.954296875,13,65.37394785881042
0.947265625,15,65.37749886512756
0.96484375,10,65.37998008728027
0.9578125,12,65.38398170471191
0.95078125,14,65.38815188407898
0.96484375,10,65.39242386817932
0.947265625,15,65.39805293083191
0.96484375,10,65.40232491493225
0.94375,16,65.40740585327148
0.940234375,17,65.41190195083618
0.96484375,10,65.41538882255554
0.9578125,12,65.41946601867676
0.9578125,12,65.42357397079468
0.9578125,12,65.42762184143066
0.96484375,10,65.4306378364563
0.96484375,10,65.43340587615967
0.961328125,11,65.43638396263123
0.9578125,12,65.44074988365173
-1,1,65.44207000732422
0.961328125,11,65.44619274139404
0.8875,32,65.45744371414185
0.961328125,11,65.46189069747925
0.96484375,10,65.46560001373291
0.9578125,12,65.46897482872009
-1,2,65.46997094154358
-1,4,65.47201108932495
0.9578125,12,65.47691702842712
0.9578125,12,65.48042488098145
0.95078125,14,65.4853949546814
0.96484375,10,65.48928689956665
0.95078125,14,65.493008852005
0.96484375,10,65.49554896354675
0.96484375,10,65.49945878982544
0.93671875,18,65.50450205802917
0.96484375,10,65.50719285011292
0.95078125,14,65.51084804534912
0.9578125,12,65.51380896568298
0.9578125,12,65.51674389839172
0.96484375,10,65.51921892166138
0.940234375,17,65.52390885353088
0.954296875,13,65.52701377868652
-1,1,65.52745699882507
0.947265625,15,65.53162384033203
0.92265625,22,65.53697776794434
0.954296875,13,65.54021191596985
0.961328125,11,65.54310297966003
0.954296875,13,65.54641675949097
-1,1,65.54699182510376
0.947265625,15,65.55084705352783
0.93671875,18,65.5556628704071
0.96484375,10,65.55823588371277
0.95078125,14,65.56203985214233
0.96484375,10,65.56473875045776
0.961328125,11,65.56746196746826
0.96484375,10,65.57006168365479
0.9015625,28,65.57713389396667
-1,3,65.57811307907104
0.96484375,10,65.58073687553406
0.96484375,10,65.58337593078613
0.961328125,11,65.58621597290039
0.954296875,13,65.58936595916748
0.961328125,11,65.59238791465759
0.96484375,10,65.59490084648132
0.961328125,11,65.59757375717163
0.9578125,12,65.60047483444214
0.961328125,11,65.60333275794983
0.9578125,12,65.60650587081909
0.90859375,26,65.61278080940247
0.954296875,13,65.61623668670654
0.947265625,15,65.62016272544861
0.954296875,13,65.62340998649597
0.933203125,19,65.62807607650757
0.96484375,10,65.63075399398804
-1,2,65.63143396377563
0.954296875,13,65.63503694534302
0.961328125,11,65.63765501976013
0.961328125,11,65.64053201675415
0.95078125,14,65.64400386810303
0.961328125,11,65.6468710899353
0.96484375,10,65.64921879768372
0.961328125,11,65.65215277671814
0.961328125,11,65.65551686286926
0.954296875,13,65.65883183479309
0.961328125,11,65.66179299354553
0.96484375,10,65.66438674926758
0.96484375,10,65.66686391830444
0.93671875,18,65.6711790561676
0.954296875,13,65.67547798156738
-1,15,65.67976498603821
0.9578125,12,65.68294501304626
-1,1,65.68344712257385
0.9578125,12,65.68646097183228
0.961328125,11,65.68971490859985
0.954296875,13,65.6931300163269
0.961328125,11,65.69597291946411
0.954296875,13,65.69938898086548
0.961328125,11,65.70226097106934
0.961328125,11,65.70504689216614
-1,10,65.70769882202148
0.96484375,10,65.71017789840698
0.9578125,12,65.71311378479004
0.961328125,11,65.71587777137756
0.96484375,10,65.71855592727661
0.96484375,10,65.72107076644897
0.961328125,11,65.72403883934021
0.961328125,11,65.72683691978455
0.961328125,11,65.72955703735352
0.9578125,12,65.7324800491333
0.96484375,10,65.73524570465088
0.93671875,18,65.73970794677734
0.947265625,15,65.74326181411743
0.96484375,10,65.74755692481995
0.9296875,20,65.75253510475159
0.954296875,13,65.75577878952026
0.96484375,10,65.75829672813416
0.954296875,13,65.7613627910614
-1,2,65.7621898651123
0.954296875,13,65.7655348777771
-1,10,65.76836204528809
0.954296875,13,65.7715048789978
0.961328125,11,65.77458786964417
0.96484375,10,65.77707290649414
0.9578125,12,65.77995896339417
0.95078125,14,65.78346967697144
0.954296875,13,65.78717374801636
0.94375,16,65.79128074645996
0.95078125,14,65.7945568561554
0.96484375,10,65.79716777801514
-1,1,65.7976279258728
0.954296875,13,65.80084204673767
0.961328125,11,65.80342507362366
0.95078125,14,65.80721592903137
0.9578125,12,65.81045198440552
-1,1,65.8109917640686
0.933203125,19,65.81573987007141
0.926171875,21,65.8209798336029
0.961328125,11,65.82380700111389
0.96484375,10,65.82624006271362
0.961328125,11,65.82915472984314
0.95078125,14,65.83477997779846
0.96484375,10,65.83717203140259
0.954296875,13,65.84050369262695
0.954296875,13,65.84387683868408
0.96484375,10,65.84642004966736
-1,8,65.84897089004517
0.9296875,20,65.85353398323059
0.9578125,12,65.85666084289551
0.96484375,10,65.8593578338623
0.96484375,10,65.86175894737244
0.9578125,12,65.86459803581238
0.961328125,11,65.86750483512878
0.961328125,11,65.87027883529663
0.96484375,10,65.87299084663391
0.954296875,13,65.8762698173523
0.96484375,10,65.87949991226196
0.940234375,17,65.88381600379944
0.9296875,20,65.88897681236267
0.961328125,11,65.8924789428711
0.954296875,13,65.89556980133057
0.95078125,14,65.89901685714722
0.9578125,12,65.90293884277344
0.96484375,10,65.90548586845398
0.961328125,11,65.90846276283264
0.947265625,15,65.91214990615845
0.95078125,14,65.91556882858276
0.9578125,12,65.91866183280945
0.9578125,12,65.92167711257935
0.9578125,12,65.92466688156128
0.96484375,10,65.92733383178711
0.95078125,14,65.93119096755981
-1,9,65.93402600288391
0.95078125,14,65.9377920627594
0.954296875,13,65.94145798683167
0.9578125,12,65.94436001777649
0.96484375,10,65.94680190086365
0.96484375,10,65.94928002357483
-1,1,65.9497299194336
0.96484375,10,65.95234298706055
0.9296875,20,65.95698881149292
0.954296875,13,65.96035671234131
0.96484375,10,65.9631519317627
0.96484375,10,65.96583294868469
0.9578125,12,65.96889972686768
0.961328125,11,65.97184991836548
0.961328125,11,65.97453999519348
0.94375,16,65.97847890853882
0.96484375,10,65.98111701011658
0.961328125,11,65.98418593406677
0.961328125,11,65.9871928691864
0.947265625,15,65.99098587036133
0.96484375,10,65.99356174468994
0.96484375,10,65.99607491493225
0.93671875,18,66.00059700012207
0.905078125,27,66.0108208656311
0.95078125,14,66.01567482948303
0.93671875,18,66.02160382270813
0.9578125,12,66.02488708496094
0.954296875,13,66.02841806411743
0.961328125,11,66.03131079673767
0.94375,16,66.0353798866272
0.96484375,10,66.03774905204773
0.96484375,10,66.04028487205505
0.94375,16,66.04503393173218
0.954296875,13,66.05054497718811
0.94375,16,66.05613899230957
0.96484375,10,66.06036686897278
0.96484375,10,66.06392884254456
0.9578125,12,66.06844902038574
0.9578125,12,66.07287788391113
0.96484375,10,66.0768346786499
0.954296875,13,66.08184599876404
0.954296875,13,66.08676671981812
0.92265625,22,66.09506893157959
0.947265625,15,66.10047483444214
-1,1,66.10107588768005
0.940234375,17,66.10748386383057
0.954296875,13,66.1115300655365
0.961328125,11,66.11559081077576
0.961328125,11,66.11925888061523
0.96484375,10,66.1224057674408
0.9578125,12,66.12687492370605
-1,1,66.12765908241272
0.95078125,14,66.13143396377563
0.96484375,10,66.13386082649231
0.947265625,15,66.13752293586731
-1,2,66.13820910453796
0.954296875,13,66.14174008369446
0.95078125,14,66.14526271820068
0.961328125,11,66.14797902107239
0.94375,16,66.15190196037292
0.961328125,11,66.15472388267517
0.96484375,10,66.15733289718628
0.9578125,12,66.16052293777466
0.961328125,11,66.16320991516113
0.93671875,18,66.1677258014679
0.940234375,17,66.17218899726868
0.947265625,15,66.17611193656921
0.96484375,10,66.17869281768799
0.96484375,10,66.18128275871277
0.96484375,10,66.18395185470581
-1,1,66.18440771102905
0.961328125,11,66.1871109008789
0.96484375,10,66.18978190422058
0.96484375,10,66.1923017501831
0.954296875,13,66.19546794891357
0.954296875,13,66.19911503791809
0.96484375,10,66.20160984992981
0.940234375,17,66.20612287521362
0.9578125,12,66.2092297077179
0.954296875,13,66.21226811408997
-1,4,66.21366667747498
0.94375,16,66.21788787841797
0.940234375,17,66.22204804420471
0.96484375,10,66.22445797920227
0.940234375,17,66.22916579246521
0.9296875,20,66.23411297798157
0.95078125,14,66.2378158569336
-1,1,66.23823380470276
0.954296875,13,66.2414379119873
0.926171875,21,66.24679589271545
0.961328125,11,66.24979090690613
0.961328125,11,66.25264000892639
0.961328125,11,66.25549697875977
0.940234375,17,66.26015591621399
0.947265625,15,66.26564192771912
0.961328125,11,66.26885199546814
0.96484375,10,66.27174496650696
0.96484375,10,66.27511096000671
0.94375,16,66.2804811000824
0.96484375,10,66.28322982788086
0.96484375,10,66.28567600250244
0.96484375,10,66.28806591033936
0.96484375,10,66.29037070274353
0.96484375,10,66.29312205314636
0.9578125,12,66.29730892181396
0.9578125,12,66.30174803733826
0.961328125,11,66.30440282821655
0.96484375,10,66.30680298805237
0.9578125,12,66.30962991714478
0.96484375,10,66.3120219707489
0.96484375,10,66.31481289863586
0.961328125,11,66.3191487789154
0.954296875,13,66.3236837387085
0.961328125,11,66.32759499549866
0.961328125,11,66.33184576034546
0.954296875,13,66.33619570732117
0.96484375,10,66.34082198143005
0.96484375,10,66.34425497055054
0.919140625,23,66.35441470146179
0.954296875,13,66.3590259552002
0.9578125,12,66.36291980743408
0.961328125,11,66.36632180213928
0.9578125,12,66.37047076225281
0.961328125,11,66.37493681907654
0.94375,16,66.37941288948059
0.93671875,18,66.38368201255798
0.96484375,10,66.3863217830658
0.9578125,12,66.38923287391663
0.96484375,10,66.3916380405426
0.954296875,13,66.39504098892212
0.94375,16,66.39874196052551
0.9578125,12,66.40193104743958
0.961328125,11,66.40488076210022
0.93671875,18,66.40949201583862
0.96484375,10,66.41251397132874
0.961328125,11,66.4155797958374
0.9578125,12,66.41863298416138
0.96484375,10,66.42123293876648
0.954296875,13,66.42487096786499
0.961328125,11,66.42807507514954
0.95078125,14,66.43162989616394
0.940234375,17,66.43615102767944
0.9578125,12,66.43932175636292
0.9578125,12,66.44234800338745
0.9578125,12,66.44523978233337
0.96484375,10,66.44786310195923
0.940234375,17,66.45250487327576
0.954296875,13,66.45675086975098
0.947265625,15,66.46104097366333
0.96484375,10,66.46352577209473
0.954296875,13,66.46665692329407
0.9578125,12,66.46986985206604
0.954296875,13,66.47371482849121
0.96484375,10,66.47627091407776
0.96484375,10,66.47873377799988
0.961328125,11,66.48162579536438
0.9578125,12,66.48477482795715
0.954296875,13,66.48780989646912
-1,1,66.48838305473328
0.96484375,10,66.49086999893188
0.96484375,10,66.49356389045715
0.961328125,11,66.49687671661377
0.954296875,13,66.50001382827759
0.94375,16,66.50440192222595
0.96484375,10,66.50762295722961
0.961328125,11,66.51110196113586
0.95078125,14,66.51463770866394
0.961328125,11,66.5179090499878
0.93671875,18,66.52222490310669
0.947265625,15,66.52608585357666
0.9578125,12,66.52926683425903
0.919140625,23,66.53472590446472
0.95078125,14,66.53840279579163
0.96484375,10,66.54106903076172
0.96484375,10,66.5436499118805
-1,4,66.54504299163818
0.9578125,12,66.547935962677
0.9296875,20,66.55266880989075
0.93671875,18,66.5574369430542
0.96484375,10,66.56005787849426
0.9578125,12,66.56323981285095
0.96484375,10,66.56580877304077
0.9578125,12,66.56901288032532
0.954296875,13,66.57212376594543
0.947265625,15,66.57591772079468
0.95078125,14,66.57947278022766
0.9296875,20,66.58429598808289
0.94375,16,66.58800983428955
0.947265625,15,66.59198594093323
0.9578125,12,66.59517693519592
0.9578125,12,66.59807109832764
0.961328125,11,66.60068392753601
0.96484375,10,66.60345697402954
0.95078125,14,66.60718894004822
0.9578125,12,66.61001706123352
0.947265625,15,66.61380577087402
0.96484375,10,66.61776089668274
0.94375,16,66.62171983718872
0.9578125,12,66.62490487098694
0.954296875,13,66.62816190719604
0.96484375,10,66.6312038898468
0.94375,16,66.6352949142456
0.94375,16,66.6391019821167
0.93671875,18,66.64357686042786
0.96484375,10,66.64598393440247
0.9578125,12,66.64896988868713
0.9578125,12,66.65206670761108
0.9296875,20,66.65753698348999
-1,1,66.65801692008972
0.95078125,14,66.66126585006714
0.9578125,12,66.66494584083557
0.96484375,10,66.66746687889099
0.96484375,10,66.66977882385254
0.954296875,13,66.67341089248657
0.947265625,15,66.67737984657288
0.954296875,13,66.68070077896118
0.9578125,12,66.68369889259338
0.95078125,14,66.68715691566467
0.954296875,13,66.69043898582458
0.96484375,10,66.69297480583191
0.96484375,10,66.69566988945007
0.954296875,13,66.69886374473572
0.93671875,18,66.70341873168945
0.954296875,13,66.70713496208191
0.96484375,10,66.7095239162445
0.96484375,10,66.71231174468994
0.926171875,21,66.71776676177979
0.947265625,15,66.72142171859741
0.95078125,14,66.72523498535156
0.96484375,10,66.72774982452393
0.95078125,14,66.73121881484985
0.961328125,11,66.73418378829956
0.961328125,11,66.7373058795929
-1,1,66.7378478050232
0.95078125,14,66.74122071266174
0.919140625,23,66.74679398536682
0.9578125,12,66.74988579750061
0.961328125,11,66.75286078453064
0.947265625,15,66.75703287124634
0.96484375,10,66.75942492485046
0.961328125,11,66.76223993301392
0.961328125,11,66.76615786552429
0.9578125,12,66.77160501480103
0.954296875,13,66.7757728099823
0.961328125,11,66.77835583686829
0.96484375,10,66.78069400787354
0.961328125,11,66.78346490859985
0.96484375,10,66.78585886955261
0.947265625,15,66.7895119190216
0.940234375,17,66.79383087158203
0.94375,16,66.79796576499939
0.954296875,13,66.80117678642273
0.96484375,10,66.80445694923401
0.95078125,14,66.80817484855652
0.9578125,12,66.81117391586304
0.96484375,10,66.81379795074463
0.95078125,14,66.81738877296448
0.96484375,10,66.81999897956848
0.933203125,19,66.82479095458984
0.954296875,13,66.8280520439148
0.94375,16,66.8321578502655
0.940234375,17,66.83655285835266
0.96484375,10,66.8390908241272
0.96484375,10,66.84254288673401
0.961328125,11,66.8454840183258
0.96484375,10,66.84812593460083
0.961328125,11,66.85123682022095
0.961328125,11,66.85396790504456
0.9578125,12,66.85715579986572
0.95078125,14,66.86104989051819
0.95078125,14,66.86429190635681
0.95078125,14,66.86836290359497
0.96484375,10,66.87096786499023
0.9578125,12,66.87435698509216
0.961328125,11,66.87797284126282
0.947265625,15,66.88418674468994
0.96484375,10,66.88732171058655
0.926171875,21,66.895339012146
-1,1,66.8959276676178
0.961328125,11,66.89918184280396
0.954296875,13,66.90330982208252
0.96484375,10,66.90625309944153
0.96484375,10,66.90952491760254
0.947265625,15,66.91470789909363
0.954296875,13,66.91926097869873
0.94375,16,66.92383170127869
0.954296875,13,66.92777180671692
0.94375,16,66.93336391448975
0.96484375,10,66.93622493743896
0.9578125,12,66.93972206115723
0.96484375,10,66.9431369304657
0.961328125,11,66.94602870941162
0.947265625,15,66.95325088500977
0.96484375,10,66.95814394950867
0.93671875,18,66.96617794036865
0.9578125,12,66.96949982643127
0.95078125,14,66.97639775276184
0.95078125,14,66.97988772392273
0.9578125,12,66.98320579528809
0.96484375,10,66.9855899810791
0.9578125,12,66.99005579948425
0.9578125,12,66.99420285224915
0.961328125,11,66.99713778495789
0.96484375,10,66.99974489212036
0.96484375,10,67.00240778923035
0.947265625,15,67.00668907165527
0.96484375,10,67.0092499256134
0.95078125,14,67.01336598396301
0.947265625,15,67.01716494560242
0.961328125,11,67.0202407836914
0.95078125,14,67.02441883087158
0.940234375,17,67.03106093406677
0.9578125,12,67.03602290153503
0.9578125,12,67.03980493545532
0.961328125,11,67.0436658859253
0.96484375,10,67.04620289802551
0.961328125,11,67.04900407791138
0.933203125,19,67.05414509773254
0.96484375,10,67.058837890625
0.947265625,15,67.06540274620056
0.9578125,12,67.06946301460266
0.9578125,12,67.0742039680481
0.9578125,12,67.07860684394836
0.940234375,17,67.08265972137451
0.954296875,13,67.08626365661621
0.9578125,12,67.09141182899475
0.9578125,12,67.09728384017944
0.96484375,10,67.10259294509888
0.947265625,15,67.10947585105896
0.9578125,12,67.11420488357544
0.961328125,11,67.11702489852905
0.9578125,12,67.12004685401917
0.96484375,10,67.12426686286926
0.947265625,15,67.12983989715576
0.95078125,14,67.14454388618469
0.954296875,13,67.15447688102722
0.96484375,10,67.16138291358948
0.96484375,10,67.16390490531921
0.95078125,14,67.16733288764954
0.940234375,17,67.17179274559021
0.954296875,13,67.17806887626648
0.95078125,14,67.18668174743652
0.954296875,13,67.19523406028748
0.961328125,11,67.19902491569519
0.9578125,12,67.20712494850159
0.96484375,10,67.21750688552856
0.9578125,12,67.2204909324646
0.96484375,10,67.22302079200745
0.95078125,14,67.22676992416382
0.95078125,14,67.23608708381653
0.9578125,12,67.23910689353943
0.95078125,14,67.24316382408142
0.96484375,10,67.24567985534668
0.95078125,14,67.24897313117981
0.96484375,10,67.25141882896423
0.898046875,29,67.26868510246277
0.9296875,20,67.27845978736877
0.96484375,10,67.28513383865356
0.96484375,10,67.29057788848877
-1,1,67.29140877723694
0.96484375,10,67.29374289512634
0.96484375,10,67.29627180099487
0.95078125,14,67.29949998855591
0.96484375,10,67.30199098587036
0.96484375,10,67.30440497398376
0.9578125,12,67.30837202072144
0.9578125,12,67.31327104568481
0.933203125,19,67.32068395614624
0.93671875,18,67.32621002197266
0.95078125,14,67.33032870292664
0.9578125,12,67.3364827632904
0.9578125,12,67.34591174125671
0.954296875,13,67.35228395462036
0.96484375,10,67.35537886619568
0.96484375,10,67.35913872718811
0.961328125,11,67.36383485794067
-1,11,67.36678099632263
0.94375,16,67.37060785293579
0.954296875,13,67.3750410079956
0.96484375,10,67.38550877571106
0.9578125,12,67.39007186889648
0.9578125,12,67.39383602142334
0.9578125,12,67.39762306213379
0.96484375,10,67.40110492706299
0.96484375,10,67.40505194664001
0.926171875,21,67.4118127822876
0.9578125,12,67.4146158695221
0.954296875,13,67.41801595687866
0.954296875,13,67.42191004753113
0.961328125,11,67.42898678779602
-1,1,67.42995476722717
0.9578125,12,67.43464875221252
0.96484375,10,67.44157385826111
0.954296875,13,67.44543099403381
0.96484375,10,67.44925498962402
0.933203125,19,67.45622992515564
0.954296875,13,67.45953106880188
0.95078125,14,67.46288108825684
0.940234375,17,67.4718930721283
0.95078125,14,67.47887897491455
0.933203125,19,67.48640894889832
0.9296875,20,67.49359178543091
0.954296875,13,67.49801802635193
0.954296875,13,67.50318479537964
0.95078125,14,67.50831007957458
0.96484375,10,67.51106572151184
-1,13,67.5149519443512
0.95078125,14,67.51930689811707
0.947265625,15,67.52374601364136
0.94375,16,67.5299928188324
0.96484375,10,67.5333309173584
0.96484375,10,67.53755593299866
0.93671875,18,67.54274678230286
0.96484375,10,67.5460557937622
0.9578125,12,67.55068898200989
0.94375,16,67.55595898628235
0.96484375,10,67.5596821308136
0.961328125,11,67.56274890899658
0.96484375,10,67.5658507347107
0.96484375,10,67.56994485855103
0.95078125,14,67.57517886161804
0.96484375,10,67.57927870750427
0.9578125,12,67.58340692520142
0.96484375,10,67.58601975440979
0.940234375,17,67.59202790260315
0.954296875,13,67.59596085548401
0.9578125,12,67.60031795501709
-1,1,67.60121488571167
0.954296875,13,67.60636806488037
0.96484375,10,67.60936880111694
0.93671875,18,67.61692786216736
0.961328125,11,67.61970686912537
0.96484375,10,67.62353277206421
0.96484375,10,67.62623882293701
0.954296875,13,67.62936401367188
0.940234375,17,67.63334679603577
-1,2,67.63415598869324
0.96484375,10,67.63679385185242
0.926171875,21,67.64246201515198
0.94375,16,67.64616990089417
0.96484375,10,67.64882373809814
0.95078125,14,67.65242981910706
0.96484375,10,67.65506672859192
0.96484375,10,67.65768599510193
0.947265625,15,67.66160583496094
0.961328125,11,67.66440868377686
0.9578125,12,67.6673538684845
0.96484375,10,67.66989374160767
0.9578125,12,67.67288279533386
0.954296875,13,67.6761360168457
0.947265625,15,67.68012189865112
0.96484375,10,67.6826560497284
0.954296875,13,67.68601870536804
0.954296875,13,67.68928289413452
0.915625,24,67.69525098800659
0.947265625,15,67.69884276390076
0.95078125,14,67.70259690284729
0.95078125,14,67.7061779499054
0.961328125,11,67.70908784866333
0.96484375,10,67.71162486076355
0.96484375,10,67.71414995193481
0.954296875,13,67.71737289428711
0.947265625,15,67.7212929725647
-1,1,67.72175598144531
0.961328125,11,67.72500085830688
0.961328125,11,67.72793292999268
0.96484375,10,67.73072695732117
0.954296875,13,67.73513984680176
0.96484375,10,67.73812890052795
0.96484375,10,67.74068307876587
0.933203125,19,67.74518489837646
0.940234375,17,67.749764919281
0.96484375,10,67.75243186950684
0.96484375,10,67.75482082366943
0.96484375,10,67.75791883468628
0.954296875,13,67.76164484024048
0.961328125,11,67.76446580886841
0.954296875,13,67.76761388778687
0.9578125,12,67.77064776420593
0.933203125,19,67.77559685707092
0.96484375,10,67.7779929637909
0.961328125,11,67.78061175346375
0.96484375,10,67.78308486938477
0.961328125,11,67.7862868309021
0.954296875,13,67.78959274291992
0.9578125,12,67.79241299629211
0.940234375,17,67.79683685302734
0.96484375,10,67.79945707321167
0.9296875,20,67.80456876754761
0.961328125,11,67.80814290046692
0.96484375,10,67.81068181991577
0.93671875,18,67.81568002700806
0.9578125,12,67.81877994537354
0.961328125,11,67.82149195671082
0.961328125,11,67.8241229057312
0.95078125,14,67.82796287536621
0.96484375,10,67.83073377609253
0.96484375,10,67.83336400985718
0.954296875,13,67.83635401725769
0.961328125,11,67.83956503868103
0.95078125,14,67.84311509132385
0.947265625,15,67.84681296348572
-1,1,67.84755206108093
0.961328125,11,67.85041785240173
0.947265625,15,67.8544807434082
0.96484375,10,67.85740900039673
0.95078125,14,67.86108899116516
0.947265625,15,67.86504697799683
0.9578125,12,67.86823892593384
0.933203125,19,67.87332081794739
0.9578125,12,67.8767957687378
-1,1,67.87727999687195
0.95078125,14,67.88108992576599
0.961328125,11,67.88393974304199
0.94375,16,67.88790774345398
0.961328125,11,67.8908679485321
0.96484375,10,67.8932728767395
0.961328125,11,67.89604568481445
0.9296875,20,67.90136075019836
0.954296875,13,67.90490794181824
0.96484375,10,67.90764904022217
0.961328125,11,67.91042685508728
0.96484375,10,67.91312193870544
0.9578125,12,67.91622877120972
0.95078125,14,67.91972780227661
0.9578125,12,67.92284178733826
0.94375,16,67.92691469192505
0.96484375,10,67.92949080467224
0.940234375,17,67.9334888458252
0.9578125,12,67.93657970428467
0.93671875,18,67.94147992134094
0.940234375,17,67.94543170928955
0.96484375,10,67.94832372665405
0.94375,16,67.95337700843811
0.96484375,10,67.95585370063782
0.96484375,10,67.95899486541748
0.954296875,13,67.96224904060364
0.94375,16,67.96608376502991
0.940234375,17,67.97045493125916
-1,1,67.97106289863586
0.961328125,11,67.97371482849121
0.954296875,13,67.97665309906006
-1,1,67.97719883918762
0.954296875,13,67.9813220500946
0.961328125,11,67.98392605781555
0.954296875,13,67.98714971542358
0.961328125,11,67.99007105827332
0.961328125,11,67.99282693862915
0.93671875,18,67.99688291549683
0.9578125,12,68.00005388259888
0.94375,16,68.00457882881165
0.961328125,11,68.00716805458069
0.947265625,15,68.01157283782959
0.926171875,21,68.02132892608643
0.961328125,11,68.02585887908936
0.961328125,11,68.03162908554077
0.96484375,10,68.0352771282196
0.954296875,13,68.04020571708679
0.96484375,10,68.0427839756012
0.96484375,10,68.04502487182617
0.954296875,13,68.04790496826172
0.96484375,10,68.05127286911011
0.954296875,13,68.05607604980469
0.94375,16,68.06213879585266
-1,4,68.06472587585449
0.961328125,11,68.06861996650696
0.9578125,12,68.07236194610596
0.96484375,10,68.07712984085083
0.96484375,10,68.08118987083435
0.96484375,10,68.08442974090576
0.961328125,11,68.08867406845093
0.947265625,15,68.09251308441162
0.94375,16,68.09628891944885
0.96484375,10,68.09889101982117
0.915625,24,68.10764598846436
0.954296875,13,68.11242985725403
0.954296875,13,68.11702871322632
0.961328125,11,68.12244892120361
0.940234375,17,68.12785387039185
0.9578125,12,68.13062787055969
0.954296875,13,68.13365507125854
0.954296875,13,68.13720607757568
0.96484375,10,68.13990092277527
0.961328125,11,68.1426990032196
0.9578125,12,68.1458158493042
0.947265625,15,68.15019178390503
0.954296875,13,68.15328693389893
0.9578125,12,68.15635299682617
-1,5,68.15814590454102
0.96484375,10,68.16070675849915
0.940234375,17,68.16480684280396
0.915625,24,68.170893907547
0.9578125,12,68.17405390739441
0.9578125,12,68.17745685577393
0.96484375,10,68.18021512031555
0.947265625,15,68.18473291397095
0.95078125,14,68.18839597702026
0.926171875,21,68.19387888908386
0.9578125,12,68.19691801071167
0.96484375,10,68.19957995414734
0.96484375,10,68.20224189758301
0.961328125,11,68.20502400398254
0.9578125,12,68.20805788040161
0.95078125,14,68.21168088912964
0.96484375,10,68.21404600143433
0.93671875,18,68.21850180625916
0.961328125,11,68.22121381759644
0.9578125,12,68.22444295883179
0.961328125,11,68.22788095474243
0.94375,16,68.23189878463745
0.95078125,14,68.23541402816772
0.96484375,10,68.23795890808105
0.96484375,10,68.24052691459656
0.96484375,10,68.24321293830872
0.95078125,14,68.24661993980408
0.961328125,11,68.24938797950745
0.96484375,10,68.25193285942078
0.926171875,21,68.2577338218689
0.96484375,10,68.26099681854248
0.95078125,14,68.26453495025635
0.96484375,10,68.26728773117065
0.961328125,11,68.27014493942261
0.9578125,12,68.27318096160889
0.96484375,10,68.27590680122375
0.961328125,11,68.27874898910522
0.96484375,10,68.28140902519226
0.96484375,10,68.28403306007385
0.947265625,15,68.28850197792053
0.961328125,11,68.29125785827637
0.96484375,10,68.29382181167603
0.9578125,12,68.29679799079895
0.9578125,12,68.30000591278076
0.9578125,12,68.30299186706543
0.96484375,10,68.30568599700928
-1,13,68.30925393104553
0.947265625,15,68.31280493736267
0.96484375,10,68.31535387039185
0.94375,16,68.31981086730957
0.96484375,10,68.32229089736938
0.954296875,13,68.32589387893677
0.9296875,20,68.33060789108276
0.961328125,11,68.33328890800476
0.954296875,13,68.33663272857666
0.9578125,12,68.3395447731018
0.95078125,14,68.34358787536621
0.933203125,19,68.34832286834717
0.961328125,11,68.35140585899353
0.95078125,14,68.35493493080139
0.961328125,11,68.3578679561615
0.947265625,15,68.36179089546204
0.96484375,10,68.36424088478088
0.961328125,11,68.36691403388977
0.96484375,10,68.36952710151672
0.92265625,22,68.37530279159546
0.933203125,19,68.38055872917175
0.9578125,12,68.38438677787781
0.95078125,14,68.39083480834961
0.9578125,12,68.39716792106628
0.94375,16,68.40128087997437
0.933203125,19,68.40571689605713
0.95078125,14,68.41058301925659
0.933203125,19,68.41916275024414
0.96484375,10,68.42215704917908
0.961328125,11,68.42935991287231
0.9578125,12,68.43505096435547
0.954296875,13,68.44013285636902
0.961328125,11,68.4448778629303
0.96484375,10,68.45011401176453
0.9296875,20,68.45799493789673
0.96484375,10,68.46166181564331
0.95078125,14,68.46523904800415
0.9578125,12,68.47001791000366
0.961328125,11,68.47607088088989
0.95078125,14,68.48304390907288
0.9578125,12,68.48656678199768
0.961328125,11,68.49020791053772
0.9578125,12,68.49417495727539
0.94375,16,68.50212097167969
0.933203125,19,68.50706386566162
0.96484375,10,68.50962209701538
0.9578125,12,68.51259899139404
0.954296875,13,68.51555681228638
0.96484375,10,68.51813292503357
0.9578125,12,68.52113676071167
0.961328125,11,68.5238618850708
0.933203125,19,68.52839303016663
0.9578125,12,68.53228187561035
0.96484375,10,68.53488898277283
0.954296875,13,68.53800702095032
0.96484375,10,68.54060077667236
0.954296875,13,68.54386687278748
0.954296875,13,68.54686903953552
0.961328125,11,68.54964089393616
0.940234375,17,68.5540668964386
0.954296875,13,68.55734300613403
0.954296875,13,68.56056880950928
0.961328125,11,68.56361889839172
0.940234375,17,68.56820297241211
0.9578125,12,68.57139205932617
0.96484375,10,68.57415771484375
0.9578125,12,68.57717990875244
0.961328125,11,68.57997393608093
0.95078125,14,68.58351111412048
0.96484375,10,68.58597874641418
0.947265625,15,68.59005999565125
0.961328125,11,68.59338974952698
0.95078125,14,68.5969967842102
0.96484375,10,68.59947800636292
0.96484375,10,68.60186910629272
0.96484375,10,68.60437488555908
0.9578125,12,68.60777878761292
0.9578125,12,68.611093044281
0.9296875,20,68.61659383773804
0.940234375,17,68.62100195884705
0.96484375,10,68.62391972541809
0.954296875,13,68.62741780281067
0.954296875,13,68.63055109977722
0.954296875,13,68.63384890556335
0.96484375,10,68.63630890846252
0.954296875,13,68.63955569267273
0.947265625,15,68.64333081245422
0.954296875,13,68.64671683311462
0.9578125,12,68.64960289001465
0.947265625,15,68.65356993675232
0.96484375,10,68.6562807559967
0.926171875,21,68.66166186332703
0.954296875,13,68.66486501693726
0.9578125,12,68.66812992095947
0.96484375,10,68.6706268787384
0.9578125,12,68.67362570762634
0.9578125,12,68.67669987678528
0.883984375,33,68.68509006500244
0.954296875,13,68.68922805786133
0.9578125,12,68.69245791435242
0.961328125,11,68.69532585144043
0.947265625,15,68.69934272766113
0.94375,16,68.7033588886261
0.961328125,11,68.70670986175537
0.933203125,19,68.7114748954773
0.961328125,11,68.71398496627808
0.96484375,10,68.71745371818542
0.9578125,12,68.72067189216614
0.961328125,11,68.72450995445251
0.9578125,12,68.72792983055115
0.961328125,11,68.73090887069702
0.9578125,12,68.73426795005798
-1,1,68.73486685752869
-1,1,68.73528599739075
0.95078125,14,68.73864078521729
0.954296875,13,68.74229407310486
0.94375,16,68.7465078830719
0.96484375,10,68.74907970428467
0.9578125,12,68.75194191932678
0.919140625,23,68.75853681564331
0.9578125,12,68.76159167289734
0.954296875,13,68.76482892036438
0.9578125,12,68.76762390136719
0.940234375,17,68.77192878723145
0.954296875,13,68.77527594566345
0.9578125,12,68.77834606170654
0.96484375,10,68.78111004829407
0.961328125,11,68.78416585922241
0.96484375,10,68.78679299354553
0.9578125,12,68.78984498977661
0.954296875,13,68.7937479019165
0.96484375,10,68.79636406898499
0.93671875,18,68.80080485343933
0.96484375,10,68.80357789993286
0.961328125,11,68.8068380355835
0.954296875,13,68.81012678146362
0.92265625,22,68.81572389602661
0.9578125,12,68.81869888305664
0.96484375,10,68.82116794586182
-1,1,68.82158279418945
0.96484375,10,68.82431268692017
0.96484375,10,68.82699799537659
0.954296875,13,68.83044195175171
0.912109375,25,68.83635687828064
0.9578125,12,68.8397798538208
0.9578125,12,68.84284687042236
0.96484375,10,68.84562993049622
0.94375,16,68.84980201721191
0.9578125,12,68.8527979850769
-1,1,68.853346824646
0.954296875,13,68.85680103302002
0.94375,16,68.86098885536194
0.940234375,17,68.86505389213562
0.95078125,14,68.86876273155212
0.96484375,10,68.87129878997803
0.96484375,10,68.87382769584656
0.96484375,10,68.8764910697937
0.954296875,13,68.87990498542786
0.9578125,12,68.88288283348083
0.93671875,18,68.88757085800171
0.94375,16,68.89240598678589
0.96484375,10,68.89513492584229
0.96484375,10,68.89782094955444
-1,15,68.90173387527466
0.88046875,34,68.91051697731018
0.9578125,12,68.91386485099792
0.9578125,12,68.91709589958191
0.9578125,12,68.92010283470154
0.947265625,15,68.92397284507751
0.94375,16,68.92840385437012
0.961328125,11,68.93127298355103
0.95078125,14,68.93503093719482
0.96484375,10,68.93743801116943
0.96484375,10,68.94031882286072
0.954296875,13,68.9437608718872
0.93671875,18,68.94828176498413
0.947265625,15,68.95218300819397
0.93671875,18,68.95661282539368
0.954296875,13,68.96009278297424
0.95078125,14,68.96379899978638
0.954296875,13,68.96735692024231
0.95078125,14,68.97099804878235
0.954296875,13,68.97471165657043
0.96484375,10,68.97730898857117
0.96484375,10,68.97986674308777
0.96484375,10,68.98262786865234
0.947265625,15,68.98658776283264
0.96484375,10,68.98908686637878
0.96484375,10,68.99184584617615
0.961328125,11,68.99529075622559
0.961328125,11,68.99804186820984
0.96484375,10,69.00113487243652
0.94375,16,69.00546884536743
0.961328125,11,69.00840783119202
0.96484375,10,69.01099491119385
0.9578125,12,69.0160129070282
0.933203125,19,69.02055883407593
0.95078125,14,69.02388572692871
0.96484375,10,69.02686595916748
0.954296875,13,69.03054094314575
0.96484375,10,69.0329258441925
0.96484375,10,69.03584384918213
0.96484375,10,69.0383369922638
0.90859375,26,69.0479166507721
0.9578125,12,69.05083584785461
0.96484375,10,69.05322980880737
0.961328125,11,69.05592703819275
0.96484375,10,69.06014800071716
0.954296875,13,69.06344771385193
0.96484375,10,69.06596088409424
0.9578125,12,69.06950783729553
0.947265625,15,69.07413983345032
0.96484375,10,69.07694697380066
-1,2,69.07866191864014
0.96484375,10,69.08121585845947
0.954296875,13,69.08436989784241
0.92265625,22,69.09043884277344
0.961328125,11,69.09418177604675
0.940234375,17,69.09902167320251
0.940234375,17,69.10401582717896
0.96484375,10,69.10694193840027
0.947265625,15,69.11155676841736
0.9578125,12,69.11555480957031
0.961328125,11,69.11946868896484
0.9578125,12,69.12254595756531
0.94375,16,69.12793970108032
0.96484375,10,69.13068079948425
0.954296875,13,69.13386297225952
0.954296875,13,69.13687491416931
0.933203125,19,69.14232993125916
0.96484375,10,69.14610290527344
0.96484375,10,69.15221405029297
0.961328125,11,69.15899395942688
0.96484375,10,69.16228675842285
0.95078125,14,69.16934490203857
0.947265625,15,69.17792797088623
0.96484375,10,69.18530368804932
0.94375,16,69.19180488586426
0.9578125,12,69.19566583633423
-1,11,69.20174169540405
0.961328125,11,69.20688676834106
0.96484375,10,69.21041584014893
0.96484375,10,69.21378779411316
0.961328125,11,69.21796989440918
0.926171875,21,69.22641372680664
0.9296875,20,69.2322609424591
0.947265625,15,69.2361798286438
-1,16,69.24212574958801
0.961328125,11,69.2449197769165
0.961328125,11,69.2493839263916
0.961328125,11,69.25278377532959
0.93671875,18,69.25806903839111
0.947265625,15,69.26151394844055
0.9578125,12,69.26450300216675
0.96484375,10,69.26695990562439
0.954296875,13,69.27011489868164
0.9296875,20,69.27531909942627
0.947265625,15,69.27905488014221
0.9578125,12,69.28239583969116
-1,1,69.28300499916077
0.9015625,28,69.29047870635986
0.96484375,10,69.2934730052948
0.947265625,15,69.29779982566833
0.926171875,21,69.30251598358154
0.947265625,15,69.30698585510254
0.9578125,12,69.31003975868225
0.961328125,11,69.3138906955719
0.96484375,10,69.31646394729614
0.947265625,15,69.32101082801819
0.94375,16,69.32569694519043
0.9578125,12,69.32866096496582
0.961328125,11,69.33155298233032
0.96484375,10,69.33417987823486
0.96484375,10,69.33681988716125
0.96484375,10,69.339350938797
0.947265625,15,69.34357190132141
0.940234375,17,69.34875082969666
0.95078125,14,69.35237884521484
0.96484375,10,69.35512280464172
0.95078125,14,69.35873293876648
0.94375,16,69.36301183700562
0.94375,16,69.36695194244385
0.96484375,10,69.36947083473206
-1,16,69.37440276145935
0.954296875,13,69.37773489952087
0.95078125,14,69.38118600845337
0.95078125,14,69.38474583625793
0.92265625,22,69.39034986495972
0.961328125,11,69.39344692230225
0.95078125,14,69.39701390266418
0.94375,16,69.40158081054688
0.947265625,15,69.4052517414093
0.961328125,11,69.40848278999329
0.961328125,11,69.41124296188354
0.947265625,15,69.41541886329651
0.947265625,15,69.41899180412292
0.9296875,20,69.42447185516357
-1,2,69.42541074752808
0.9296875,20,69.43043208122253
0.954296875,13,69.43358993530273
0.9578125,12,69.43682479858398
0.961328125,11,69.44003891944885
0.954296875,13,69.44342088699341
0.933203125,19,69.44815492630005
0.96484375,10,69.45074677467346
0.961328125,11,69.45369505882263
0.95078125,14,69.45747303962708
0.915625,24,69.46328973770142
0.96484375,10,69.46581506729126
-1,1,69.46625781059265
0.96484375,10,69.46875977516174
0.95078125,14,69.47252678871155
0.940234375,17,69.47699308395386
0.9578125,12,69.48015284538269
0.954296875,13,69.48354482650757
0.961328125,11,69.48659586906433
0.9578125,12,69.48961591720581
0.954296875,13,69.49317193031311
0.94375,16,69.4972517490387
0.95078125,14,69.5009217262268
0.9578125,12,69.50411486625671
0.96484375,10,69.50687098503113
0.96484375,10,69.50959992408752
0.9578125,12,69.51247787475586
-1,2,69.51308393478394
0.95078125,14,69.51668572425842
-1,2,69.5175039768219
0.961328125,11,69.52026700973511
0.954296875,13,69.52334904670715
0.9578125,12,69.5262598991394
-1,1,69.52666091918945
0.96484375,10,69.52915787696838
0.961328125,11,69.53242087364197
0.96484375,10,69.53492999076843
0.95078125,14,69.53872275352478
0.961328125,11,69.54154396057129
0.94375,16,69.54573583602905
0.96484375,10,69.54832005500793
0.954296875,13,69.55189895629883
0.96484375,10,69.55441999435425
0.961328125,11,69.55727791786194
0.961328125,11,69.56020092964172
0.961328125,11,69.56284689903259
0.96484375,10,69.56563472747803
0.947265625,15,69.56956887245178
0.961328125,11,69.57262802124023
0.954296875,13,69.57588577270508
0.954296875,13,69.57912874221802
0.95078125,14,69.58258891105652
0.940234375,17,69.58715486526489
0.94375,16,69.59139394760132
0.94375,16,69.5953757762909
0.96484375,10,69.597895860672
0.94375,16,69.6020359992981
0.96484375,10,69.60474395751953
-1,2,69.60549998283386
0.95078125,14,69.60897469520569
0.9578125,12,69.61191201210022
0.95078125,14,69.61539793014526
0.940234375,17,69.61976981163025
0.954296875,13,69.62302279472351
0.9578125,12,69.62598490715027
0.940234375,17,69.63052272796631
0.96484375,10,69.63313269615173
0.94375,16,69.63894081115723
0.954296875,13,69.64270281791687
0.954296875,13,69.64752793312073
0.954296875,13,69.65129804611206
0.961328125,11,69.65406584739685
0.96484375,10,69.65663576126099
0.961328125,11,69.66014385223389
0.96484375,10,69.66397786140442
0.96484375,10,69.66790199279785
0.93671875,18,69.67402291297913
0.95078125,14,69.67826104164124
0.95078125,14,69.6832959651947
0.95078125,14,69.68740773200989
0.96484375,10,69.69108390808105
0.95078125,14,69.69654893875122
0.95078125,14,69.69980192184448
0.96484375,10,69.70265889167786
0.954296875,13,69.7057957649231
0.961328125,11,69.70918297767639
0.915625,24,69.7157769203186
0.96484375,10,69.71984386444092
0.96484375,10,69.72363805770874
0.9578125,12,69.72757291793823
0.95078125,14,69.73332786560059
0.954296875,13,69.73741173744202
-1,10,69.74224901199341
0.954296875,13,69.74685478210449
0.961328125,11,69.7500569820404
0.954296875,13,69.75436687469482
0.96484375,10,69.7572557926178
0.954296875,13,69.76094388961792
0.961328125,11,69.76364493370056
0.9578125,12,69.76669383049011
0.961328125,11,69.76951670646667
0.961328125,11,69.77239084243774
0.9578125,12,69.77563977241516
0.95078125,14,69.77952194213867
0.96484375,10,69.78227472305298
0.9578125,12,69.78521585464478
0.95078125,14,69.78880381584167
0.940234375,17,69.79330897331238
0.95078125,14,69.79670190811157
0.95078125,14,69.80035471916199
0.95078125,14,69.80433201789856
0.961328125,11,69.8073217868805
0.95078125,14,69.8108069896698
0.9578125,12,69.813884973526
0.954296875,13,69.81715893745422
0.954296875,13,69.82067584991455
0.940234375,17,69.82530689239502
0.961328125,11,69.82788681983948
0.9578125,12,69.83149480819702
0.954296875,13,69.83485078811646
-1,1,69.83570790290833
0.940234375,17,69.84075379371643
0.94375,16,69.84498572349548
0.9296875,20,69.84984302520752
0.95078125,14,69.85358095169067
0.961328125,11,69.857008934021
0.94375,16,69.86295294761658
0.94375,16,69.86722898483276
0.95078125,14,69.87082481384277
0.96484375,10,69.8736047744751
0.961328125,11,69.87695789337158
0.961328125,11,69.88002371788025
0.9578125,12,69.88324308395386
0.915625,24,69.88915777206421
0.95078125,14,69.89274787902832
0.961328125,11,69.89604091644287
0.961328125,11,69.89896297454834
0.961328125,11,69.90175700187683
0.961328125,11,69.90454602241516
0.94375,16,69.9085750579834
0.961328125,11,69.91145086288452
-1,1,69.91200995445251
0.96484375,10,69.91434288024902
0.9578125,12,69.91744899749756
0.961328125,11,69.9201979637146
0.947265625,15,69.92381596565247
0.96484375,10,69.9264829158783
0.961328125,11,69.92926907539368
0.9578125,12,69.93229699134827
0.96484375,10,69.93465971946716
0.940234375,17,69.93926191329956
0.9578125,12,69.94234895706177
0.96484375,10,69.94482374191284
0.96484375,10,69.94747591018677
0.9578125,12,69.95107197761536
0.915625,24,69.95717573165894
0.940234375,17,69.96153092384338
0.954296875,13,69.96507906913757
0.96484375,10,69.96756410598755
0.961328125,11,69.97035479545593
0.9578125,12,69.97363591194153
0.94375,16,69.97803092002869
0.961328125,11,69.98110175132751
0.961328125,11,69.98398900032043
0.947265625,15,69.98790192604065
-1,1,69.98831796646118
0.961328125,11,69.99131894111633
0.96484375,10,69.99422073364258
0.95078125,14,69.99757075309753
0.947265625,15,70.00200700759888
0.954296875,13,70.0052490234375
0.96484375,10,70.00782990455627
0.96484375,10,70.01030397415161
0.95078125,14,70.01381087303162
0.95078125,14,70.01738810539246
0.96484375,10,70.01991081237793
0.93671875,18,70.02471494674683
0.954296875,13,70.02800798416138
0.9578125,12,70.03104281425476
0.96484375,10,70.03385186195374
0.961328125,11,70.03685307502747
0.954296875,13,70.04046177864075
0.9578125,12,70.04384279251099
0.96484375,10,70.04643201828003
0.96484375,10,70.04883885383606
0.961328125,11,70.05164909362793
0.96484375,10,70.05437803268433
0.954296875,13,70.05773377418518
0.9578125,12,70.06114673614502
0.93671875,18,70.06538605690002
0.96484375,10,70.06811594963074
0.95078125,14,70.07143878936768
0.95078125,14,70.07493686676025
0.961328125,11,70.07773995399475
0.9578125,12,70.08099675178528
0.96484375,10,70.08362174034119
0.9578125,12,70.08721590042114
0.95078125,14,70.09060001373291
0.947265625,15,70.09453892707825
0.933203125,19,70.09957790374756
0.96484375,10,70.10218381881714
0.96484375,10,70.1047580242157
0.96484375,10,70.1075348854065
0.954296875,13,70.11099076271057
0.9578125,12,70.11418795585632
0.933203125,19,70.11952686309814
0.947265625,15,70.12348175048828
0.961328125,11,70.1262857913971
0.94375,16,70.1302227973938
0.9578125,12,70.13324499130249
0.961328125,11,70.1361517906189
0.961328125,11,70.1390278339386
0.96484375,10,70.14177894592285
0.94375,16,70.14548683166504
0.947265625,15,70.14934492111206
0.961328125,11,70.15212178230286
0.954296875,13,70.15620994567871
0.9578125,12,70.15932178497314
0.961328125,11,70.1621298789978
0.95078125,14,70.16583776473999
0.947265625,15,70.16970586776733
0.933203125,19,70.17501282691956
0.96484375,10,70.17754602432251
0.9578125,12,70.1805009841919
0.954296875,13,70.18373203277588
0.940234375,17,70.18795704841614
0.96484375,10,70.19060897827148
0.93671875,18,70.19554305076599
0.9578125,12,70.19850087165833
0.954296875,13,70.20171070098877
0.961328125,11,70.20459604263306
0.94375,16,70.20865201950073
0.9578125,12,70.21168780326843
-1,2,70.21240186691284
0.933203125,19,70.21706867218018
0.9578125,12,70.22001481056213
0.96484375,10,70.22255897521973
-1,1,70.22302579879761
0.9578125,12,70.22607374191284
0.9578125,12,70.22900295257568
0.96484375,10,70.2314338684082
0.961328125,11,70.23441576957703
0.95078125,14,70.23816871643066
0.92265625,22,70.24387979507446
0.95078125,14,70.2476396560669
0.96484375,10,70.25005006790161
0.95078125,14,70.25380086898804
0.961328125,11,70.25699472427368
0.9578125,12,70.2598729133606
-1,2,70.26083779335022
0.96484375,10,70.2637619972229
0.961328125,11,70.26669478416443
0.94375,16,70.27115297317505
0.940234375,17,70.27542185783386
0.95078125,14,70.2790138721466
0.95078125,14,70.28305578231812
-1,1,70.28355407714844
0.9578125,12,70.28643488883972
-1,4,70.28790402412415
0.94375,16,70.29205298423767
0.961328125,11,70.29483890533447
0.940234375,17,70.29934692382812
0.954296875,13,70.30290389060974
0.954296875,13,70.30619192123413
0.961328125,11,70.3090250492096
0.95078125,14,70.31255197525024
0.95078125,14,70.31633377075195
0.96484375,10,70.3189549446106
0.940234375,17,70.3237509727478
0.961328125,11,70.32665872573853
0.94375,16,70.33082890510559
0.95078125,14,70.33539390563965
0.96484375,10,70.3380479812622
0.96484375,10,70.34076595306396
0.96484375,10,70.34339475631714
0.96484375,10,70.345862865448
0.947265625,15,70.34956908226013
0.961328125,11,70.352294921875
0.96484375,10,70.35476994514465
0.954296875,13,70.35791993141174
0.954296875,13,70.3612790107727
0.954296875,13,70.36460995674133
0.961328125,11,70.36756491661072
0.961328125,11,70.37088990211487
0.954296875,13,70.37438797950745
-1,1,70.37492084503174
0.95078125,14,70.3784408569336
0.961328125,11,70.38121485710144
0.95078125,14,70.38475894927979
0.9578125,12,70.38792586326599
0.947265625,15,70.39168787002563
0.9578125,12,70.39477872848511
0.947265625,15,70.39892888069153
0.940234375,17,70.40298295021057
0.961328125,11,70.4059829711914
0.95078125,14,70.40995001792908
0.954296875,13,70.41320085525513
0.954296875,13,70.41660499572754
0.947265625,15,70.4207649230957
0.96484375,10,70.42332172393799
0.954296875,13,70.426913022995
0.96484375,10,70.42958188056946
0.961328125,11,70.43279385566711
0.947265625,15,70.43694376945496
0.954296875,13,70.44083786010742
0.9578125,12,70.44389295578003
0.96484375,10,70.44629883766174
-1,2,70.44702172279358
-1,1,70.4474790096283
0.96484375,10,70.45002484321594
0.940234375,17,70.45433282852173
0.88046875,34,70.46244978904724
0.96484375,10,70.46521091461182
-1,1,70.46574091911316
0.933203125,19,70.47040581703186
0.95078125,14,70.47391700744629
0.9578125,12,70.47716403007507
0.9578125,12,70.48100090026855
0.961328125,11,70.48391699790955
0.954296875,13,70.48699975013733
0.96484375,10,70.4899389743805
0.947265625,15,70.49439597129822
0.94375,16,70.49872589111328
0.954296875,13,70.50207185745239
0.96484375,10,70.50474381446838
0.9578125,12,70.50792980194092
0.96484375,10,70.5105447769165
0.954296875,13,70.51414775848389
0.961328125,11,70.51733183860779
0.947265625,15,70.52087664604187
0.9578125,12,70.5240068435669
0.961328125,11,70.52679705619812
0.96484375,10,70.52951288223267
0.94375,16,70.53342270851135
0.940234375,17,70.53795671463013
0.94375,16,70.54197287559509
0.95078125,14,70.54575181007385
0.95078125,14,70.54933881759644
0.94375,16,70.55359101295471
0.96484375,10,70.55632591247559
0.96484375,10,70.55903267860413
0.96484375,10,70.56160688400269
0.9578125,12,70.56480193138123
0.96484375,10,70.56724190711975
0.933203125,19,70.57184386253357
0.92265625,22,70.57723903656006
0.961328125,11,70.58010911941528
0.940234375,17,70.58430886268616
0.9578125,12,70.58737087249756
0.95078125,14,70.59109568595886
0.954296875,13,70.59433078765869
0.96484375,10,70.59673690795898
0.96484375,10,70.59926986694336
0.954296875,13,70.60274481773376
0.961328125,11,70.6055018901825
0.96484375,10,70.60831785202026
0.961328125,11,70.61117696762085
0.961328125,11,70.61392593383789
0.96484375,10,70.61643075942993
0.954296875,13,70.61968088150024
-1,7,70.6220269203186
0.96484375,10,70.62468409538269
0.95078125,14,70.6279878616333
0.96484375,10,70.63063097000122
0.954296875,13,70.63383603096008
0.95078125,14,70.63749575614929
0.94375,16,70.64314293861389
0.947265625,15,70.65125775337219
0.961328125,11,70.65554094314575
0.94375,16,70.65949177742004
0.96484375,10,70.66200709342957
0.961328125,11,70.66671895980835
0.961328125,11,70.67157888412476
0.940234375,17,70.67835807800293
0.94375,16,70.68243789672852
0.96484375,10,70.68498992919922
0.95078125,14,70.6891188621521
0.961328125,11,70.69575881958008
0.94375,16,70.70339679718018
0.94375,16,70.70993375778198
0.961328125,11,70.71532893180847
0.93671875,18,70.7217948436737
0.954296875,13,70.7252926826477
0.9578125,12,70.72905492782593
0.961328125,11,70.7342119216919
0.95078125,14,70.74170398712158
0.933203125,19,70.75022006034851
0.96484375,10,70.75398778915405
0.96484375,10,70.75642490386963
0.961328125,11,70.7591507434845
0.954296875,13,70.76217293739319
0.954296875,13,70.76537990570068
0.961328125,11,70.76839184761047
0.954296875,13,70.77202105522156
0.96484375,10,70.77462100982666
0.954296875,13,70.77791786193848
0.93671875,18,70.78230786323547
0.96484375,10,70.78500390052795
0.95078125,14,70.78909802436829
0.96484375,10,70.79157495498657
0.961328125,11,70.79426789283752
0.95078125,14,70.79849600791931
0.961328125,11,70.80138397216797
0.95078125,14,70.8048210144043
0.95078125,14,70.80870199203491
0.954296875,13,70.81214475631714
0.96484375,10,70.81469178199768
0.95078125,14,70.81814980506897
-1,4,70.8195309638977
0.961328125,11,70.8227436542511
0.96484375,10,70.82537889480591
0.96484375,10,70.82788467407227
0.954296875,13,70.8313307762146
0.954296875,13,70.83456897735596
0.961328125,11,70.83745193481445
0.961328125,11,70.84036302566528
0.94375,16,70.8443398475647
0.961328125,11,70.84747195243835
0.915625,24,70.85385704040527
0.96484375,10,70.85660791397095
0.95078125,14,70.86025381088257
0.961328125,11,70.86319994926453
0.95078125,14,70.86680293083191
0.96484375,10,70.86927485466003
0.96484375,10,70.87169194221497
0.9578125,12,70.87479782104492
0.961328125,11,70.87770891189575
0.961328125,11,70.88072991371155
0.9578125,12,70.88386106491089
0.96484375,10,70.8865008354187
0.9578125,12,70.88971590995789
0.96484375,10,70.89253497123718
0.96484375,10,70.89531588554382
0.961328125,11,70.89807105064392
0.96484375,10,70.9010579586029
0.954296875,13,70.90464782714844
0.9578125,12,70.90781593322754
0.9578125,12,70.91094875335693
0.96484375,10,70.91350984573364
0.9578125,12,70.91672086715698
0.961328125,11,70.91948699951172
0.961328125,11,70.92243480682373
0.96484375,10,70.92686009407043
0.954296875,13,70.92991185188293
0.96484375,10,70.932452917099
0.961328125,11,70.9351749420166
0.954296875,13,70.93852496147156
-1,2,70.93913197517395
0.96484375,10,70.94162797927856
0.94375,16,70.94588279724121
0.96484375,10,70.94869875907898
0.940234375,17,70.9530508518219
0.95078125,14,70.95690083503723
0.96484375,10,70.95979070663452
0.96484375,10,70.9623818397522
0.954296875,13,70.96556377410889
0.96484375,10,70.96836590766907
0.93671875,18,70.97297477722168
0.9296875,20,70.97847294807434
0.961328125,11,70.9814567565918
0.96484375,10,70.9838809967041
0.954296875,13,70.9871916770935
0.96484375,10,70.98963189125061
0.961328125,11,70.99237489700317
0.947265625,15,70.99626398086548
0.961328125,11,70.99894976615906
-1,10,71.00152397155762
0.9578125,12,71.00458192825317
0.9578125,12,71.0078239440918
0.96484375,10,71.0102288722992
0.96484375,10,71.01262593269348
0.933203125,19,71.01749086380005
0.96484375,10,71.02006387710571
0.947265625,15,71.02463102340698
0.926171875,21,71.03024578094482
0.96484375,10,71.03274989128113
0.95078125,14,71.03640985488892
0.947265625,15,71.04010796546936
0.96484375,10,71.04273676872253
0.940234375,17,71.04689478874207
0.9578125,12,71.04975271224976
0.92265625,22,71.05561089515686
0.9578125,12,71.05847978591919
0.95078125,14,71.06183505058289
0.86640625,38,71.07059097290039
-1,1,71.07104778289795
0.9578125,12,71.07420086860657
0.961328125,11,71.07706189155579
0.96484375,10,71.0795750617981
0.9578125,12,71.0826768875122
0.96484375,10,71.08515000343323
0.96484375,10,71.08767700195312
0.95078125,14,71.09134697914124
0.947265625,15,71.09567093849182
0.9578125,12,71.09879875183105
0.940234375,17,71.10310673713684
0.933203125,19,71.10759091377258
0.954296875,13,71.11101579666138
0.96484375,10,71.11364197731018
0.954296875,13,71.11684679985046
0.961328125,11,71.11958885192871
0.95078125,14,71.12349486351013
0.96484375,10,71.1263439655304
0.954296875,13,71.12954688072205
0.9296875,20,71.13498592376709
0.940234375,17,71.13907408714294
0.9578125,12,71.14209485054016
0.954296875,13,71.1454439163208
0.9578125,12,71.14863586425781
0.95078125,14,71.15231895446777
0.96484375,10,71.15468907356262
0.9296875,20,71.16025495529175
0.96484375,10,71.16285395622253
-1,1,71.16333079338074
0.926171875,21,71.1690948009491
0.9578125,12,71.17223501205444
0.96484375,10,71.17489695549011
0.933203125,19,71.179438829422
0.96484375,10,71.18189191818237
0.947265625,15,71.18540596961975
0.94375,16,71.1895318031311
0.9578125,12,71.19259786605835
0.96484375,10,71.19509792327881
0.947265625,15,71.19898176193237
0.96484375,10,71.20145201683044
0.940234375,17,71.20548987388611
0.947265625,15,71.2093677520752
0.93671875,18,71.21421003341675
0.961328125,11,71.2174117565155
0.96484375,10,71.2203950881958
0.96484375,10,71.22299075126648
0.9296875,20,71.22788405418396
0.9578125,12,71.23103594779968
-1,2,71.23170590400696
0.96484375,10,71.2341468334198
0.961328125,11,71.23672986030579
0.96484375,10,71.2395589351654
0.96484375,10,71.24221992492676
0.9578125,12,71.2451639175415
0.9578125,12,71.24830269813538
0.9578125,12,71.25143504142761
-1,19,71.25622606277466
0.954296875,13,71.25977492332458
0.954296875,13,71.26329493522644
0.94375,16,71.26702094078064
0.9578125,12,71.2701518535614
0.940234375,17,71.27442193031311
0.9578125,12,71.27752780914307
0.954296875,13,71.28090906143188
0.961328125,11,71.28353309631348
0.961328125,11,71.2861659526825
0.9578125,12,71.28929090499878
0.9578125,12,71.29221081733704
0.95078125,14,71.29592609405518
0.9296875,20,71.30050206184387
0.961328125,11,71.30332493782043
0.954296875,13,71.30689883232117
0.9578125,12,71.3099467754364
0.940234375,17,71.3140869140625
0.94375,16,71.31820583343506
0.93671875,18,71.3226797580719
0.95078125,14,71.32639789581299
0.96484375,10,71.32895112037659
0.96484375,10,71.33138370513916
0.9578125,12,71.33439493179321
0.96484375,10,71.33706879615784
0.954296875,13,71.3408567905426
0.9578125,12,71.34381294250488
0.93671875,18,71.34837579727173
0.954296875,13,71.35191488265991
0.94375,16,71.35591697692871
0.961328125,11,71.35880970954895
0.96484375,10,71.36157083511353
0.9578125,12,71.3650689125061
0.95078125,14,71.36883473396301
0.9578125,12,71.3719596862793
0.96484375,10,71.37470698356628
0.9578125,12,71.37771582603455
0.96484375,10,71.38015794754028
0.96484375,10,71.38302373886108
0.954296875,13,71.38629984855652
0.96484375,10,71.38878178596497
0.95078125,14,71.39227795600891
0.9296875,20,71.39715671539307
0.95078125,14,71.40073704719543
0.961328125,11,71.40377402305603
0.96484375,10,71.40689277648926
0.940234375,17,71.41127872467041
0.961328125,11,71.41449499130249
0.96484375,10,71.41706871986389
0.933203125,19,71.4218680858612
0.93671875,18,71.42681503295898
-1,1,71.42735385894775
0.95078125,14,71.43076395988464
-1,2,71.4315710067749
0.95078125,14,71.43495082855225
0.95078125,14,71.43831300735474
0.93671875,18,71.44285702705383
0.961328125,11,71.4457688331604
0.96484375,10,71.44824290275574
0.9578125,12,71.4513909816742
0.9578125,12,71.45482277870178
0.96484375,10,71.45772075653076
0.96484375,10,71.46017694473267
0.919140625,23,71.46577191352844
-1,1,71.46626996994019
0.947265625,15,71.46996879577637
0.954296875,13,71.47344279289246
0.96484375,10,71.47627592086792
-1,1,71.47671294212341
0.961328125,11,71.4794569015503
0.96484375,10,71.48196578025818
0.94375,16,71.48611783981323
0.9578125,12,71.48914384841919
0.961328125,11,71.49179291725159
0.96484375,10,71.49453783035278
0.940234375,17,71.49869799613953
-1,11,71.50166487693787
0.9578125,12,71.50476694107056
0.954296875,13,71.50826692581177
0.96484375,10,71.51080870628357
0.947265625,15,71.51430988311768
0.9578125,12,71.51768493652344
0.96484375,10,71.52040076255798
0.96484375,10,71.52289891242981
-1,3,71.52399277687073
0.9578125,12,71.52728390693665
0.9578125,12,71.53019189834595
0.961328125,11,71.5331027507782
0.961328125,11,71.53622078895569
0.940234375,17,71.54095888137817
0.96484375,10,71.54339671134949
0.96484375,10,71.54587984085083
0.95078125,14,71.54980301856995
0.919140625,23,71.5554850101471
0.9578125,12,71.55867981910706
0.95078125,14,71.5623049736023
0.912109375,25,71.56849002838135
0.96484375,10,71.57106304168701
0.919140625,23,71.57741785049438
0.96484375,10,71.5800347328186
0.96484375,10,71.58251285552979
0.96484375,10,71.58479595184326
0.961328125,11,71.58755993843079
0.9578125,12,71.59075880050659
0.947265625,15,71.59438109397888
0.912109375,25,71.6004319190979
0.954296875,13,71.60419201850891
0.926171875,21,71.60944199562073
0.96484375,10,71.61203098297119
0.96484375,10,71.61467695236206
0.96484375,10,71.61714792251587
0.961328125,11,71.62000894546509
0.961328125,11,71.62295508384705
0.961328125,11,71.62565684318542
0.954296875,13,71.62892293930054
0.954296875,13,71.63236689567566
0.954296875,13,71.63630390167236
0.94375,16,71.64080786705017
0.9578125,12,71.64416098594666
0.9578125,12,71.64703273773193
0.9578125,12,71.64971804618835
0.95078125,14,71.65422010421753
0.961328125,11,71.6596508026123
0.95078125,14,71.66584181785583
0.947265625,15,71.67689180374146
0.9578125,12,71.68046283721924
0.954296875,13,71.68379378318787
0.96484375,10,71.68629288673401
0.95078125,14,71.69051909446716
0.96484375,10,71.6929829120636
0.96484375,10,71.69540572166443
0.961328125,11,71.69796776771545
0.9578125,12,71.70386695861816
0.926171875,21,71.71213293075562
0.954296875,13,71.71765089035034
0.954296875,13,71.72613191604614
0.961328125,11,71.73211598396301
0.96484375,10,71.73605298995972
0.9578125,12,71.74097490310669
0.947265625,15,71.74760293960571
0.93671875,18,71.75373697280884
0.94375,16,71.7578558921814
0.961328125,11,71.76070594787598
0.961328125,11,71.76354885101318
0.94375,16,71.76759505271912
0.961328125,11,71.77033805847168
0.96484375,10,71.77283573150635
0.96484375,10,71.775465965271
-1,1,71.77589297294617
0.94375,16,71.77986311912537
0.96484375,10,71.78260087966919
0.9015625,28,71.79013991355896
0.961328125,11,71.79312682151794
-1,1,71.79372596740723
0.947265625,15,71.79753589630127
0.961328125,11,71.80041885375977
0.961328125,11,71.80304479598999
0.96484375,10,71.80548405647278
0.947265625,15,71.8095109462738
0.954296875,13,71.8127498626709
0.961328125,11,71.8155767917633
-1,1,71.8160948753357
0.96484375,10,71.81858992576599
0.9578125,12,71.82144594192505
0.94375,16,71.82560586929321
0.947265625,15,71.82942390441895
0.9578125,12,71.8323667049408
0.954296875,13,71.83577299118042
0.9578125,12,71.83929872512817
0.954296875,13,71.84282970428467
0.96484375,10,71.8453860282898
0.9296875,20,71.85076999664307
0.96484375,10,71.85339069366455
0.954296875,13,71.8569929599762
0.95078125,14,71.86081290245056
0.9578125,12,71.86408710479736
0.95078125,14,71.86782383918762
0.961328125,11,71.8707389831543
0.9578125,12,71.87393379211426
0.954296875,13,71.87698197364807
0.96484375,10,71.87934184074402
0.9578125,12,71.88234400749207
0.9578125,12,71.88550996780396
0.96484375,10,71.8889889717102
0.947265625,15,71.8941650390625
0.96484375,10,71.89836382865906
0.95078125,14,71.90293288230896
0.961328125,11,71.90622687339783
0.9578125,12,71.90999674797058
0.9578125,12,71.91362380981445
0.954296875,13,71.91697573661804
0.96484375,10,71.92019295692444
0.93671875,18,71.92733478546143
0.9578125,12,71.93238687515259
0.9578125,12,71.93678593635559
0.96484375,10,71.94087076187134
0.95078125,14,71.94585299491882
-1,1,71.94647288322449
0.9578125,12,71.95042586326599
0.954296875,13,71.95358180999756
0.94375,16,71.95829510688782
0.96484375,10,71.96202182769775
0.96484375,10,71.96534872055054
0.9578125,12,71.96950602531433
0.96484375,10,71.97395777702332
0.93671875,18,71.99121189117432
0.95078125,14,71.99563980102539
0.94375,16,71.99946975708008
0.940234375,17,72.00358986854553
0.96484375,10,72.00683903694153
0.940234375,17,72.01156783103943
0.96484375,10,72.01418805122375
0.9578125,12,72.01715779304504
0.96484375,10,72.01960396766663
0.961328125,11,72.0223617553711
0.96484375,10,72.02493071556091
0.94375,16,72.02910375595093
0.961328125,11,72.0326099395752
0.95078125,14,72.0364089012146
0.93671875,18,72.0428318977356
0.9578125,12,72.04623007774353
0.9578125,12,72.04907083511353
0.9578125,12,72.0521559715271
0.9578125,12,72.0552248954773
0.96484375,10,72.05889368057251
-1,2,72.05966782569885
0.92265625,22,72.06550979614258
-1,1,72.065988779068
0.933203125,19,72.07078194618225
0.96484375,10,72.07371592521667
0.96484375,10,72.0761730670929
0.9578125,12,72.07911777496338
0.961328125,11,72.08203983306885
0.9578125,12,72.08508086204529
0.96484375,10,72.08765172958374
0.95078125,14,72.09159302711487
0.93671875,18,72.09672403335571
0.961328125,11,72.09943985939026
0.93671875,18,72.10497093200684
0.947265625,15,72.10884308815002
0.96484375,10,72.11172676086426
0.9578125,12,72.11545395851135
-1,2,72.11617994308472
0.96484375,10,72.11857676506042
0.940234375,17,72.12358403205872
0.954296875,13,72.12688374519348
0.96484375,10,72.13132786750793
0.954296875,13,72.13701510429382
0.940234375,17,72.14217877388
0.961328125,11,72.14760494232178
0.947265625,15,72.15276384353638
0.9578125,12,72.15620589256287
0.9578125,12,72.15974402427673
0.93671875,18,72.16544795036316
0.9578125,12,72.16914486885071
0.96484375,10,72.17167901992798
0.954296875,13,72.17574191093445
0.961328125,11,72.17863988876343
0.954296875,13,72.18191695213318
0.947265625,15,72.18889093399048
0.95078125,14,72.19221186637878
0.9578125,12,72.19519376754761
0.9578125,12,72.19829082489014
0.961328125,11,72.20356392860413
0.947265625,15,72.21147966384888
0.940234375,17,72.21920680999756
0.95078125,14,72.2228307723999
0.9578125,12,72.22762799263
0.954296875,13,72.23305487632751
0.96484375,10,72.23620772361755
0.96484375,10,72.23861193656921
0.961328125,11,72.2418999671936
0.947265625,15,72.24758982658386
0.961328125,11,72.25322699546814
0.947265625,15,72.25698590278625
0.961328125,11,72.26018691062927
0.95078125,14,72.26398086547852
0.9578125,12,72.26726508140564
0.940234375,17,72.27135372161865
0.96484375,10,72.2745008468628
0.940234375,17,72.27885580062866
0.954296875,13,72.28208494186401
0.96484375,10,72.28510069847107
0.95078125,14,72.28858971595764
-1,9,72.29110097885132
0.9578125,12,72.29421377182007
0.954296875,13,72.29754686355591
0.961328125,11,72.30070495605469
0.96484375,10,72.30328488349915
0.9578125,12,72.30679678916931
0.96484375,10,72.30975270271301
0.947265625,15,72.31331777572632
0.94375,16,72.31781792640686
0.940234375,17,72.32482481002808
0.94375,16,72.32923698425293
0.961328125,11,72.33219790458679
0.954296875,13,72.3356568813324
0.96484375,10,72.33818912506104
0.95078125,14,72.342533826828
0.9578125,12,72.34547877311707
0.93671875,18,72.34985709190369
0.954296875,13,72.35300874710083
0.94375,16,72.35716986656189
0.961328125,11,72.36011481285095
0.954296875,13,72.36333703994751
0.961328125,11,72.36628890037537
0.96484375,10,72.36892485618591
0.926171875,21,72.3749897480011
0.947265625,15,72.37871384620667
0.96484375,10,72.3814537525177
0.95078125,14,72.38488602638245
0.961328125,11,72.38769388198853
0.961328125,11,72.39092779159546
0.954296875,13,72.39394092559814
0.93671875,18,72.39846992492676
0.95078125,14,72.40198493003845
0.96484375,10,72.4044258594513
0.95078125,14,72.40828490257263
0.961328125,11,72.41131687164307
0.933203125,19,72.41618990898132
0.9578125,12,72.41961073875427
0.954296875,13,72.42299485206604
-1,18,72.42815685272217
0.9578125,12,72.43133902549744
0.96484375,10,72.43416976928711
0.94375,16,72.43839883804321
0.9578125,12,72.44172072410583
0.9578125,12,72.44508600234985
-1,9,72.44763684272766
0.96484375,10,72.4502227306366
0.926171875,21,72.45594072341919
0.9578125,12,72.45925998687744
0.954296875,13,72.46252584457397
0.94375,16,72.46703100204468
0.94375,16,72.47059297561646
0.94375,16,72.47466087341309
0.954296875,13,72.47822594642639
0.947265625,15,72.4820249080658
0.9578125,12,72.4851188659668
0.926171875,21,72.49035787582397
0.961328125,11,72.49333572387695
0.912109375,25,72.50006198883057
0.96484375,10,72.50252294540405
0.961328125,11,72.50537872314453
0.95078125,14,72.50894474983215
0.96484375,10,72.51177382469177
0.96484375,10,72.51434803009033
0.954296875,13,72.51752591133118
0.9578125,12,72.52061581611633
0.961328125,11,72.52386474609375
0.94375,16,72.5279450416565
0.961328125,11,72.5309989452362
0.93671875,18,72.53602004051208
0.92265625,22,72.54151487350464
0.95078125,14,72.5455207824707
0.954296875,13,72.54873585700989
0.9578125,12,72.5519118309021
0.961328125,11,72.55485486984253
0.96484375,10,72.55741000175476
-1,14,72.56124091148376
0.96484375,10,72.56383800506592
0.94375,16,72.56806302070618
0.96484375,10,72.57082486152649
0.954296875,13,72.57422375679016
0.947265625,15,72.57817792892456
0.940234375,17,72.5824248790741
0.926171875,21,72.58809399604797
0.947265625,15,72.59200382232666
0.96484375,10,72.59441685676575
-1,6,72.59609699249268
0.9578125,12,72.59947395324707
0.940234375,17,72.60378694534302
0.96484375,10,72.60662889480591
0.954296875,13,72.60999178886414
0.93671875,18,72.61429286003113
0.933203125,19,72.61936593055725
0.947265625,15,72.623370885849
0.961328125,11,72.6263039112091
0.9578125,12,72.62935400009155
0.954296875,13,72.63273501396179
0.961328125,11,72.63556981086731
0.96484375,10,72.63809490203857
0.912109375,25,72.64508080482483
-1,12,72.64833998680115
0.919140625,23,72.65373086929321
0.96484375,10,72.65640187263489
0.96484375,10,72.65910601615906
0.9578125,12,72.66275310516357
0.919140625,23,72.66876888275146
0.96484375,10,72.67139482498169
0.96484375,10,72.67381405830383
0.96484375,10,72.67665266990662
0.9578125,12,72.67966794967651
0.95078125,14,72.68307185173035
0.95078125,14,72.68683075904846
0.961328125,11,72.69008779525757
0.95078125,14,72.69369196891785
0.96484375,10,72.69641709327698
0.96484375,10,72.6989676952362
0.95078125,14,72.70221590995789
0.95078125,14,72.70575284957886
-1,1,72.70636081695557
0.961328125,11,72.70927000045776
0.95078125,14,72.71262001991272
0.96484375,10,72.7152898311615
0.9578125,12,72.71863293647766
0.954296875,13,72.72195887565613
0.961328125,11,72.72504782676697
0.95078125,14,72.72872185707092
0.96484375,10,72.73125791549683
0.961328125,11,72.73401975631714
0.93671875,18,72.73871111869812
0.94375,16,72.74341988563538
0.961328125,11,72.74626779556274
0.947265625,15,72.74984884262085
0.96484375,10,72.75240302085876
0.96484375,10,72.75505471229553
0.947265625,15,72.75883793830872
0.96484375,10,72.76156377792358
0.947265625,15,72.7654390335083
0.926171875,21,72.77039003372192
0.9578125,12,72.77371597290039
0.947265625,15,72.7778627872467
0.947265625,15,72.78174495697021
0.961328125,11,72.78465676307678
0.9578125,12,72.78768992424011
0.961328125,11,72.79036808013916
0.954296875,13,72.79366993904114
0.96484375,10,72.79644179344177
0.95078125,14,72.80024194717407
0.961328125,11,72.80297708511353
0.95078125,14,72.80672001838684
0.96484375,10,72.80923080444336
0.9578125,12,72.8122570514679
0.9578125,12,72.81521582603455
0.94375,16,72.81921982765198
0.947265625,15,72.82325577735901
0.93671875,18,72.82746386528015
0.961328125,11,72.83006286621094
0.96484375,10,72.83233785629272
0.961328125,11,72.83494591712952
0.954296875,13,72.83835291862488
0.9578125,12,72.84137296676636
0.96484375,10,72.8440010547638
0.954296875,13,72.84739589691162
0.940234375,17,72.85139894485474
0.94375,16,72.85511088371277
0.926171875,21,72.86056399345398
0.961328125,11,72.86348795890808
0.961328125,11,72.86625695228577
0.9578125,12,72.86954689025879
0.95078125,14,72.87295579910278
0.961328125,11,72.87561988830566
0.96484375,10,72.87820076942444
0.919140625,23,72.88426876068115
0.96484375,10,72.88684272766113
0.954296875,13,72.89017868041992
0.94375,16,72.89425373077393
0.9578125,12,72.89733099937439
0.961328125,11,72.90043377876282
0.95078125,14,72.90390181541443
0.96484375,10,72.90643191337585
0.96484375,10,72.90892481803894
0.96484375,10,72.91155576705933
0.9578125,12,72.9147379398346
-1,2,72.91543984413147
-1,13,72.91917490959167
0.9578125,12,72.92216992378235
0.940234375,17,72.92645573616028
0.9296875,20,72.93152379989624
-1,11,72.93479490280151
0.9296875,20,72.93957567214966
0.9578125,12,72.94253492355347
0.961328125,11,72.94557285308838
0.940234375,17,72.94980692863464
0.96484375,10,72.9524188041687
0.96484375,10,72.95535373687744
0.954296875,13,72.95867896080017
0.96484375,10,72.96128392219543
0.9578125,12,72.964430809021
-1,2,72.9652168750763
0.933203125,19,72.97036075592041
0.933203125,19,72.97557187080383
0.94375,16,72.97985696792603
0.961328125,11,72.9825987815857
0.954296875,13,72.98618388175964
0.926171875,21,72.9916307926178
0.9578125,12,72.99480772018433
0.95078125,14,72.9984118938446
0.96484375,10,73.0010449886322
0.947265625,15,73.00486612319946
0.96484375,10,73.00745487213135
0.96484375,10,73.01012897491455
0.93671875,18,73.01494193077087
0.96484375,10,73.01742887496948
0.954296875,13,73.02088975906372
0.954296875,13,73.02434206008911
0.961328125,11,73.0273208618164
0.961328125,11,73.03023481369019
0.9578125,12,73.03360390663147
0.9578125,12,73.03660082817078
0.961328125,11,73.03924202919006
0.96484375,10,73.04179000854492
0.954296875,13,73.04514384269714
0.95078125,14,73.04876279830933
0.933203125,19,73.05383610725403
0.961328125,11,73.05686974525452
0.96484375,10,73.05953001976013
0.954296875,13,73.06272578239441
-1,13,73.06631302833557
0.96484375,10,73.06881093978882
0.93671875,18,73.0731258392334
0.96484375,10,73.07566905021667
0.9296875,20,73.0804500579834
0.919140625,23,73.08586192131042
0.95078125,14,73.08927178382874
0.961328125,11,73.09200382232666
0.947265625,15,73.09569382667542
0.961328125,11,73.09841585159302
0.961328125,11,73.10111689567566
0.96484375,10,73.10364484786987
0.96484375,10,73.10629773139954
0.9578125,12,73.10926103591919
0.9578125,12,73.11238598823547
0.898046875,29,73.11975598335266
0.947265625,15,73.1235420703888
0.961328125,11,73.12650871276855
0.95078125,14,73.1298098564148
0.954296875,13,73.13280582427979
0.9578125,12,73.1358048915863
0.9578125,12,73.13875889778137
0.95078125,14,73.14224004745483
0.954296875,13,73.14553689956665
0.961328125,11,73.14930582046509
0.961328125,11,73.15390682220459
0.954296875,13,73.15778088569641
-1,10,73.16225481033325
0.933203125,19,73.16801381111145
0.9578125,12,73.17411398887634
0.9578125,12,73.1783218383789
0.96484375,10,73.18254113197327
0.954296875,13,73.18701386451721
0.954296875,13,73.19228601455688
0.954296875,13,73.19714188575745
0.93671875,18,73.2040319442749
0.95078125,14,73.20947980880737
0.961328125,11,73.21344208717346
0.96484375,10,73.21809267997742
0.9578125,12,73.22220277786255
0.961328125,11,73.22678399085999
0.954296875,13,73.23196077346802
0.92265625,22,73.23957085609436
0.954296875,13,73.24448204040527
0.95078125,14,73.2498550415039
0.9578125,12,73.2535879611969
0.95078125,14,73.2571349143982
0.961328125,11,73.25992393493652
0.96484375,10,73.26229190826416
0.96484375,10,73.26452398300171
0.947265625,15,73.2682797908783
0.94375,16,73.2721300125122
0.96484375,10,73.27439093589783
0.961328125,11,73.2776358127594
0.9578125,12,73.28078579902649
0.954296875,13,73.28393793106079
0.915625,24,73.28952193260193
0.96484375,10,73.29213190078735
0.9578125,12,73.29518580436707
0.961328125,11,73.29817795753479
0.954296875,13,73.3014509677887
-1,1,73.30208778381348
0.96484375,10,73.30493688583374
0.95078125,14,73.30855178833008
0.96484375,10,73.31109189987183
0.954296875,13,73.31454086303711
0.961328125,11,73.31749296188354
0.961328125,11,73.32043385505676
0.954296875,13,73.3237829208374
0.947265625,15,73.32827806472778
0.954296875,13,73.33208775520325
0.961328125,11,73.33507585525513
0.96484375,10,73.33748197555542
0.94375,16,73.34153485298157
-1,1,73.34199500083923
0.954296875,13,73.34522294998169
0.954296875,13,73.34831595420837
0.9296875,20,73.35373497009277
0.954296875,13,73.35705709457397
0.96484375,10,73.35955786705017
0.96484375,10,73.36219072341919
0.9578125,12,73.36510896682739
0.961328125,11,73.36796283721924
0.954296875,13,73.37146973609924
-1,1,73.3719527721405
0.961328125,11,73.37458300590515
0.961328125,11,73.37727284431458
0.96484375,10,73.37984800338745
0.95078125,14,73.38373303413391
0.954296875,13,73.38710594177246
0.9296875,20,73.39239692687988
0.940234375,17,73.39677786827087
0.9578125,12,73.39995908737183
0.954296875,13,73.40309500694275
0.947265625,15,73.40670800209045
0.96484375,10,73.40912890434265
0.954296875,13,73.41256976127625
0.9578125,12,73.41553092002869
0.96484375,10,73.41804480552673
0.961328125,11,73.42078375816345
0.961328125,11,73.42359972000122
0.954296875,13,73.42677569389343
0.9578125,12,73.42979693412781
0.9578125,12,73.43295001983643
0.961328125,11,73.4355719089508
0.961328125,11,73.43826675415039
0.93671875,18,73.44293785095215
0.95078125,14,73.44662666320801
0.95078125,14,73.45013189315796
0.919140625,23,73.45573997497559
0.915625,24,73.46165299415588
0.933203125,19,73.46654081344604
0.961328125,11,73.46953177452087
0.947265625,15,73.473317861557
0.954296875,13,73.4765408039093
0.94375,16,73.48041987419128
0.94375,16,73.48484468460083
0.9578125,12,73.48796486854553
0.95078125,14,73.491446018219
0.961328125,11,73.49414873123169
0.961328125,11,73.49701571464539
0.93671875,18,73.50163412094116
0.93671875,18,73.50621175765991
0.9578125,12,73.50968384742737
-1,1,73.51061582565308
0.954296875,13,73.51628184318542
0.95078125,14,73.52137970924377
0.940234375,17,73.52624368667603
0.961328125,11,73.52955889701843
0.954296875,13,73.53339791297913
0.96484375,10,73.53663682937622
0.96484375,10,73.53977704048157
0.9578125,12,73.54287576675415
0.961328125,11,73.54746079444885
0.961328125,11,73.55097198486328
0.961328125,11,73.55419397354126
0.95078125,14,73.55848598480225
0.940234375,17,73.56401991844177
0.96484375,10,73.5670599937439
0.947265625,15,73.57161688804626
0.96484375,10,73.57518291473389
0.95078125,14,73.57982802391052
0.9578125,12,73.58363389968872
0.9578125,12,73.5875289440155
0.947265625,15,73.59134697914124
0.9578125,12,73.59501385688782
0.96484375,10,73.59860491752625
0.96484375,10,73.60143685340881
0.9578125,12,73.60525584220886
0.9578125,12,73.60889387130737
0.926171875,21,73.61472678184509
0.9578125,12,73.61891984939575
0.9578125,12,73.62234091758728
0.947265625,15,73.62745976448059
0.95078125,14,73.63100910186768
0.961328125,11,73.63380885124207
0.9578125,12,73.63726282119751
-1,9,73.63999271392822
0.96484375,10,73.64246487617493
0.95078125,14,73.64609003067017
0.9578125,12,73.64922285079956
0.96484375,10,73.6517927646637
0.94375,16,73.65605998039246
0.90859375,26,73.66300582885742
0.954296875,13,73.66648983955383
0.94375,16,73.67076468467712
0.95078125,14,73.67481708526611
0.95078125,14,73.67876291275024
0.954296875,13,73.68224477767944
0.947265625,15,73.68649792671204
0.961328125,11,73.68953704833984
0.96484375,10,73.6920268535614
0.96484375,10,73.69457793235779
0.96484375,10,73.69717192649841
0.940234375,17,73.7017810344696
0.9578125,12,73.70495986938477
0.96484375,10,73.70767188072205
0.96484375,10,73.71056795120239
0.96484375,10,73.71316885948181
0.94375,16,73.7171540260315
0.954296875,13,73.72061395645142
0.94375,16,73.72481679916382
0.9578125,12,73.72784996032715
0.96484375,10,73.73048496246338
0.96484375,10,73.73309278488159
0.9578125,12,73.73632478713989
0.961328125,11,73.73933005332947
0.954296875,13,73.74310874938965
0.9578125,12,73.74599885940552
0.9578125,12,73.74920868873596
0.96484375,10,73.75169086456299
0.96484375,10,73.75404596328735
0.96484375,10,73.7565529346466
0.9578125,12,73.76028895378113
0.961328125,11,73.76374506950378
0.93671875,18,73.76926589012146
0.961328125,11,73.7729799747467
0.961328125,11,73.77737498283386
0.954296875,13,73.78208088874817
0.954296875,13,73.7869029045105
0.9578125,12,73.7909209728241
0.96484375,10,73.79420375823975
0.961328125,11,73.797611951828
0.96484375,10,73.80073881149292
0.9578125,12,73.80388307571411
0.9578125,12,73.80844187736511
0.9578125,12,73.81160187721252
0.954296875,13,73.81548190116882
0.947265625,15,73.81944489479065
0.961328125,11,73.82212686538696
0.96484375,10,73.82592487335205
0.96484375,10,73.8294689655304
0.961328125,11,73.83272194862366
0.933203125,19,73.83968091011047
0.954296875,13,73.8442177772522
0.96484375,10,73.84753489494324
0.947265625,15,73.85230588912964
0.96484375,10,73.8559958934784
0.947265625,15,73.86120200157166
0.96484375,10,73.86443281173706
0.954296875,13,73.86952590942383
0.9578125,12,73.87337875366211
0.95078125,14,73.87710475921631
0.93671875,18,73.8817789554596
0.954296875,13,73.88537693023682
0.96484375,10,73.88798379898071
0.926171875,21,73.89335298538208
0.926171875,21,73.89859580993652
0.9578125,12,73.90147471427917
0.95078125,14,73.90534090995789
0.96484375,10,73.90801882743835
0.961328125,11,73.910808801651
0.96484375,10,73.91354894638062
0.933203125,19,73.9182116985321
-1,1,73.91866707801819
0.9578125,12,73.9214129447937
0.96484375,10,73.92402291297913
0.954296875,13,73.92727494239807
0.961328125,11,73.92991089820862
0.94375,16,73.9343159198761
0.961328125,11,73.93712902069092
0.940234375,17,73.9409339427948
0.9578125,12,73.9441909790039
0.96484375,10,73.94671273231506
0.96484375,10,73.94916892051697
0.95078125,14,73.95266485214233
0.961328125,11,73.95564293861389
0.96484375,10,73.9581949710846
0.961328125,11,73.96109008789062
0.9578125,12,73.96430277824402
0.947265625,15,73.96848106384277
0.9578125,12,73.97166681289673
0.96484375,10,73.9747998714447
0.94375,16,73.97927498817444
0.961328125,11,73.98215699195862
0.9578125,12,73.9852077960968
0.96484375,10,73.98762083053589
0.947265625,15,73.99147486686707
0.96484375,10,73.99400877952576
0.95078125,14,73.99760580062866
0.96484375,10,74.00029397010803
0.961328125,11,74.00313091278076
0.947265625,15,74.00782108306885
0.9578125,12,74.01224398612976
0.96484375,10,74.01579189300537
0.96484375,10,74.0197548866272
0.947265625,15,74.02495384216309
0.94375,16,74.0309898853302
0.961328125,11,74.0347158908844
0.96484375,10,74.03869700431824
0.96484375,10,74.04166507720947
0.96484375,10,74.04397177696228
0.947265625,15,74.04741668701172
0.961328125,11,74.05082178115845
0.96484375,10,74.0532910823822
0.954296875,13,74.05671691894531
0.9296875,20,74.06334590911865
0.96484375,10,74.06710886955261
0.96484375,10,74.07071280479431
0.961328125,11,74.07516193389893
0.96484375,10,74.07782077789307
0.961328125,11,74.08267092704773
0.961328125,11,74.0869038105011
0.96484375,10,74.09050583839417
0.947265625,15,74.09544396400452
0.95078125,14,74.09940671920776
0.96484375,10,74.10407495498657
0.93671875,18,74.110347032547
0.961328125,11,74.11452889442444
0.961328125,11,74.11866688728333
0.94375,16,74.12455892562866
0.96484375,10,74.12821197509766
0.9578125,12,74.13137793540955
0.94375,16,74.13536596298218
0.961328125,11,74.13849186897278
0.947265625,15,74.14248609542847
0.96484375,10,74.14510583877563
0.93671875,18,74.15032076835632
0.93671875,18,74.15478682518005
0.9578125,12,74.15816187858582
0.9578125,12,74.1613998413086
0.954296875,13,74.16500997543335
-1,14,74.1690628528595
0.94375,16,74.17333793640137
0.95078125,14,74.17730593681335
0.95078125,14,74.18059706687927
0.94375,16,74.18519186973572
0.95078125,14,74.18875074386597
0.95078125,14,74.1926200389862
0.940234375,17,74.19698309898376
0.96484375,10,74.19939994812012
0.947265625,15,74.2033679485321
0.96484375,10,74.20604801177979
0.947265625,15,74.2097978591919
0.96484375,10,74.21239495277405
0.919140625,23,74.21785283088684
0.9578125,12,74.22090291976929
0.96484375,10,74.2237708568573
0.933203125,19,74.22897005081177
0.95078125,14,74.23245477676392
0.96484375,10,74.23509788513184
0.96484375,10,74.23762106895447
0.9578125,12,74.24086785316467
0.96484375,10,74.24358892440796
0.954296875,13,74.24688005447388
0.961328125,11,74.25002074241638
0.96484375,10,74.25271773338318
0.947265625,15,74.25653505325317
0.96484375,10,74.25958299636841
0.954296875,13,74.26286888122559
0.961328125,11,74.26553797721863
0.95078125,14,74.26946878433228
0.9578125,12,74.27243971824646
0.9578125,12,74.27519583702087
0.961328125,11,74.27791380882263
0.919140625,23,74.28343200683594
0.95078125,14,74.28660774230957
0.94375,16,74.29090189933777
0.96484375,10,74.29333686828613
0.954296875,13,74.296621799469
0.96484375,10,74.2992000579834
0.954296875,13,74.30265498161316
0.96484375,10,74.3051438331604
0.96484375,10,74.30784583091736
0.93671875,18,74.31227493286133
0.954296875,13,74.3154308795929
0.96484375,10,74.3180239200592
0.947265625,15,74.3220489025116
0.95078125,14,74.32575273513794
0.9578125,12,74.32896280288696
0.96484375,10,74.33167171478271
0.961328125,11,74.33457684516907
0.954296875,13,74.33776211738586
0.96484375,10,74.34032273292542
0.93671875,18,74.34509086608887
0.96484375,10,74.34781074523926
0.961328125,11,74.35062670707703
0.954296875,13,74.35395097732544
0.961328125,11,74.35689973831177
0.96484375,10,74.3595278263092
-1,1,74.35997176170349
0.95078125,14,74.36356782913208
0.961328125,11,74.36659789085388
0.9296875,20,74.37187790870667
0.96484375,10,74.37454891204834
0.9578125,12,74.37797403335571
0.96484375,10,74.38075184822083
0.947265625,15,74.38496589660645
0.961328125,11,74.38779497146606
0.93671875,18,74.39228582382202
0.954296875,13,74.3955147266388
0.95078125,14,74.39916181564331
0.96484375,10,74.40157294273376
0.96484375,10,74.40393590927124
0.947265625,15,74.40769004821777
0.961328125,11,74.41039896011353
0.95078125,14,74.41391277313232
0.96484375,10,74.41648006439209
0.96484375,10,74.41897082328796
0.947265625,15,74.42281079292297
0.961328125,11,74.4257128238678
0.94375,16,74.4299578666687
0.961328125,11,74.43288993835449
0.96484375,10,74.43564581871033
0.947265625,15,74.4395227432251
0.961328125,11,74.44230508804321
0.96484375,10,74.44483780860901
0.961328125,11,74.4476158618927
0.9578125,12,74.45055174827576
0.9578125,12,74.45355892181396
0.93671875,18,74.45799708366394
0.96484375,10,74.46074986457825
0.95078125,14,74.46432781219482
0.9578125,12,74.46733784675598
0.961328125,11,74.4701759815216
0.961328125,11,74.47294592857361
0.9578125,12,74.47608709335327
0.919140625,23,74.48230290412903
0.93671875,18,74.48696279525757
0.947265625,15,74.490886926651
0.96484375,10,74.49335193634033
0.96484375,10,74.49581289291382
0.961328125,11,74.49840903282166
0.947265625,15,74.5021460056305
0.947265625,15,74.50598502159119
0.954296875,13,74.50920987129211
0.96484375,10,74.51184487342834
0.961328125,11,74.514723777771
0.95078125,14,74.51800870895386
0.95078125,14,74.5218198299408
0.954296875,13,74.52517294883728
0.954296875,13,74.52873086929321
0.9578125,12,74.53206300735474
0.954296875,13,74.53528690338135
0.954296875,13,74.53881192207336
0.9578125,12,74.54193902015686
0.9578125,12,74.54471588134766
0.9578125,12,74.54765796661377
0.961328125,11,74.55047988891602
0.96484375,10,74.55297899246216
0.961328125,11,74.55556678771973
0.96484375,10,74.55803179740906
0.954296875,13,74.56122088432312
0.947265625,15,74.56533575057983
0.961328125,11,74.56799006462097
-1,1,74.56838297843933
0.96484375,10,74.570720911026
0.926171875,21,74.57587671279907
0.95078125,14,74.57929491996765
0.9578125,12,74.58259201049805
0.94375,16,74.58644890785217
0.947265625,15,74.59037685394287
0.96484375,10,74.59312891960144
0.96484375,10,74.59568190574646
0.96484375,10,74.59805583953857
0.95078125,14,74.60169291496277
0.96484375,10,74.60424590110779
0.947265625,15,74.60793876647949
0.961328125,11,74.61074686050415
0.95078125,14,74.61450386047363
0.9578125,12,74.61749982833862
0.933203125,19,74.62237000465393
0.961328125,11,74.62508273124695
0.96484375,10,74.62746381759644
0.961328125,11,74.63018584251404
0.95078125,14,74.63408493995667
0.915625,24,74.63971781730652
0.9578125,12,74.64310193061829
0.9578125,12,74.64657282829285
0.95078125,14,74.64976191520691
0.95078125,14,74.65342593193054
0.954296875,13,74.65674495697021
0.961328125,11,74.65932083129883
-1,1,74.65977883338928
0.9578125,12,74.66251969337463
0.92265625,22,74.66810703277588
0.954296875,13,74.67132687568665
0.95078125,14,74.6750967502594
0.95078125,14,74.67926287651062
0.961328125,11,74.68212580680847
-1,1,74.68256378173828
0.94375,16,74.68628787994385
0.954296875,13,74.68987083435059
0.954296875,13,74.69328594207764
0.954296875,13,74.69615006446838
0.9578125,12,74.69893193244934
0.96484375,10,74.70144486427307
0.96484375,10,74.7037980556488
0.96484375,10,74.70617985725403
0.961328125,11,74.70902991294861
0.95078125,14,74.71285390853882
0.96484375,10,74.71525883674622
0.961328125,11,74.7180027961731
0.9578125,12,74.72113370895386
0.95078125,14,74.72461009025574
0.9296875,20,74.72930574417114
0.954296875,13,74.73275184631348
0.947265625,15,74.73671078681946
0.96484375,10,74.7395248413086
0.94375,16,74.74357676506042
0.940234375,17,74.74749684333801
0.947265625,15,74.75128483772278
0.961328125,11,74.75436496734619
0.940234375,17,74.75874376296997
0.96484375,10,74.76151609420776
0.96484375,10,74.76393866539001
0.961328125,11,74.76676201820374
0.96484375,10,74.76933884620667
0.95078125,14,74.77321076393127
0.947265625,15,74.77744269371033
0.961328125,11,74.78043484687805
0.96484375,10,74.78314876556396
0.89453125,30,74.79052376747131
0.96484375,10,74.79317307472229
0.954296875,13,74.79622292518616
-1,6,74.79820799827576
0.954296875,13,74.80151772499084
0.954296875,13,74.80508279800415
0.961328125,11,74.80786085128784
0.96484375,10,74.81027793884277
0.947265625,15,74.8141028881073
0.954296875,13,74.81744694709778
0.96484375,10,74.82019090652466
-1,9,74.82289695739746
0.9578125,12,74.8262529373169
0.96484375,10,74.82875800132751
0.95078125,14,74.83226990699768
0.954296875,13,74.83540987968445
0.95078125,14,74.8390519618988
0.95078125,14,74.84250497817993
0.961328125,11,74.84524393081665
0.9296875,20,74.85083174705505
0.9578125,12,74.85399079322815
0.96484375,10,74.85647177696228
0.947265625,15,74.86004686355591
0.9296875,20,74.864816904068
0.96484375,10,74.8672788143158
0.95078125,14,74.87056088447571
0.96484375,10,74.87302994728088
0.9578125,12,74.87599492073059
0.954296875,13,74.87919592857361
-1,3,74.88010597229004
0.94375,16,74.88382577896118
0.9578125,12,74.88690686225891
0.954296875,13,74.89003896713257
0.961328125,11,74.89279270172119
0.961328125,11,74.8959128856659
0.961328125,11,74.89899492263794
0.96484375,10,74.90150094032288
-1,2,74.9022479057312
0.940234375,17,74.90626096725464
0.926171875,21,74.91129803657532
0.96484375,10,74.91389393806458
0.961328125,11,74.91667103767395
0.947265625,15,74.92056393623352
0.954296875,13,74.92372393608093
0.96484375,10,74.92626881599426
0.9578125,12,74.92934679985046
0.947265625,15,74.9332389831543
0.96484375,10,74.93564081192017
0.96484375,10,74.93832302093506
0.9578125,12,74.94140696525574
0.9578125,12,74.94433999061584
0.96484375,10,74.94669389724731
0.96484375,10,74.94927597045898
0.9578125,12,74.95250582695007
-1,1,74.95291185379028
0.95078125,14,74.95603680610657
0.96484375,10,74.95840787887573
0.96484375,10,74.9609808921814
0.954296875,13,74.96409296989441
0.95078125,14,74.96737384796143
0.954296875,13,74.97097277641296
0.95078125,14,74.97465395927429
0.9578125,12,74.97755980491638
0.933203125,19,74.98232889175415
0.95078125,14,74.9857919216156
0.961328125,11,74.98848271369934
0.95078125,14,74.99213790893555
0.961328125,11,74.99487686157227
0.95078125,14,74.9985888004303
0.961328125,11,75.00156283378601
-1,1,75.00207185745239
0.961328125,11,75.00467085838318
0.961328125,11,75.00722002983093
0.933203125,19,75.01201486587524
0.940234375,17,75.01621294021606
0.961328125,11,75.01895594596863
0.96484375,10,75.02158784866333
0.96484375,10,75.02410387992859
0.9578125,12,75.02708411216736
0.954296875,13,75.03031086921692
0.954296875,13,75.03378891944885
0.9578125,12,75.03674292564392
0.954296875,13,75.03999185562134
0.96484375,10,75.04270577430725
0.96484375,10,75.04529285430908
0.947265625,15,75.0490369796753
0.96484375,10,75.05161380767822
0.96484375,10,75.05430197715759
0.96484375,10,75.0569269657135
0.95078125,14,75.06035470962524
0.96484375,10,75.06313180923462
0.96484375,10,75.06589078903198
-1,2,75.06666088104248
0.961328125,11,75.06953191757202
0.9578125,12,75.07246375083923
0.94375,16,75.07642078399658
0.95078125,14,75.08008980751038
0.95078125,14,75.08379173278809
0.96484375,10,75.08622789382935
0.9578125,12,75.08902883529663
0.96484375,10,75.09147691726685
0.954296875,13,75.09489798545837
0.9578125,12,75.09773373603821
0.9578125,12,75.10092496871948
0.95078125,14,75.1041898727417
0.93671875,18,75.10883688926697
0.9578125,12,75.11209869384766
0.96484375,10,75.11455178260803
0.9578125,12,75.11743998527527
0.954296875,13,75.12074494361877
0.961328125,11,75.12397170066833
0.961328125,11,75.12686681747437
0.92265625,22,75.1320309638977
0.95078125,14,75.13527178764343
0.96484375,10,75.13774991035461
0.96484375,10,75.14029383659363
0.94375,16,75.14464998245239
0.96484375,10,75.14727783203125
0.9578125,12,75.15052390098572
0.96484375,10,75.15303087234497
0.96484375,10,75.15578389167786
0.96484375,10,75.15833401679993
0.9578125,12,75.16114473342896
0.96484375,10,75.16362071037292
0.954296875,13,75.16718006134033
0.96484375,10,75.1703999042511
0.961328125,11,75.17325282096863
0.96484375,10,75.17613005638123
0.9578125,12,75.17945694923401
0.947265625,15,75.18318390846252
0.947265625,15,75.18687176704407
0.933203125,19,75.19179487228394
0.940234375,17,75.1957859992981
-1,2,75.19650983810425
0.95078125,14,75.19969201087952
0.96484375,10,75.20219492912292
0.9578125,12,75.20516467094421
0.95078125,14,75.20848488807678
0.93671875,18,75.21299576759338
0.961328125,11,75.21629476547241
0.95078125,14,75.21971297264099
0.9578125,12,75.22262597084045
0.9578125,12,75.22634601593018
0.95078125,14,75.22991275787354
0.961328125,11,75.23252773284912
0.940234375,17,75.2370617389679
0.93671875,18,75.24111986160278
0.940234375,17,75.24525785446167
0.96484375,10,75.24782180786133
0.954296875,13,75.25082278251648
-1,1,75.2512137889862
0.9578125,12,75.2540717124939
0.96484375,10,75.25674700737
0.96484375,10,75.259352684021
0.96484375,10,75.26190090179443
0.9578125,12,75.26490092277527
0.96484375,10,75.26732087135315
0.9578125,12,75.27025985717773
0.9578125,12,75.2736189365387
0.95078125,14,75.2774829864502
0.961328125,11,75.2802197933197
0.954296875,13,75.2833788394928
0.961328125,11,75.28621578216553
0.9578125,12,75.28936886787415
0.9578125,12,75.29236888885498
0.947265625,15,75.29612803459167
0.94375,16,75.30015897750854
0.961328125,11,75.30293989181519
0.94375,16,75.30696082115173
0.96484375,10,75.30957007408142
0.954296875,13,75.31287884712219
0.919140625,23,75.31873202323914
0.96484375,10,75.32153081893921
0.9578125,12,75.32462096214294
0.9578125,12,75.32745885848999
0.96484375,10,75.32999610900879
0.9578125,12,75.33312392234802
0.9578125,12,75.33614110946655
0.954296875,13,75.33950901031494
0.961328125,11,75.34247493743896
0.94375,16,75.34618401527405
0.96484375,10,75.3487937450409
0.96484375,10,75.3516628742218
0.96484375,10,75.35420083999634
0.954296875,13,75.35759687423706
0.95078125,14,75.36144995689392
0.961328125,11,75.36449193954468
0.947265625,15,75.36881279945374
0.93671875,18,75.37343883514404
0.947265625,15,75.37754082679749
0.96484375,10,75.38020467758179
0.93671875,18,75.38506388664246
0.961328125,11,75.38814067840576
0.940234375,17,75.39267301559448
0.94375,16,75.39674496650696
0.9296875,20,75.40193367004395
0.9578125,12,75.40510702133179
0.95078125,14,75.40872979164124
0.92265625,22,75.41471576690674
0.9578125,12,75.41820693016052
0.954296875,13,75.421306848526
0.96484375,10,75.42421293258667
0.95078125,14,75.42793607711792
0.961328125,11,75.43065190315247
0.954296875,13,75.43377590179443
0.94375,16,75.43755388259888
0.96484375,10,75.44012188911438
0.940234375,17,75.44468879699707
0.96484375,10,75.44710397720337
0.94375,16,75.45096588134766
0.96484375,10,75.45352506637573
0.926171875,21,75.45949077606201
0.9578125,12,75.46257472038269
0.9578125,12,75.46580791473389
0.96484375,10,75.46844482421875
0.96484375,10,75.47125673294067
0.9578125,12,75.4751889705658
0.96484375,10,75.47799611091614
0.96484375,10,75.48036670684814
0.9578125,12,75.48537969589233
0.96484375,10,75.48800492286682
-1,16,75.49313306808472
0.933203125,19,75.49860191345215
0.9578125,12,75.50200986862183
0.9578125,12,75.50501298904419
0.954296875,13,75.5096230506897
0.9578125,12,75.51249265670776
0.96484375,10,75.51536202430725
0.954296875,13,75.51906085014343
0.961328125,11,75.52169585227966
0.954296875,13,75.5249879360199
0.954296875,13,75.52815794944763
0.961328125,11,75.53115701675415
0.95078125,14,75.53463768959045
0.961328125,11,75.53722071647644
0.94375,16,75.54122972488403
0.9578125,12,75.54424405097961
-1,2,75.5450918674469
0.954296875,13,75.54831099510193
0.961328125,11,75.5510630607605
0.9578125,12,75.55388808250427
0.954296875,13,75.55715584754944
0.947265625,15,75.56119084358215
0.93671875,18,75.56554985046387
0.9578125,12,75.56844997406006
0.954296875,13,75.57237577438354
0.940234375,17,75.5775089263916
-1,20,75.58293390274048
0.961328125,11,75.58583402633667
0.96484375,10,75.58864688873291
0.954296875,13,75.59243083000183
0.961328125,11,75.59511184692383
0.95078125,14,75.59844994544983
0.961328125,11,75.60126686096191
0.954296875,13,75.60449981689453
0.940234375,17,75.60849285125732
-1,1,75.60903406143188
0.94375,16,75.61308789253235
0.954296875,13,75.61653995513916
0.96484375,10,75.61913299560547
0.947265625,15,75.6234679222107
0.9578125,12,75.6267499923706
0.940234375,17,75.63102173805237
0.9578125,12,75.63443899154663
0.947265625,15,75.63809370994568
0.947265625,15,75.64172697067261
0.96484375,10,75.64581203460693
0.9296875,20,75.65259075164795
0.96484375,10,75.65638089179993
0.95078125,14,75.66153597831726
-1,5,75.66431474685669
0.954296875,13,75.66889977455139
-1,2,75.670156955719
0.954296875,13,75.67506384849548
0.947265625,15,75.68230390548706
0.9296875,20,75.69001984596252
0.96484375,10,75.69381284713745
0.96484375,10,75.69732880592346
0.940234375,17,75.7029218673706
0.961328125,11,75.70677781105042
0.96484375,10,75.71013569831848
0.9578125,12,75.71449708938599
0.954296875,13,75.71822595596313
0.95078125,14,75.72314500808716
0.940234375,17,75.72851467132568
0.947265625,15,75.73382496833801
0.96484375,10,75.73765683174133
0.96484375,10,75.74100494384766
0.96484375,10,75.74435186386108
0.954296875,13,75.74867796897888
0.961328125,11,75.75184106826782
-1,18,75.75660991668701
0.9578125,12,75.75986790657043
0.96484375,10,75.76232886314392
-1,1,75.76280498504639
0.93671875,18,75.76767683029175
0.96484375,10,75.77023792266846
0.94375,16,75.7742428779602
0.961328125,11,75.77720975875854
0.9578125,12,75.7805688381195
0.96484375,10,75.7831060886383
0.9578125,12,75.78610372543335
0.933203125,19,75.79088091850281
0.954296875,13,75.79408192634583
0.95078125,14,75.79773283004761
0.9578125,12,75.80088090896606
0.96484375,10,75.80342197418213
0.96484375,10,75.80578088760376
0.96484375,10,75.80858898162842
0.96484375,10,75.81135392189026
0.933203125,19,75.81619477272034
0.9296875,20,75.82099294662476
0.93671875,18,75.82573699951172
0.96484375,10,75.82816100120544
0.9578125,12,75.83115291595459
0.95078125,14,75.83482789993286
0.947265625,15,75.83837580680847
0.954296875,13,75.8415277004242
0.954296875,13,75.844655752182
0.95078125,14,75.84810972213745
0.9578125,12,75.850989818573
0.96484375,10,75.85366487503052
0.90859375,26,75.86039686203003
0.961328125,11,75.86329293251038
0.95078125,14,75.866623878479
0.96484375,10,75.86914777755737
0.912109375,25,75.87522292137146
0.961328125,11,75.87807178497314
0.96484375,10,75.88073492050171
0.95078125,14,75.88433694839478
0.940234375,17,75.88897895812988
0.96484375,10,75.89206290245056
0.9578125,12,75.89512395858765
0.94375,16,75.89932084083557
0.95078125,14,75.9027988910675
0.954296875,13,75.90634393692017
0.954296875,13,75.90950989723206
0.954296875,13,75.9126889705658
-1,8,75.91540884971619
0.954296875,13,75.91850185394287
0.9578125,12,75.9215407371521
0.961328125,11,75.92463493347168
0.96484375,10,75.92715072631836
0.954296875,13,75.9304027557373
0.95078125,14,75.9338698387146
0.9578125,12,75.93700575828552
0.954296875,13,75.94026398658752
0.961328125,11,75.94308876991272
0.954296875,13,75.94656682014465
0.940234375,17,75.95051693916321
0.947265625,15,75.95417189598083
0.954296875,13,75.95766496658325
0.96484375,10,75.96032190322876
0.96484375,10,75.96306777000427
0.95078125,14,75.9668459892273
0.96484375,10,75.96948504447937
0.93671875,18,75.9738130569458
0.9578125,12,75.97690176963806
0.961328125,11,75.97969484329224
0.926171875,21,75.98497104644775
0.9578125,12,75.98800587654114
0.961328125,11,75.99069786071777
-1,2,75.99152898788452
0.96484375,10,75.99449586868286
0.9578125,12,75.9980947971344
0.96484375,10,76.00089192390442
0.95078125,14,76.00473809242249
0.961328125,11,76.00820684432983
0.96484375,10,76.01103687286377
0.9578125,12,76.01431775093079
0.96484375,10,76.01693391799927
0.9578125,12,76.02003574371338
0.961328125,11,76.0228419303894
0.947265625,15,76.02648496627808
0.96484375,10,76.02907180786133
0.954296875,13,76.03240609169006
0.95078125,14,76.0357928276062
0.954296875,13,76.03914380073547
0.96484375,10,76.04198884963989
0.954296875,13,76.04549098014832
0.96484375,10,76.04809498786926
0.96484375,10,76.05064988136292
0.96484375,10,76.05330085754395
0.96484375,10,76.0558168888092
0.961328125,11,76.058846950531
0.96484375,10,76.06136083602905
0.92265625,22,76.06726408004761
0.96484375,10,76.0698618888855
0.947265625,15,76.07351994514465
0.961328125,11,76.07630801200867
0.93671875,18,76.0806188583374
-1,1,76.08111476898193
0.9296875,20,76.08633494377136
0.96484375,10,76.08905482292175
0.9578125,12,76.09212279319763
0.954296875,13,76.09549498558044
0.93671875,18,76.10017204284668
0.96484375,10,76.10271096229553
0.92265625,22,76.10843181610107
0.96484375,10,76.11128401756287
0.933203125,19,76.11594080924988
0.96484375,10,76.11847877502441
0.940234375,17,76.12285995483398
0.96484375,10,76.12547993659973
0.961328125,11,76.12853789329529
0.933203125,19,76.13404583930969
0.954296875,13,76.13741898536682
0.9578125,12,76.14073586463928
0.93671875,18,76.14571976661682
0.947265625,15,76.14943099021912
0.93671875,18,76.15414667129517
0.961328125,11,76.15728092193604
0.954296875,13,76.16066193580627
0.96484375,10,76.16328692436218
0.96484375,10,76.16583180427551
0.9578125,12,76.16904878616333
0.9578125,12,76.17217493057251
0.96484375,10,76.17487168312073
0.961328125,11,76.1780788898468
0.96484375,10,76.18083691596985
0.9296875,20,76.18571376800537
0.96484375,10,76.18850088119507
0.961328125,11,76.19162583351135
0.9578125,12,76.19477581977844
0.94375,16,76.19913387298584
0.94375,16,76.20355582237244
0.961328125,11,76.20659685134888
0.954296875,13,76.21008896827698
-1,2,76.21085000038147
0.9578125,12,76.21451497077942
-1,11,76.21776986122131
-1,1,76.21838688850403
0.947265625,15,76.22222185134888
0.961328125,11,76.2253828048706
0.9578125,12,76.22864389419556
0.9578125,12,76.23176097869873
0.940234375,17,76.23576974868774
0.94375,16,76.23989295959473
0.96484375,10,76.2422730922699
0.954296875,13,76.24535489082336
0.947265625,15,76.2495276927948
0.94375,16,76.25343680381775
0.954296875,13,76.25745892524719
0.961328125,11,76.26050591468811
0.94375,16,76.26466107368469
0.96484375,10,76.26749277114868
0.954296875,13,76.27091479301453
0.954296875,13,76.2743890285492
0.95078125,14,76.27836799621582
0.954296875,13,76.28202080726624
0.9578125,12,76.28509783744812
0.96484375,10,76.28781008720398
0.954296875,13,76.29121470451355
0.9578125,12,76.29442310333252
0.933203125,19,76.29900693893433
0.96484375,10,76.3016288280487
0.94375,16,76.30573177337646
0.947265625,15,76.3099958896637
0.96484375,10,76.31272077560425
0.96484375,10,76.31544184684753
0.96484375,10,76.31826782226562
0.94375,16,76.32263088226318
0.95078125,14,76.32631182670593
0.947265625,15,76.33036804199219
0.96484375,10,76.33274602890015
-1,2,76.33339071273804
0.961328125,11,76.33617997169495
0.9578125,12,76.33917593955994
0.954296875,13,76.34251189231873
0.9578125,12,76.34592270851135
0.947265625,15,76.34991598129272
0.954296875,13,76.35334086418152
0.96484375,10,76.35623788833618
0.954296875,13,76.35972690582275
0.954296875,13,76.36320781707764
0.94375,16,76.36758303642273
0.940234375,17,76.37210297584534
0.961328125,11,76.37536287307739
0.954296875,13,76.37874794006348
0.96484375,10,76.38136696815491
0.961328125,11,76.38425970077515
0.954296875,13,76.38786792755127
0.95078125,14,76.3917350769043
0.94375,16,76.39604187011719
0.961328125,11,76.39905786514282
0.96484375,10,76.40174794197083
0.947265625,15,76.40589904785156
0.96484375,10,76.40870404243469
-1,6,76.41053795814514
0.961328125,11,76.4134829044342
0.96484375,10,76.41600370407104
0.954296875,13,76.41946697235107
0.954296875,13,76.42311787605286
0.96484375,10,76.42591691017151
0.947265625,15,76.42992091178894
0.96484375,10,76.43239712715149
0.961328125,11,76.43579292297363
0.95078125,14,76.43961095809937
0.940234375,17,76.4438648223877
0.96484375,10,76.44665503501892
0.9578125,12,76.44974374771118
0.95078125,14,76.45353484153748
0.96484375,10,76.45629000663757
0.9578125,12,76.45946979522705
0.9578125,12,76.46258687973022
-1,15,76.4668197631836
0.954296875,13,76.4701030254364
0.95078125,14,76.47352290153503
0.96484375,10,76.47638893127441
0.96484375,10,76.47933292388916
0.9578125,12,76.48221683502197
0.940234375,17,76.48655581474304
0.95078125,14,76.49031090736389
0.93671875,18,76.49513792991638
0.947265625,15,76.49880599975586
0.9015625,28,76.50625205039978
0.94375,16,76.51049494743347
0.96484375,10,76.5134289264679
0.96484375,10,76.51604676246643
0.9578125,12,76.51919102668762
0.961328125,11,76.52221083641052
0.94375,16,76.52667379379272
0.95078125,14,76.53049874305725
0.94375,16,76.53475999832153
0.961328125,11,76.53793096542358
0.96484375,10,76.54078078269958
0.96484375,10,76.54340100288391
0.9015625,28,76.55069375038147
0.954296875,13,76.55414295196533
0.954296875,13,76.55773997306824
0.954296875,13,76.56109285354614
0.961328125,11,76.56404495239258
0.926171875,21,76.56945085525513
0.954296875,13,76.57304191589355
0.947265625,15,76.57698106765747
-1,4,76.57838177680969
0.96484375,10,76.58137702941895
0.96484375,10,76.58460593223572
0.9578125,12,76.58845376968384
0.96484375,10,76.5914409160614
0.96484375,10,76.59403705596924
0.96484375,10,76.59678173065186
0.954296875,13,76.60050368309021
0.954296875,13,76.60481190681458
0.961328125,11,76.60847592353821
0.96484375,10,76.61138367652893
0.95078125,14,76.61630702018738
0.954296875,13,76.62017583847046
0.9578125,12,76.6233537197113
0.940234375,17,76.6280357837677
0.9578125,12,76.63146805763245
0.96484375,10,76.63488578796387
0.961328125,11,76.63808107376099
0.961328125,11,76.64122176170349
0.954296875,13,76.64453506469727
0.96484375,10,76.64765906333923
0.96484375,10,76.65122580528259
0.9296875,20,76.65676283836365
0.96484375,10,76.65957498550415
-1,1,76.66017985343933
-1,1,76.66060185432434
0.96484375,10,76.66334795951843
0.95078125,14,76.66769480705261
0.93671875,18,76.67226481437683
0.954296875,13,76.67599582672119
0.96484375,10,76.67858695983887
0.9578125,12,76.68204069137573
0.96484375,10,76.68548083305359
0.96484375,10,76.68840599060059
0.9578125,12,76.69164085388184
0.961328125,11,76.69459891319275
0.95078125,14,76.69879198074341
0.961328125,11,76.70214986801147
0.96484375,10,76.7047598361969
0.9578125,12,76.70827794075012
0.9578125,12,76.7115228176117
0.961328125,11,76.71443104743958
0.947265625,15,76.71863675117493
0.96484375,10,76.7213807106018
-1,1,76.72187685966492
0.9578125,12,76.72540068626404
0.96484375,10,76.72801780700684
-1,12,76.7313940525055
0.96484375,10,76.73438692092896
0.954296875,13,76.73864769935608
0.947265625,15,76.7432279586792
0.940234375,17,76.74770379066467
0.92265625,22,76.75384283065796
0.940234375,17,76.75849795341492
0.961328125,11,76.7616639137268
0.96484375,10,76.76449584960938
0.961328125,11,76.76760077476501
0.93671875,18,76.77223610877991
0.9578125,12,76.77575302124023
0.961328125,11,76.77869486808777
0.9578125,12,76.78204488754272
0.954296875,13,76.78559184074402
0.9578125,12,76.78885388374329
0.96484375,10,76.79161500930786
0.947265625,15,76.79557204246521
0.961328125,11,76.7987380027771
0.9578125,12,76.80206489562988
0.954296875,13,76.80552291870117
0.94375,16,76.81023097038269
0.947265625,15,76.81402397155762
0.96484375,10,76.81670093536377
0.96484375,10,76.81951594352722
0.9578125,12,76.82302188873291
0.94375,16,76.82729291915894
0.961328125,11,76.83018279075623
0.940234375,17,76.83470892906189
0.961328125,11,76.8378849029541
0.933203125,19,76.842768907547
0.9578125,12,76.84608101844788
0.96484375,10,76.84929895401001
0.9578125,12,76.85226798057556
0.947265625,15,76.85686182975769
0.954296875,13,76.86037588119507
0.954296875,13,76.86361289024353
0.940234375,17,76.86788773536682
0.933203125,19,76.87333679199219
0.9578125,12,76.87677597999573
0.947265625,15,76.880863904953
0.933203125,19,76.8864688873291
0.947265625,15,76.89056992530823
0.954296875,13,76.89405179023743
0.9578125,12,76.89751076698303
-1,1,76.89802885055542
0.94375,16,76.90230679512024
0.947265625,15,76.9064257144928
0.933203125,19,76.91151094436646
0.961328125,11,76.91454482078552
0.9578125,12,76.91796398162842
0.9296875,20,76.92336583137512
0.93671875,18,76.92833471298218
0.93671875,18,76.93349194526672
0.9578125,12,76.93697786331177
0.9578125,12,76.94000005722046
0.95078125,14,76.94412899017334
0.95078125,14,76.94794988632202
0.9578125,12,76.95122694969177
0.961328125,11,76.95419597625732
0.96484375,10,76.95758986473083
0.94375,16,76.96167588233948
0.96484375,10,76.96458983421326
0.96484375,10,76.96729588508606
0.947265625,15,76.97120189666748
0.9578125,12,76.97425103187561
-1,1,76.97503685951233
-1,14,76.97883701324463
-1,2,76.97962975502014
0.9578125,12,76.98287892341614
0.961328125,11,76.98619604110718
0.96484375,10,76.98879289627075
0.96484375,10,76.99178886413574
0.9578125,12,76.99503588676453
0.9578125,12,76.99833703041077
0.9578125,12,77.00149774551392
0.95078125,14,77.00523090362549
0.9296875,20,77.01031184196472
0.96484375,10,77.0130717754364
0.961328125,11,77.01597285270691
0.919140625,23,77.02194690704346
0.96484375,10,77.02472400665283
0.96484375,10,77.0274429321289
0.954296875,13,77.03092288970947
0.9578125,12,77.03429889678955
0.940234375,17,77.03921580314636
0.9578125,12,77.04236483573914
0.947265625,15,77.04625201225281
0.96484375,10,77.04921078681946
0.94375,16,77.05319404602051
0.954296875,13,77.0564968585968
0.96484375,10,77.05917596817017
0.9578125,12,77.06285691261292
-1,2,77.06374883651733
0.95078125,14,77.06736278533936
0.940234375,17,77.07219099998474
0.95078125,14,77.07606291770935
0.95078125,14,77.07934188842773
0.947265625,15,77.08382391929626
0.961328125,11,77.08670997619629
0.961328125,11,77.08973693847656
0.95078125,14,77.09348893165588
0.94375,16,77.09815382957458
-1,13,77.10158109664917
0.96484375,10,77.10418891906738
0.9296875,20,77.1092758178711
0.954296875,13,77.11252570152283
0.961328125,11,77.11551594734192
0.919140625,23,77.12192106246948
-1,3,77.12314796447754
0.94375,16,77.12714886665344
0.9578125,12,77.1304919719696
0.9578125,12,77.13376474380493
0.96484375,10,77.13681697845459
0.96484375,10,77.13955187797546
0.954296875,13,77.14281868934631
0.96484375,10,77.1455249786377
0.96484375,10,77.14825868606567
0.96484375,10,77.15090775489807
0.94375,16,77.15511679649353
0.961328125,11,77.15813183784485
0.96484375,10,77.16077899932861
0.9296875,20,77.16608691215515
0.961328125,11,77.16963291168213
0.96484375,10,77.17234468460083
0.96484375,10,77.17507886886597
0.954296875,13,77.17850184440613
0.954296875,13,77.18197083473206
0.96484375,10,77.18465900421143
0.95078125,14,77.18845272064209
0.96484375,10,77.19103789329529
0.933203125,19,77.19682478904724
0.96484375,10,77.19959783554077
0.96484375,10,77.2023618221283
0.96484375,10,77.2056519985199
0.954296875,13,77.20918202400208
-1,2,77.20993089675903
0.95078125,14,77.21357703208923
0.961328125,11,77.21667671203613
0.954296875,13,77.22026872634888
0.96484375,10,77.22283482551575
0.954296875,13,77.22620701789856
0.95078125,14,77.23005175590515
0.96484375,10,77.23289084434509
0.9578125,12,77.23609280586243
0.96484375,10,77.2388527393341
0.96484375,10,77.2416787147522
0.96484375,10,77.24437975883484
0.961328125,11,77.2474308013916
0.9578125,12,77.25079083442688
0.96484375,10,77.25343585014343
0.94375,16,77.25770974159241
0.96484375,10,77.26034092903137
0.96484375,10,77.26311874389648
0.954296875,13,77.2669939994812
0.96484375,10,77.26985883712769
0.96484375,10,77.27264189720154
0.96484375,10,77.27587795257568
0.96484375,10,77.27842378616333
0.96484375,10,77.28090906143188
0.940234375,17,77.28534507751465
-1,1,77.28576493263245
0.926171875,21,77.29114484786987
0.9578125,12,77.29438900947571
0.96484375,10,77.29720711708069
0.954296875,13,77.30045485496521
0.94375,16,77.30448794364929
0.96484375,10,77.30727767944336
0.93671875,18,77.31183290481567
-1,6,77.31409287452698
0.954296875,13,77.3182909488678
0.94375,16,77.32300686836243
0.95078125,14,77.32698702812195
0.93671875,18,77.3317449092865
0.961328125,11,77.33460187911987
0.954296875,13,77.33801293373108
0.9578125,12,77.34137177467346
0.947265625,15,77.3450698852539
0.947265625,15,77.34921288490295
0.947265625,15,77.35289287567139
0.954296875,13,77.35638666152954
0.95078125,14,77.36002779006958
0.947265625,15,77.36401581764221
0.954296875,13,77.36770582199097
0.961328125,11,77.37077283859253
0.915625,24,77.37664484977722
0.95078125,14,77.38081574440002
0.940234375,17,77.38527798652649
-1,2,77.38603377342224
0.96484375,10,77.38866186141968
0.933203125,19,77.39341688156128
0.96484375,10,77.39604306221008
0.947265625,15,77.40019202232361
0.961328125,11,77.40320992469788
0.95078125,14,77.40701484680176
0.919140625,23,77.41328883171082
0.96484375,10,77.4163658618927
0.96484375,10,77.41931390762329
0.954296875,13,77.42268896102905
-1,4,77.42391681671143
0.96484375,10,77.42642784118652
0.9578125,12,77.4296886920929
0.947265625,15,77.43361902236938
0.940234375,17,77.43797993659973
0.96484375,10,77.4407160282135
0.93671875,18,77.4453477859497
0.961328125,11,77.44838404655457
0.954296875,13,77.45189785957336
0.9578125,12,77.45538687705994
0.96484375,10,77.45811986923218
0.96484375,10,77.46094489097595
0.947265625,15,77.46504783630371
0.96484375,10,77.46776294708252
0.96484375,10,77.47042489051819
0.947265625,15,77.47416877746582
0.961328125,11,77.47723889350891
0.954296875,13,77.48106980323792
0.9578125,12,77.48452877998352
0.9578125,12,77.48829078674316
0.9296875,20,77.49397873878479
0.9578125,12,77.49712204933167
0.954296875,13,77.50068187713623
0.940234375,17,77.5053358078003
0.92265625,22,77.51162600517273
0.96484375,10,77.51451182365417
0.9578125,12,77.517746925354
0.954296875,13,77.52129292488098
0.954296875,13,77.52491807937622
0.92265625,22,77.53112387657166
0.96484375,10,77.53392696380615
0.954296875,13,77.53746891021729
0.961328125,11,77.5406129360199
0.96484375,10,77.54341793060303
0.961328125,11,77.54646682739258
0.96484375,10,77.54920506477356
0.92265625,22,77.55556392669678
0.96484375,10,77.55907392501831
0.9578125,12,77.56240391731262
0.954296875,13,77.56613779067993
0.96484375,10,77.5687108039856
0.96484375,10,77.57143688201904
0.954296875,13,77.57485008239746
0.961328125,11,77.57782506942749
0.954296875,13,77.58152198791504
0.954296875,13,77.58524179458618
0.95078125,14,77.58938694000244
0.95078125,14,77.5933678150177
0.93671875,18,77.59837579727173
0.96484375,10,77.60105586051941
0.954296875,13,77.60442185401917
0.96484375,10,77.60733485221863
0.961328125,11,77.61042785644531
0.95078125,14,77.61405181884766
0.96484375,10,77.61685490608215
0.961328125,11,77.62017107009888
0.9578125,12,77.62375712394714
0.961328125,11,77.62699389457703
0.9578125,12,77.63063883781433
0.96484375,10,77.63355588912964
0.96484375,10,77.63631796836853
0.9578125,12,77.63960981369019
0.96484375,10,77.64245080947876
0.96484375,10,77.64516305923462
0.947265625,15,77.64918684959412
0.954296875,13,77.65286183357239
0.96484375,10,77.65578293800354
0.961328125,11,77.65892791748047
0.961328125,11,77.66233587265015
0.94375,16,77.66714286804199
0.95078125,14,77.67114496231079
0.96484375,10,77.67471885681152
0.96484375,10,77.67785096168518
0.96484375,10,77.68117785453796
0.961328125,11,77.68516302108765
0.954296875,13,77.68992900848389
0.9578125,12,77.69495892524719
0.961328125,11,77.69889688491821
0.95078125,14,77.70333075523376
0.961328125,11,77.70673990249634
0.961328125,11,77.71136093139648
0.95078125,14,77.71744680404663
0.9578125,12,77.72179198265076
0.947265625,15,77.72597408294678
0.954296875,13,77.72999405860901
0.961328125,11,77.73302292823792
0.947265625,15,77.73703193664551
0.95078125,14,77.74137592315674
0.9578125,12,77.74476289749146
0.954296875,13,77.74845004081726
0.940234375,17,77.75345993041992
0.96484375,10,77.7563488483429
-1,9,77.75908994674683
0.954296875,13,77.7626678943634
-1,1,77.76317691802979
0.9578125,12,77.76646494865417
0.9578125,12,77.76986694335938
0.95078125,14,77.7736268043518
-1,7,77.77574491500854
0.96484375,10,77.77868294715881
0.961328125,11,77.78509902954102
0.96484375,10,77.78788304328918
0.96484375,10,77.79056286811829
0.9578125,12,77.79438495635986
0.95078125,14,77.80061483383179
0.961328125,11,77.80640482902527
0.954296875,13,77.8116500377655
0.961328125,11,77.81567287445068
0.961328125,11,77.82100296020508
0.96484375,10,77.82500100135803
0.96484375,10,77.82977986335754
0.95078125,14,77.83601999282837
0.96484375,10,77.84161591529846
0.961328125,11,77.84597992897034
0.96484375,10,77.85093879699707
0.940234375,17,77.85720586776733
0.96484375,10,77.8615288734436
0.940234375,17,77.86707186698914
0.9578125,12,77.87390685081482
0.926171875,21,77.88045477867126
0.954296875,13,77.88402795791626
0.9578125,12,77.88734173774719
0.96484375,10,77.8904960155487
0.93671875,18,77.89527678489685
0.93671875,18,77.90031099319458
0.96484375,10,77.90333271026611
0.9578125,12,77.90763974189758
0.912109375,25,77.91460680961609
0.9578125,12,77.91801595687866
0.961328125,11,77.92116689682007
0.95078125,14,77.92514371871948
-1,11,77.9282398223877
0.961328125,11,77.93136382102966
0.9578125,12,77.93540000915527
0.954296875,13,77.9393060207367
0.961328125,11,77.94240379333496
0.961328125,11,77.94553279876709
0.96484375,10,77.94821500778198
0.9578125,12,77.95210289955139
0.95078125,14,77.95599699020386
0.961328125,11,77.95952200889587
0.96484375,10,77.96238589286804
0.954296875,13,77.96681809425354
0.96484375,10,77.96980094909668
0.96484375,10,77.97256970405579
0.9578125,12,77.97622394561768
0.9578125,12,77.97965788841248
0.954296875,13,77.98466992378235
0.961328125,11,77.98823285102844
0.940234375,17,77.9941897392273
0.95078125,14,77.99808692932129
0.961328125,11,78.0012629032135
0.940234375,17,78.0058069229126
0.947265625,15,78.01462197303772
0.961328125,11,78.02284073829651
0.96484375,10,78.0274019241333
0.9578125,12,78.03204393386841
0.961328125,11,78.03769493103027
0.954296875,13,78.04287099838257
0.9578125,12,78.04678392410278
0.96484375,10,78.05130791664124
0.94375,16,78.05880689620972
0.9296875,20,78.06693577766418
0.961328125,11,78.0727207660675
0.9578125,12,78.07798194885254
0.940234375,17,78.08345794677734
0.94375,16,78.08953189849854
0.94375,16,78.09405088424683
0.95078125,14,78.10013008117676
0.961328125,11,78.10610365867615
0.9578125,12,78.11243295669556
0.961328125,11,78.11655402183533
0.96484375,10,78.1212170124054
0.9578125,12,78.12597680091858
0.947265625,15,78.1306939125061
0.961328125,11,78.13404083251953
-1,13,78.13828468322754
0.94375,16,78.14254689216614
0.954296875,13,78.14625096321106
0.96484375,10,78.14903402328491
0.954296875,13,78.15290975570679
0.95078125,14,78.15733098983765
0.94375,16,78.16168880462646
0.961328125,11,78.16478490829468
0.9578125,12,78.16817998886108
0.954296875,13,78.17171883583069
0.9578125,12,78.1753158569336
0.96484375,10,78.17812299728394
0.961328125,11,78.18130302429199
0.9578125,12,78.18471789360046
0.96484375,10,78.18747091293335
0.96484375,10,78.19012570381165
0.96484375,10,78.19280004501343
0.954296875,13,78.19620680809021
0.95078125,14,78.20080280303955
0.96484375,10,78.20411276817322
0.96484375,10,78.20737290382385
0.96484375,10,78.21007680892944
0.96484375,10,78.21274280548096
0.9578125,12,78.21589088439941
0.954296875,13,78.21973204612732
0.96484375,10,78.22251391410828
0.96484375,10,78.22567701339722
0.94375,16,78.23018980026245
0.954296875,13,78.23390889167786
0.9578125,12,78.23729991912842
0.96484375,10,78.24059987068176
0.96484375,10,78.24367380142212
-1,14,78.24803185462952
0.961328125,11,78.25131487846375
-1,9,78.25460195541382
0.9578125,12,78.25792384147644
0.96484375,10,78.26077079772949
0.96484375,10,78.26383376121521
0.96484375,10,78.26657295227051
0.915625,24,78.27327370643616
0.954296875,13,78.27675294876099
0.940234375,17,78.28167986869812
0.961328125,11,78.28491497039795
0.9578125,12,78.28846287727356
0.93671875,18,78.29494976997375
0.940234375,17,78.30013489723206
-1,12,78.30360388755798
0.95078125,14,78.30771207809448
0.9578125,12,78.31085681915283
0.961328125,11,78.31361389160156
0.9578125,12,78.31673383712769
0.9296875,20,78.32208800315857
0.947265625,15,78.32622003555298
0.954296875,13,78.33101487159729
0.96484375,10,78.33389806747437
0.961328125,11,78.33701491355896
0.95078125,14,78.34112286567688
0.961328125,11,78.34428691864014
0.96484375,10,78.34711289405823
0.96484375,10,78.35026574134827
0.954296875,13,78.35401177406311
0.940234375,17,78.35842370986938
0.9578125,12,78.36197686195374
0.954296875,13,78.36571979522705
0.961328125,11,78.3691017627716
0.96484375,10,78.3720440864563
0.947265625,15,78.3759937286377
0.93671875,18,78.38050675392151
0.95078125,14,78.38449382781982
0.95078125,14,78.38817095756531
0.96484375,10,78.39075303077698
0.9578125,12,78.3943088054657
0.9578125,12,78.39762687683105
0.947265625,15,78.40229296684265
0.9578125,12,78.40545797348022
0.95078125,14,78.4094648361206
0.94375,16,78.41380572319031
0.94375,16,78.41833972930908
-1,1,78.41880488395691
0.9578125,12,78.4222059249878
0.96484375,10,78.4249517917633
0.954296875,13,78.42845487594604
0.961328125,11,78.43184995651245
0.961328125,11,78.43528199195862
0.961328125,11,78.43823099136353
0.961328125,11,78.44103384017944
0.940234375,17,78.44536089897156
0.9578125,12,78.44876384735107
0.961328125,11,78.45158290863037
0.96484375,10,78.45444583892822
0.9578125,12,78.45841789245605
0.94375,16,78.46315598487854
0.96484375,10,78.46578097343445
0.9296875,20,78.47088694572449
0.9578125,12,78.47411775588989
0.96484375,10,78.47685194015503
0.95078125,14,78.4808578491211
0.96484375,10,78.48357677459717
-1,4,78.48514103889465
0.940234375,17,78.48979997634888
0.947265625,15,78.49409985542297
0.954296875,13,78.4975528717041
0.883984375,33,78.50585889816284
0.95078125,14,78.50958395004272
0.947265625,15,78.5137710571289
0.96484375,10,78.5167019367218
0.954296875,13,78.52024507522583
0.96484375,10,78.52301597595215
0.96484375,10,78.52585482597351
0.961328125,11,78.52896285057068
0.96484375,10,78.53156304359436
0.96484375,10,78.53455901145935
0.93671875,18,78.54017090797424
0.96484375,10,78.5432608127594
0.96484375,10,78.54603791236877
0.954296875,13,78.5495617389679
0.96484375,10,78.55215096473694
0.954296875,13,78.55573081970215
0.947265625,15,78.56026077270508
0.96484375,10,78.56335997581482
0.95078125,14,78.56780290603638
0.954296875,13,78.57158303260803
-1,1,78.572194814682
0.947265625,15,78.57625198364258
0.95078125,14,78.58002781867981
0.94375,16,78.5845320224762
0.90859375,26,78.59121203422546
0.961328125,11,78.59423685073853
0.954296875,13,78.5978376865387
0.96484375,10,78.60067486763
0.9578125,12,78.60415482521057
-1,1,78.60482692718506
0.947265625,15,78.60912108421326
0.9296875,20,78.61463189125061
0.9578125,12,78.6179609298706
0.954296875,13,78.62126994132996
0.954296875,13,78.6248550415039
0.96484375,10,78.62768888473511
0.96484375,10,78.63057899475098
0.9578125,12,78.63398098945618
0.947265625,15,78.63783097267151
0.954296875,13,78.64147472381592
0.9296875,20,78.64694786071777
0.954296875,13,78.65055108070374
0.94375,16,78.65492510795593
0.9578125,12,78.6582419872284
0.93671875,18,78.66305208206177
0.9578125,12,78.66650700569153
0.9578125,12,78.66988801956177
0.9578125,12,78.67296266555786
0.96484375,10,78.67548179626465
0.95078125,14,78.67925000190735
0.9578125,12,78.68247509002686
0.96484375,10,78.68537187576294
0.96484375,10,78.68820285797119
0.933203125,19,78.69337797164917
0.95078125,14,78.69731783866882
0.94375,16,78.70177388191223
0.95078125,14,78.70539283752441
0.9578125,12,78.70872974395752
0.9578125,12,78.71202301979065
0.96484375,10,78.71522307395935
0.9578125,12,78.7190089225769
0.96484375,10,78.72170686721802
0.96484375,10,78.72474384307861
0.940234375,17,78.72924375534058
0.954296875,13,78.73282289505005
0.961328125,11,78.73611187934875
0.933203125,19,78.74163794517517
0.96484375,10,78.74440598487854
0.961328125,11,78.74744391441345
0.954296875,13,78.75085282325745
0.9578125,12,78.75445199012756
0.961328125,11,78.75780296325684
0.9578125,12,78.76127791404724
0.96484375,10,78.76427602767944
0.96484375,10,78.77000188827515
0.96484375,10,78.77437686920166
0.933203125,19,78.78574180603027
0.947265625,15,78.78971076011658
0.95078125,14,78.79364395141602
0.947265625,15,78.79737591743469
0.961328125,11,78.8007218837738
0.933203125,19,78.80570793151855
0.96484375,10,78.80860686302185
0.954296875,13,78.81495881080627
0.954296875,13,78.82264590263367
0.95078125,14,78.82943892478943
0.9578125,12,78.83266472816467
0.95078125,14,78.83815503120422
0.95078125,14,78.8420798778534
0.947265625,15,78.84631299972534
0.9578125,12,78.8503348827362
0.933203125,19,78.8590829372406
0.94375,16,78.86755394935608
0.954296875,13,78.8723509311676
0.96484375,10,78.87503576278687
0.961328125,11,78.87783598899841
0.96484375,10,78.88059186935425
0.96484375,10,78.88339591026306
0.9578125,12,78.88639283180237
0.96484375,10,78.8891589641571
0.94375,16,78.893385887146
0.926171875,21,78.89881873130798
-1,1,78.89945602416992
0.961328125,11,78.90249180793762
0.96484375,10,78.90550875663757
0.96484375,10,78.90843987464905
0.95078125,14,78.91209983825684
0.96484375,10,78.91492772102356
0.94375,16,78.91917181015015
0.96484375,10,78.92213582992554
0.96484375,10,78.92502093315125
0.96484375,10,78.92778968811035
0.95078125,14,78.93133783340454
0.940234375,17,78.9356119632721
0.94375,16,78.94039678573608
0.95078125,14,78.94429087638855
0.96484375,10,78.94752788543701
0.940234375,17,78.95186376571655
0.95078125,14,78.95592188835144
0.96484375,10,78.9587938785553
0.954296875,13,78.9625678062439
0.96484375,10,78.96526789665222
0.940234375,17,78.97051978111267
-1,2,78.9714367389679
0.954296875,13,78.9752938747406
0.940234375,17,78.98015904426575
-1,1,78.98074984550476
0.94375,16,78.98513102531433
-1,8,78.98774790763855
0.94375,16,78.99241876602173
0.954296875,13,78.99677896499634
0.93671875,18,79.00186586380005
0.954296875,13,79.00685286521912
0.933203125,19,79.01187896728516
0.96484375,10,79.01504492759705
0.954296875,13,79.01985478401184
0.961328125,11,79.02419471740723
-1,7,79.02701783180237
0.9578125,12,79.03148078918457
0.96484375,10,79.03460478782654
0.96484375,10,79.03873491287231
0.954296875,13,79.04435682296753
0.9578125,12,79.04878282546997
0.954296875,13,79.05398893356323
0.954296875,13,79.05912709236145
0.919140625,23,79.06787776947021
0.92265625,22,79.0733208656311
0.954296875,13,79.07672500610352
0.947265625,15,79.08135390281677
-1,10,79.0850179195404
0.933203125,19,79.09177875518799
0.940234375,17,79.09807682037354
0.947265625,15,79.1033079624176
0.961328125,11,79.1061339378357
0.961328125,11,79.10898995399475
0.96484375,10,79.11245703697205
0.961328125,11,79.11692690849304
-1,1,79.11750984191895
0.947265625,15,79.12115406990051
0.9578125,12,79.1269018650055
0.954296875,13,79.13047504425049
0.9578125,12,79.13381576538086
0.947265625,15,79.13818788528442
0.9578125,12,79.14192795753479
0.954296875,13,79.14556694030762
0.94375,16,79.14951992034912
0.961328125,11,79.15260601043701
0.93671875,18,79.15764999389648
0.95078125,14,79.16120290756226
0.93671875,18,79.16580986976624
0.96484375,10,79.16862487792969
0.954296875,13,79.17276692390442
0.961328125,11,79.17607092857361
0.95078125,14,79.18037581443787
0.94375,16,79.18454504013062
0.94375,16,79.18903589248657
0.95078125,14,79.19330477714539
0.96484375,10,79.19603681564331
0.95078125,14,79.20017576217651
0.9578125,12,79.20381784439087
0.93671875,18,79.20909786224365
0.93671875,18,79.21386694908142
0.947265625,15,79.2182207107544
-1,2,79.2192177772522
0.926171875,21,79.22442388534546
0.96484375,10,79.22725892066956
-1,16,79.2319598197937
0.9578125,12,79.2351770401001
0.9578125,12,79.23858380317688
0.94375,16,79.24322199821472
0.9578125,12,79.24660587310791
0.961328125,11,79.24958801269531
0.961328125,11,79.25262999534607
0.95078125,14,79.25634002685547
0.9578125,12,79.2600748538971
0.961328125,11,79.26483678817749
0.95078125,14,79.27080082893372
0.9578125,12,79.2743330001831
0.95078125,14,79.27815699577332
0.96484375,10,79.28080892562866
0.954296875,13,79.2889358997345
0.9578125,12,79.2940149307251
-1,5,79.29710102081299
0.947265625,15,79.30409979820251
0.95078125,14,79.31114292144775
0.96484375,10,79.31480193138123
0.96484375,10,79.31928491592407
0.954296875,13,79.32377696037292
-1,1,79.32447004318237
0.96484375,10,79.3280827999115
0.961328125,11,79.33230090141296
0.9578125,12,79.33678889274597
0.96484375,10,79.3409469127655
0.961328125,11,79.34477591514587
0.954296875,13,79.34980893135071
0.96484375,10,79.35357069969177
0.947265625,15,79.35844683647156
0.9578125,12,79.36380386352539
0.961328125,11,79.36809873580933
0.961328125,11,79.3758180141449
0.92265625,22,79.3839979171753
0.947265625,15,79.38855385780334
0.9578125,12,79.39198184013367
0.9578125,12,79.39529299736023
0.9578125,12,79.3987557888031
0.96484375,10,79.40165495872498
0.961328125,11,79.4048159122467
0.96484375,10,79.40804982185364
-1,1,79.40860295295715
0.9296875,20,79.41412878036499
0.954296875,13,79.41776490211487
-1,1,79.41826891899109
0.961328125,11,79.42133498191833
0.96484375,10,79.42408394813538
0.96484375,10,79.4268798828125
0.961328125,11,79.4301209449768
0.9578125,12,79.43332099914551
0.9578125,12,79.43647575378418
0.947265625,15,79.44060802459717
0.954296875,13,79.44414377212524
0.9578125,12,79.44733691215515
0.96484375,10,79.45007109642029
0.961328125,11,79.45329880714417
0.961328125,11,79.45671391487122
0.9578125,12,79.45984482765198
0.954296875,13,79.46332597732544
0.9578125,12,79.46690797805786
0.93671875,18,79.47202777862549
0.940234375,17,79.47706174850464
0.96484375,10,79.4800009727478
0.947265625,15,79.4840567111969
0.9578125,12,79.48751378059387
0.9578125,12,79.49156308174133
-1,8,79.49395394325256
0.961328125,11,79.49709486961365
0.954296875,13,79.50064373016357
0.96484375,10,79.50339674949646
0.926171875,21,79.50887084007263
0.95078125,14,79.51278591156006
0.961328125,11,79.5161988735199
0.96484375,10,79.51908302307129
0.96484375,10,79.5217080116272
0.954296875,13,79.52516102790833
0.961328125,11,79.52829170227051
0.96484375,10,79.53112387657166
0.961328125,11,79.53397989273071
0.95078125,14,79.53778386116028
0.9578125,12,79.54102492332458
0.954296875,13,79.5446388721466
0.961328125,11,79.54833269119263
-1,1,79.54889702796936
0.96484375,10,79.5517897605896
0.9578125,12,79.5553069114685
0.961328125,11,79.55845975875854
0.9578125,12,79.56182789802551
0.961328125,11,79.56474184989929
0.954296875,13,79.56827688217163
0.9578125,12,79.57161498069763
0.9578125,12,79.57552790641785
0.954296875,13,79.57915687561035
0.947265625,15,79.58315968513489
0.954296875,13,79.58658695220947
0.96484375,10,79.58927178382874
0.961328125,11,79.59234690666199
0.9578125,12,79.59616208076477
0.954296875,13,79.59993505477905
0.96484375,10,79.60279607772827
0.96484375,10,79.60544991493225
0.95078125,14,79.6095278263092
0.95078125,14,79.61331105232239
0.96484375,10,79.61599802970886
0.961328125,11,79.61941194534302
0.9296875,20,79.62504076957703
0.96484375,10,79.62777972221375
0.96484375,10,79.6303927898407
0.954296875,13,79.63421177864075
0.947265625,15,79.6381528377533
0.9578125,12,79.64139080047607
0.9578125,12,79.64494109153748
0.961328125,11,79.64798903465271
0.961328125,11,79.65125489234924
0.9578125,12,79.65466284751892
-1,10,79.65780305862427
0.9578125,12,79.66097474098206
0.961328125,11,79.66382789611816
0.96484375,10,79.66644501686096
0.93671875,18,79.67105984687805
0.933203125,19,79.67622494697571
0.96484375,10,79.6791398525238
0.9578125,12,79.68252396583557
0.96484375,10,79.68536877632141
0.9296875,20,79.69114589691162
0.94375,16,79.69569492340088
0.961328125,11,79.69912981987
0.95078125,14,79.70276880264282
0.93671875,18,79.70754384994507
0.961328125,11,79.71042585372925
0.96484375,10,79.71301293373108
0.961328125,11,79.71615386009216
0.947265625,15,79.72032284736633
-1,7,79.72243881225586
0.92265625,22,79.72814393043518
0.940234375,17,79.73268985748291
0.961328125,11,79.73553991317749
0.94375,16,79.73989200592041
0.96484375,10,79.74269700050354
0.96484375,10,79.74543476104736
0.954296875,13,79.7490906715393
0.95078125,14,79.75311279296875
0.96484375,10,79.75585675239563
0.961328125,11,79.75890684127808
0.954296875,13,79.76208281517029
0.954296875,13,79.76561880111694
0.9578125,12,79.76874804496765
0.961328125,11,79.77170896530151
0.95078125,14,79.77555584907532
0.9578125,12,79.77881979942322
0.96484375,10,79.78140902519226
0.9578125,12,79.78464889526367
0.961328125,11,79.7876489162445
0.96484375,10,79.79046773910522
0.947265625,15,79.79443979263306
0.96484375,10,79.7972469329834
0.95078125,14,79.80088400840759
0.96484375,10,79.80335092544556
0.96484375,10,79.80628991127014
0.947265625,15,79.81045389175415
0.961328125,11,79.8136818408966
0.947265625,15,79.81785297393799
0.96484375,10,79.82092499732971
0.954296875,13,79.82488870620728
0.961328125,11,79.82770776748657
0.94375,16,79.83210277557373
0.954296875,13,79.83578586578369
0.961328125,11,79.83876395225525
0.954296875,13,79.84233093261719
0.95078125,14,79.84618878364563
0.96484375,10,79.84911489486694
0.96484375,10,79.85183691978455
0.95078125,14,79.8557379245758
0.9578125,12,79.85906481742859
0.9578125,12,79.86211395263672
0.96484375,10,79.86481881141663
0.95078125,14,79.8685929775238
0.954296875,13,79.87213897705078
0.961328125,11,79.87505197525024
0.947265625,15,79.87902069091797
0.961328125,11,79.88210582733154
0.954296875,13,79.88572907447815
0.947265625,15,79.88963675498962
0.961328125,11,79.89284586906433
0.95078125,14,79.89664006233215
0.96484375,10,79.8996479511261
0.95078125,14,79.9035267829895
0.96484375,10,79.90652084350586
0.9578125,12,79.9096028804779
0.96484375,10,79.9122519493103
-1,1,79.91293692588806
0.95078125,14,79.91687297821045
0.9578125,12,79.92035984992981
0.95078125,14,79.9246678352356
0.96484375,10,79.92752003669739
0.96484375,10,79.9304838180542
0.961328125,11,79.93366885185242
0.96484375,10,79.93632578849792
0.9578125,12,79.93949890136719
0.96484375,10,79.94239592552185
0.947265625,15,79.94646978378296
0.95078125,14,79.95051789283752
0.9578125,12,79.95381283760071
0.96484375,10,79.95662379264832
0.9578125,12,79.95986104011536
0.926171875,21,79.96570706367493
0.9578125,12,79.96914291381836
0.96484375,10,79.97197794914246
0.947265625,15,79.97645688056946
0.92265625,22,79.98257279396057
0.96484375,10,79.98549199104309
0.9578125,12,79.98858880996704
0.940234375,17,79.99345779418945
0.95078125,14,79.99703598022461
0.961328125,11,80.000079870224
0.95078125,14,80.00387692451477
0.96484375,10,80.0064787864685
0.961328125,11,80.00924181938171
0.947265625,15,80.01335787773132
0.947265625,15,80.01773476600647
0.940234375,17,80.02326774597168
0.961328125,11,80.02698969841003
0.9578125,12,80.03037476539612
0.95078125,14,80.03401398658752
0.96484375,10,80.03656601905823
0.915625,24,80.04323291778564
0.94375,16,80.0479028224945
0.96484375,10,80.05066800117493
0.96484375,10,80.05336093902588
0.940234375,17,80.0578339099884
0.961328125,11,80.06076788902283
0.94375,16,80.06522989273071
0.96484375,10,80.06809401512146
-1,1,80.06861066818237
0.96484375,10,80.07149887084961
0.940234375,17,80.07622385025024
0.95078125,14,80.08020305633545
0.9578125,12,80.08354997634888
0.961328125,11,80.08660674095154
0.961328125,11,80.08968710899353
0.954296875,13,80.0933768749237
0.947265625,15,80.09722590446472
0.9578125,12,80.1006908416748
0.933203125,19,80.10574579238892
0.95078125,14,80.1093258857727
0.947265625,15,80.1136748790741
0.947265625,15,80.1174647808075
-1,2,80.1181628704071
0.94375,16,80.12209367752075
0.954296875,13,80.1260449886322
0.96484375,10,80.12884306907654
-1,1,80.12941694259644
0.9578125,12,80.13244891166687
0.940234375,17,80.13697981834412
0.93671875,18,80.1422951221466
0.96484375,10,80.14511108398438
0.954296875,13,80.14885187149048
0.9578125,12,80.1521987915039
0.95078125,14,80.15577602386475
0.96484375,10,80.15839576721191
0.961328125,11,80.16136384010315
0.9296875,20,80.16671681404114
0.940234375,17,80.17132592201233
0.961328125,11,80.17446494102478
0.940234375,17,80.17891001701355
0.96484375,10,80.18158888816833
0.940234375,17,80.1861879825592
0.96484375,10,80.18910002708435
0.954296875,13,80.19308996200562
0.954296875,13,80.19677686691284
0.96484375,10,80.19954895973206
0.933203125,19,80.20532989501953
0.9578125,12,80.2087938785553
0.96484375,10,80.21146893501282
0.961328125,11,80.21452069282532
0.9578125,12,80.21780896186829
0.96484375,10,80.22036504745483
0.96484375,10,80.22298192977905
0.9578125,12,80.22622394561768
0.95078125,14,80.23025107383728
0.95078125,14,80.23399090766907
0.95078125,14,80.23777890205383
0.933203125,19,80.24337267875671
-1,11,80.24635291099548
0.95078125,14,80.25030779838562
0.9578125,12,80.25369501113892
0.9578125,12,80.25697684288025
0.96484375,10,80.25991296768188
0.96484375,10,80.26261496543884
0.9296875,20,80.26812601089478
0.954296875,13,80.27191185951233
0.9578125,12,80.27555394172668
-1,3,80.27658796310425
-1,1,80.27699780464172
0.912109375,25,80.2836389541626
0.954296875,13,80.2878007888794
0.9578125,12,80.29118490219116
0.96484375,10,80.29393196105957
0.954296875,13,80.29761576652527
0.947265625,15,80.30212187767029
0.93671875,18,80.30711507797241
0.94375,16,80.31141495704651
0.96484375,10,80.31392288208008
0.954296875,13,80.31733298301697
0.9578125,12,80.32071876525879
0.96484375,10,80.3236448764801
0.95078125,14,80.32742404937744
0.96484375,10,80.33012890815735
0.954296875,13,80.33361387252808
0.947265625,15,80.33810472488403
0.954296875,13,80.3418219089508
0.947265625,15,80.34573006629944
0.96484375,10,80.34840869903564
0.940234375,17,80.35281586647034
0.90859375,26,80.36031484603882
0.9578125,12,80.3638699054718
0.96484375,10,80.36669683456421
0.961328125,11,80.3697259426117
0.961328125,11,80.37272596359253
0.96484375,10,80.37529969215393
0.9578125,12,80.37837886810303
-1,12,80.38179206848145
-1,6,80.3839099407196
0.96484375,10,80.38655686378479
0.9578125,12,80.38998198509216
0.961328125,11,80.39340686798096
0.947265625,15,80.39841985702515
0.9578125,12,80.40419793128967
0.95078125,14,80.4098448753357
0.96484375,10,80.41263699531555
0.961328125,11,80.41576385498047
0.95078125,14,80.41943502426147
-1,1,80.41993498802185
0.954296875,13,80.42552971839905
0.95078125,14,80.43038392066956
0.96484375,10,80.4350368976593
0.898046875,29,80.44829487800598
0.96484375,10,80.45285391807556
0.9578125,12,80.45741271972656
0.95078125,14,80.46141695976257
0.96484375,10,80.46406292915344
0.933203125,19,80.46888971328735
0.961328125,11,80.4737868309021
-1,5,80.47711992263794
0.96484375,10,80.4809308052063
0.961328125,11,80.48644399642944
0.961328125,11,80.49131393432617
0.947265625,15,80.4979567527771
0.95078125,14,80.50325775146484
0.96484375,10,80.5070698261261
0.940234375,17,80.5121819972992
0.95078125,14,80.51810193061829
0.961328125,11,80.52181100845337
0.95078125,14,80.52770590782166
0.940234375,17,80.53358101844788
-1,1,80.53412103652954
0.947265625,15,80.54032373428345
0.940234375,17,80.54549193382263
0.9578125,12,80.55166792869568
0.954296875,13,80.55653977394104
0.95078125,14,80.56191277503967
0.961328125,11,80.56595301628113
0.947265625,15,80.57241606712341
0.96484375,10,80.5762267112732
0.954296875,13,80.58207392692566
0.947265625,15,80.58798289299011
0.954296875,13,80.59280800819397
-1,8,80.59632587432861
0.9578125,12,80.60132098197937
0.95078125,14,80.60694670677185
0.9578125,12,80.6119339466095
0.954296875,13,80.61635208129883
0.96484375,10,80.6205358505249
0.95078125,14,80.62551879882812
0.954296875,13,80.62896990776062
0.9578125,12,80.63220500946045
0.95078125,14,80.6359589099884
0.94375,16,80.63996887207031
0.940234375,17,80.64388084411621
0.94375,16,80.64805579185486
0.96484375,10,80.65063881874084
0.954296875,13,80.6538758277893
0.96484375,10,80.65693497657776
0.9578125,12,80.66027188301086
0.954296875,13,80.66354775428772
0.96484375,10,80.66628789901733
0.961328125,11,80.66931390762329
0.940234375,17,80.67407584190369
0.961328125,11,80.6771388053894
0.961328125,11,80.6800708770752
0.95078125,14,80.68373894691467
0.95078125,14,80.68718695640564
0.961328125,11,80.69003295898438
0.96484375,10,80.69274091720581
0.96484375,10,80.69530081748962
0.96484375,10,80.69788479804993
0.9578125,12,80.70113205909729
0.96484375,10,80.70380997657776
0.96484375,10,80.70654392242432
0.96484375,10,80.70914888381958
-1,12,80.71265006065369
0.961328125,11,80.71570992469788
0.9578125,12,80.71905994415283
0.961328125,11,80.72201490402222
0.96484375,10,80.7247040271759
0.947265625,15,80.72875809669495
0.9578125,12,80.73191785812378
0.954296875,13,80.73541688919067
0.9578125,12,80.7385458946228
0.96484375,10,80.74138283729553
0.94375,16,80.74556684494019
0.961328125,11,80.74868893623352
0.9578125,12,80.7518527507782
0.96484375,10,80.75441384315491
0.954296875,13,80.758309841156
0.912109375,25,80.76757669448853
0.95078125,14,80.77191090583801
0.96484375,10,80.77498292922974
0.954296875,13,80.77889490127563
0.9578125,12,80.78508996963501
-1,1,80.78590893745422
0.9578125,12,80.79077196121216
0.947265625,15,80.79635095596313
0.9578125,12,80.80163788795471
0.9578125,12,80.80557489395142
0.961328125,11,80.81008386611938
0.954296875,13,80.81585693359375
0.954296875,13,80.82171082496643
0.940234375,17,80.82811903953552
0.95078125,14,80.83329582214355
0.96484375,10,80.83635306358337
0.96484375,10,80.84009289741516
0.95078125,14,80.84493088722229
0.940234375,17,80.85045099258423
0.96484375,10,80.85433983802795
0.96484375,10,80.85897874832153
0.947265625,15,80.86510992050171
0.96484375,10,80.86780786514282
0.9578125,12,80.87121367454529
-1,10,80.87420392036438
0.961328125,11,80.87711381912231
-1,8,80.87953782081604
0.96484375,10,80.88218379020691
0.96484375,10,80.88465476036072
0.933203125,19,80.88991189002991
-1,2,80.890939950943
0.961328125,11,80.89387702941895
0.96484375,10,80.89637494087219
0.96484375,10,80.89900279045105
0.96484375,10,80.90168595314026
-1,3,80.902822971344
0.954296875,13,80.90612888336182
0.9578125,12,80.90933394432068
0.96484375,10,80.91215896606445
0.954296875,13,80.91564083099365
0.95078125,14,80.91916584968567
0.95078125,14,80.92419981956482
0.93671875,18,80.9289858341217
0.96484375,10,80.93175601959229
0.96484375,10,80.93453693389893
0.9296875,20,80.93989086151123
0.96484375,10,80.94281196594238
0.96484375,10,80.94547295570374
0.9578125,12,80.94842481613159
0.947265625,15,80.952476978302
0.933203125,19,80.95727372169495
0.96484375,10,80.95983481407166
0.9578125,12,80.96282386779785
0.9578125,12,80.96626591682434
0.95078125,14,80.97050380706787
0.961328125,11,80.97341084480286
0.96484375,10,80.97617793083191
-1,5,80.97788381576538
0.961328125,11,80.98091173171997
0.95078125,14,80.9847629070282
0.96484375,10,80.98731684684753
0.95078125,14,80.99121880531311
0.947265625,15,80.99519681930542
0.954296875,13,80.99856686592102
0.940234375,17,81.00332069396973
0.954296875,13,81.00697708129883
0.94375,16,81.01082587242126
0.947265625,15,81.01473307609558
0.961328125,11,81.01788997650146
0.947265625,15,81.02211785316467
0.96484375,10,81.02488780021667
0.954296875,13,81.02879476547241
0.954296875,13,81.03272700309753
0.93671875,18,81.03909873962402
0.94375,16,81.04330801963806
0.95078125,14,81.04730176925659
0.961328125,11,81.0505039691925
0.9578125,12,81.05383396148682
0.95078125,14,81.05795097351074
0.96484375,10,81.06085586547852
0.954296875,13,81.06438994407654
0.954296875,13,81.06826400756836
0.95078125,14,81.0725576877594
0.9578125,12,81.07589387893677
0.93671875,18,81.08086490631104
0.95078125,14,81.0851399898529
0.96484375,10,81.08780193328857
0.954296875,13,81.09148693084717
0.954296875,13,81.09480786323547
0.96484375,10,81.09751081466675
0.954296875,13,81.10105180740356
0.940234375,17,81.10543894767761
0.947265625,15,81.1093099117279
0.92265625,22,81.11470890045166
0.961328125,11,81.11811685562134
0.96484375,10,81.12082004547119
0.954296875,13,81.12433981895447
0.93671875,18,81.12859392166138
0.96484375,10,81.13165783882141
0.912109375,25,81.1382908821106
0.9578125,12,81.14150786399841
0.940234375,17,81.14586400985718
0.9578125,12,81.14964509010315
0.95078125,14,81.15342593193054
0.961328125,11,81.15695691108704
0.93671875,18,81.16237378120422
0.96484375,10,81.16594195365906
0.947265625,15,81.1700828075409
0.940234375,17,81.17500376701355
0.947265625,15,81.17921900749207
0.94375,16,81.18366479873657
0.9578125,12,81.18706893920898
0.9578125,12,81.19085001945496
0.9578125,12,81.19521880149841
0.9578125,12,81.19950890541077
0.954296875,13,81.20489597320557
0.95078125,14,81.21117901802063
0.93671875,18,81.21569490432739
0.96484375,10,81.21843576431274
0.96484375,10,81.22147488594055
0.95078125,14,81.22571182250977
0.9578125,12,81.2289719581604
0.9578125,12,81.23220682144165
0.95078125,14,81.23598170280457
0.96484375,10,81.23857378959656
0.96484375,10,81.24141073226929
0.94375,16,81.24620389938354
0.9578125,12,81.25015187263489
0.94375,16,81.25487995147705
0.95078125,14,81.25884890556335
0.96484375,10,81.26154804229736
0.96484375,10,81.26433491706848
0.95078125,14,81.26790285110474
0.95078125,14,81.2716338634491
0.9578125,12,81.27500486373901
0.9578125,12,81.27811098098755
0.9578125,12,81.2814290523529
-1,13,81.2852349281311
0.9578125,12,81.28881192207336
0.9578125,12,81.29218673706055
0.9578125,12,81.29548692703247
0.954296875,13,81.2991418838501
0.891015625,31,81.30726385116577
0.940234375,17,81.31203889846802
0.954296875,13,81.3155767917633
0.961328125,11,81.3184130191803
0.96484375,10,81.3210768699646
0.883984375,33,81.3299789428711
0.947265625,15,81.33428287506104
0.954296875,13,81.33795189857483
0.961328125,11,81.34081888198853
0.961328125,11,81.34389090538025
0.9578125,12,81.34715604782104
0.961328125,11,81.35006475448608
0.954296875,13,81.35350489616394
0.94375,16,81.35932898521423
0.96484375,10,81.36195302009583
0.94375,16,81.36619186401367
0.954296875,13,81.36988091468811
0.961328125,11,81.37273812294006
0.954296875,13,81.37615275382996
0.961328125,11,81.37923407554626
0.95078125,14,81.3831238746643
0.93671875,18,81.38823199272156
0.954296875,13,81.39168190956116
0.96484375,10,81.39431405067444
0.961328125,11,81.39735770225525
0.94375,16,81.40184593200684
0.954296875,13,81.40576004981995
0.96484375,10,81.40862083435059
0.9578125,12,81.41183686256409
0.961328125,11,81.41500806808472
0.954296875,13,81.41848301887512
0.9578125,12,81.42251586914062
0.961328125,11,81.42618703842163
0.94375,16,81.43090891838074
0.9578125,12,81.43403697013855
0.961328125,11,81.43822169303894
0.940234375,17,81.4426908493042
0.954296875,13,81.44586706161499
0.961328125,11,81.44873285293579
0.9578125,12,81.45216679573059
0.940234375,17,81.45704770088196
0.961328125,11,81.46021580696106
0.95078125,14,81.46442174911499
0.954296875,13,81.46847176551819
0.954296875,13,81.4720368385315
0.96484375,10,81.47491407394409
0.940234375,17,81.47958993911743
0.96484375,10,81.48226189613342
0.954296875,13,81.4859368801117
0.961328125,11,81.48873400688171
0.961328125,11,81.49185299873352
0.954296875,13,81.49515175819397
0.940234375,17,81.5017569065094
0.961328125,11,81.50487303733826
-1,15,81.50959491729736
0.96484375,10,81.51208972930908
0.9578125,12,81.5160539150238
0.961328125,11,81.51941084861755
0.947265625,15,81.52416682243347
0.961328125,11,81.52731490135193
0.95078125,14,81.53174090385437
0.926171875,21,81.53826308250427
0.96484375,10,81.54146885871887
0.96484375,10,81.54416680335999
-1,1,81.5446789264679
0.954296875,13,81.54811596870422
0.96484375,10,81.5509147644043
0.95078125,14,81.5551118850708
0.94375,16,81.55928301811218
0.961328125,11,81.56221580505371
0.96484375,10,81.56483888626099
0.96484375,10,81.56743693351746
0.94375,16,81.57162380218506
0.933203125,19,81.57698583602905
-1,1,81.5776138305664
0.95078125,14,81.58145093917847
0.961328125,11,81.58449578285217
0.94375,16,81.58866786956787
0.961328125,11,81.5917980670929
0.94375,16,81.59602379798889
0.947265625,15,81.6003348827362
0.954296875,13,81.60370683670044
0.9578125,12,81.60704207420349
0.96484375,10,81.60974168777466
0.947265625,15,81.61361002922058
0.961328125,11,81.61669492721558
-1,1,81.61717200279236
0.96484375,10,81.61986684799194
0.947265625,15,81.62363982200623
0.954296875,13,81.62704491615295
0.9578125,12,81.63025999069214
0.96484375,10,81.63278889656067
0.947265625,15,81.63663482666016
0.961328125,11,81.63977599143982
0.96484375,10,81.6423749923706
0.954296875,13,81.64587092399597
0.96484375,10,81.64871788024902
-1,2,81.6496479511261
-1,3,81.65080499649048
0.94375,16,81.6545958518982
0.96484375,10,81.65746593475342
0.96484375,10,81.66039776802063
0.94375,16,81.66462087631226
0.96484375,10,81.66718578338623
0.947265625,15,81.67075204849243
0.96484375,10,81.67362475395203
0.961328125,11,81.67676901817322
0.940234375,17,81.68156790733337
0.954296875,13,81.6851818561554
0.954296875,13,81.68886995315552
0.954296875,13,81.69226384162903
0.9578125,12,81.69535779953003
0.926171875,21,81.70150876045227
0.9578125,12,81.70479893684387
0.9578125,12,81.70823502540588
0.96484375,10,81.71118783950806
0.96484375,10,81.71390986442566
0.96484375,10,81.71657490730286
0.947265625,15,81.72051572799683
0.96484375,10,81.72329497337341
0.95078125,14,81.72706580162048
0.940234375,17,81.73131275177002
0.95078125,14,81.73515892028809
0.9578125,12,81.73857378959656
0.954296875,13,81.7423369884491
0.947265625,15,81.74624109268188
0.961328125,11,81.74927997589111
0.94375,16,81.75350284576416
-1,2,81.75420689582825
0.96484375,10,81.75694680213928
0.947265625,15,81.76085090637207
0.9578125,12,81.7640688419342
0.954296875,13,81.76744604110718
0.96484375,10,81.77013182640076
0.912109375,25,81.77710008621216
-1,8,81.77969789505005
0.954296875,13,81.78348278999329
0.940234375,17,81.78835105895996
0.940234375,17,81.79305386543274
0.95078125,14,81.79678583145142
0.954296875,13,81.80047798156738
0.933203125,19,81.8056640625
0.96484375,10,81.80833387374878
0.947265625,15,81.81352496147156
0.954296875,13,81.81698298454285
0.96484375,10,81.81984090805054
0.96484375,10,81.82243585586548
0.96484375,10,81.82521986961365
0.93671875,18,81.82959699630737
0.933203125,19,81.83457589149475
0.95078125,14,81.8384358882904
0.961328125,11,81.84146189689636
0.9578125,12,81.84457397460938
0.9578125,12,81.84810400009155
0.9578125,12,81.85143995285034
0.96484375,10,81.85402083396912
0.93671875,18,81.85856199264526
0.961328125,11,81.86146378517151
0.961328125,11,81.86427807807922
0.9578125,12,81.86729598045349
0.961328125,11,81.8703989982605
0.961328125,11,81.873370885849
0.96484375,10,81.87607288360596
0.961328125,11,81.8790910243988
0.961328125,11,81.88197684288025
0.898046875,29,81.88950490951538
0.96484375,10,81.89218473434448
0.94375,16,81.89659905433655
0.9578125,12,81.89965391159058
0.96484375,10,81.9022159576416
0.9578125,12,81.90554690361023
0.915625,24,81.91119003295898
0.94375,16,81.91550803184509
0.961328125,11,81.9188060760498
0.940234375,17,81.92304587364197
0.947265625,15,81.92669081687927
0.96484375,10,81.92941284179688
0.961328125,11,81.93236994743347
0.9578125,12,81.93586206436157
0.96484375,10,81.93845891952515
0.96484375,10,81.94108581542969
0.954296875,13,81.94451785087585
0.933203125,19,81.9495918750763
0.961328125,11,81.95256495475769
0.9578125,12,81.95577192306519
0.94375,16,81.96055889129639
0.96484375,10,81.96310877799988
0.961328125,11,81.96608471870422
0.940234375,17,81.97053384780884
0.96484375,10,81.97341394424438
0.961328125,11,81.97654509544373
0.954296875,13,81.9797670841217
0.954296875,13,81.98331379890442
0.95078125,14,81.98723983764648
0.947265625,15,81.99143195152283
0.954296875,13,81.99500489234924
0.95078125,14,81.99874997138977
0.95078125,14,82.00231790542603
0.9578125,12,82.00545191764832
-1,10,82.00836682319641
0.96484375,10,82.01107001304626
0.93671875,18,82.0154538154602
0.94375,16,82.02707982063293
0.9578125,12,82.03361105918884
0.9296875,20,82.04028797149658
0.961328125,11,82.04600977897644
0.947265625,15,82.0525689125061
0.954296875,13,82.05741477012634
0.947265625,15,82.06130886077881
0.954296875,13,82.06464385986328
0.954296875,13,82.07051277160645
0.95078125,14,82.07919883728027
0.96484375,10,82.08546090126038
0.961328125,11,82.09163689613342
0.961328125,11,82.09793901443481
-1,1,82.09861993789673
0.947265625,15,82.10390090942383
0.961328125,11,82.10768580436707
0.96484375,10,82.11070489883423
0.961328125,11,82.11429786682129
0.961328125,11,82.1188600063324
0.95078125,14,82.12273693084717
0.961328125,11,82.12563991546631
0.96484375,10,82.12908792495728
0.95078125,14,82.13352489471436
0.947265625,15,82.13774394989014
0.9578125,12,82.14112901687622
0.954296875,13,82.14473485946655
0.9578125,12,82.14797067642212
0.9578125,12,82.15123105049133
0.93671875,18,82.15600371360779
0.96484375,10,82.15868377685547
0.954296875,13,82.16222286224365
0.9578125,12,82.16552186012268
0.9578125,12,82.16883301734924
0.954296875,13,82.17243695259094
0.95078125,14,82.17638683319092
0.9578125,12,82.17983889579773
0.954296875,13,82.1833107471466
0.93671875,18,82.18778896331787
0.961328125,11,82.19069480895996
0.95078125,14,82.19452285766602
0.96484375,10,82.19712209701538
0.940234375,17,82.20193696022034
0.9578125,12,82.20513582229614
0.95078125,14,82.20909285545349
0.933203125,19,82.21403980255127
0.95078125,14,82.21783971786499
0.947265625,15,82.22188687324524
0.940234375,17,82.2262008190155
0.954296875,13,82.229740858078
0.94375,16,82.23427987098694
0.94375,16,82.23864388465881
-1,1,82.23911094665527
0.96484375,10,82.2417516708374
0.96484375,10,82.24441599845886
0.96484375,10,82.24686789512634
0.94375,16,82.25117802619934
0.961328125,11,82.25420689582825
0.93671875,18,82.26022291183472
0.933203125,19,82.26679491996765
0.947265625,15,82.27179789543152
0.954296875,13,82.27609872817993
0.926171875,21,82.2824649810791
0.96484375,10,82.28535199165344
0.94375,16,82.29016590118408
0.961328125,11,82.2941267490387
0.961328125,11,82.2973997592926
0.95078125,14,82.30255270004272
0.954296875,13,82.3069498538971
0.96484375,10,82.31002593040466
0.9296875,20,82.3162670135498
0.961328125,11,82.3196759223938
0.954296875,13,82.32423496246338
0.961328125,11,82.32727670669556
0.94375,16,82.33207869529724
0.96484375,10,82.33632898330688
0.96484375,10,82.34028887748718
0.96484375,10,82.34526681900024
0.9578125,12,82.35063767433167
-1,1,82.35120391845703
0.96484375,10,82.35554575920105
0.954296875,13,82.36065196990967
0.95078125,14,82.36594676971436
0.954296875,13,82.37126779556274
0.961328125,11,82.3759880065918
0.9578125,12,82.38078999519348
0.96484375,10,82.3834478855133
0.954296875,13,82.38713884353638
0.947265625,15,82.39139890670776
0.96484375,10,82.39411878585815
0.94375,16,82.39822483062744
0.9296875,20,82.40370106697083
0.961328125,11,82.40686106681824
0.961328125,11,82.40970706939697
0.961328125,11,82.4128909111023
0.96484375,10,82.41556692123413
0.961328125,11,82.4185688495636
0.95078125,14,82.42220282554626
0.9578125,12,82.4258508682251
0.954296875,13,82.42903184890747
0.912109375,25,82.43595695495605
0.947265625,15,82.43976497650146
0.9578125,12,82.44303798675537
0.96484375,10,82.445720911026
0.954296875,13,82.44925594329834
0.9578125,12,82.45257091522217
0.954296875,13,82.45602798461914
0.9296875,20,82.4616870880127
0.954296875,13,82.46514582633972
0.940234375,17,82.47001194953918
0.96484375,10,82.47303080558777
0.9578125,12,82.47654509544373
0.93671875,18,82.48133873939514
0.947265625,15,82.48531484603882
0.961328125,11,82.48857975006104
0.96484375,10,82.49157500267029
0.961328125,11,82.4946517944336
0.9578125,12,82.49819588661194
0.96484375,10,82.5010130405426
0.919140625,23,82.50658893585205
0.947265625,15,82.5106418132782
0.96484375,10,82.51527976989746
0.961328125,11,82.51975989341736
0.961328125,11,82.52422404289246
0.961328125,11,82.52810883522034
0.947265625,15,82.53335285186768
0.961328125,11,82.53765773773193
0.961328125,11,82.54137969017029
0.95078125,14,82.54621601104736
0.961328125,11,82.55069184303284
0.96484375,10,82.55452394485474
0.94375,16,82.56074500083923
-1,28,82.57064986228943
0.954296875,13,82.57575488090515
0.96484375,10,82.57949376106262
0.96484375,10,82.58386588096619
0.96484375,10,82.58744788169861
0.9578125,12,82.59137201309204
0.954296875,13,82.59629082679749
0.947265625,15,82.60255098342896
0.9578125,12,82.60786485671997
0.96484375,10,82.61214280128479
0.96484375,10,82.61576199531555
0.95078125,14,82.6221559047699
0.95078125,14,82.62765693664551
0.96484375,10,82.630863904953
0.961328125,11,82.63387894630432
0.954296875,13,82.6370120048523
0.96484375,10,82.63968110084534
0.954296875,13,82.64314603805542
0.96484375,10,82.6458649635315
0.933203125,19,82.65076184272766
0.961328125,11,82.65372490882874
0.9578125,12,82.6570827960968
0.96484375,10,82.65995073318481
0.96484375,10,82.66264295578003
0.96484375,10,82.6652820110321
0.954296875,13,82.66868996620178
0.933203125,19,82.67410206794739
0.947265625,15,82.67797994613647
0.96484375,10,82.68062782287598
0.954296875,13,82.6842360496521
0.9578125,12,82.68717002868652
-1,1,82.68776607513428
0.96484375,10,82.69056582450867
0.95078125,14,82.69437170028687
-1,3,82.6955189704895
0.96484375,10,82.6980516910553
0.96484375,10,82.70050573348999
0.93671875,18,82.70539379119873
0.961328125,11,82.70848488807678
0.961328125,11,82.71133804321289
0.96484375,10,82.71398091316223
0.9578125,12,82.71699786186218
0.954296875,13,82.72030591964722
0.96484375,10,82.72299480438232
0.961328125,11,82.72638010978699
0.9578125,12,82.72951197624207
0.95078125,14,82.7331657409668
0.96484375,10,82.73588299751282
0.96484375,10,82.73847889900208
0.95078125,14,82.74223184585571
0.96484375,10,82.74482679367065
0.96484375,10,82.74759984016418
0.96484375,10,82.75012874603271
0.95078125,14,82.75470280647278
0.96484375,10,82.75819396972656
0.947265625,15,82.7625720500946
0.954296875,13,82.76646780967712
0.96484375,10,82.7696430683136
0.947265625,15,82.77491474151611
0.961328125,11,82.77839279174805
0.919140625,23,82.78624105453491
0.96484375,10,82.78986597061157
0.9578125,12,82.79366087913513
0.947265625,15,82.79808902740479
0.954296875,13,82.80208492279053
0.95078125,14,82.80708193778992
0.926171875,21,82.81356477737427
0.954296875,13,82.81739282608032
0.96484375,10,82.82003879547119
0.940234375,17,82.82681488990784
0.9578125,12,82.8299069404602
-1,14,82.83447599411011
0.9578125,12,82.83843469619751
0.961328125,11,82.84256386756897
0.961328125,11,82.8475546836853
0.954296875,13,82.85226082801819
0.961328125,11,82.85655188560486
0.940234375,17,82.8614809513092
0.93671875,18,82.86759185791016
0.96484375,10,82.87138199806213
0.96484375,10,82.87532806396484
0.954296875,13,82.87895083427429
-1,14,82.89048290252686
0.961328125,11,82.89603090286255
0.9578125,12,82.90133571624756
0.961328125,11,82.90643310546875
0.96484375,10,82.91026091575623
0.96484375,10,82.914874792099
0.954296875,13,82.92143106460571
0.954296875,13,82.92748188972473
0.96484375,10,82.9321939945221
0.954296875,13,82.93775272369385
0.933203125,19,82.94718790054321
0.96484375,10,82.95016765594482
0.919140625,23,82.95989084243774
0.96484375,10,82.96420979499817
0.96484375,10,82.96888184547424
0.933203125,19,82.97746896743774
0.961328125,11,82.9807276725769
0.9578125,12,82.98425483703613
0.9578125,12,82.98741888999939
0.94375,16,82.99161887168884
0.9578125,12,82.99505090713501
0.96484375,10,82.9977548122406
0.95078125,14,83.00147485733032
0.940234375,17,83.00603985786438
0.95078125,14,83.0099778175354
0.961328125,11,83.01292276382446
0.9578125,12,83.01632189750671
0.96484375,10,83.01902389526367
0.9578125,12,83.02221703529358
0.954296875,13,83.0258240699768
-1,3,83.02685189247131
0.961328125,11,83.02976274490356
0.96484375,10,83.03234100341797
0.95078125,14,83.03618574142456
0.95078125,14,83.03998899459839
0.961328125,11,83.04299283027649
0.94375,16,83.04745984077454
0.94375,16,83.05156087875366
0.961328125,11,83.05452275276184
0.9578125,12,83.05756187438965
0.954296875,13,83.06101202964783
0.954296875,13,83.06441187858582
0.961328125,11,83.06753897666931
0.9578125,12,83.07078886032104
0.94375,16,83.07547807693481
0.9578125,12,83.07865500450134
0.954296875,13,83.08189988136292
0.93671875,18,83.086984872818
0.96484375,10,83.0897889137268
-1,5,83.09147381782532
0.96484375,10,83.09397792816162
0.95078125,14,83.09788489341736
0.933203125,19,83.10299897193909
0.96484375,10,83.10562086105347
0.961328125,11,83.10868787765503
0.9296875,20,83.11386299133301
0.96484375,10,83.11649799346924
0.9578125,12,83.11949896812439
0.95078125,14,83.1234188079834
0.9578125,12,83.12809801101685
0.9578125,12,83.13125085830688
0.954296875,13,83.13463091850281
0.9578125,12,83.14015007019043
0.96484375,10,83.14437198638916
-1,2,83.14560890197754
0.95078125,14,83.15100288391113
0.947265625,15,83.15723180770874
0.954296875,13,83.16217875480652
0.95078125,14,83.16723489761353
0.9578125,12,83.17263388633728
0.96484375,10,83.1754219532013
0.96484375,10,83.17798495292664
0.94375,16,83.18274474143982
-1,2,83.18427968025208
0.9578125,12,83.1889328956604
0.95078125,14,83.19450974464417
0.954296875,13,83.19901990890503
0.926171875,21,83.20596098899841
0.961328125,11,83.20920872688293
0.96484375,10,83.21176981925964
0.93671875,18,83.21622776985168
0.96484375,10,83.21943879127502
0.947265625,15,83.22464108467102
0.95078125,14,83.22920989990234
0.93671875,18,83.2357907295227
0.93671875,18,83.24350380897522
0.947265625,15,83.24879598617554
0.9578125,12,83.2531259059906
0.9578125,12,83.25652980804443
0.961328125,11,83.25937986373901
0.94375,16,83.26361989974976
0.940234375,17,83.26770782470703
0.95078125,14,83.27141499519348
-1,17,83.27619576454163
0.96484375,10,83.27876567840576
0.954296875,13,83.28218483924866
0.96484375,10,83.28497266769409
0.96484375,10,83.28771591186523
0.947265625,15,83.29164385795593
0.94375,16,83.29554796218872
0.947265625,15,83.29988980293274
0.9578125,12,83.30308389663696
0.96484375,10,83.30561780929565
0.96484375,10,83.308100938797
0.954296875,13,83.31202673912048
0.9578125,12,83.3151490688324
0.954296875,13,83.31836485862732
0.96484375,10,83.32108902931213
0.926171875,21,83.32691693305969
-1,6,83.3287398815155
0.940234375,17,83.33360004425049
0.954296875,13,83.33731484413147
0.96484375,10,83.34005093574524
0.954296875,13,83.34358191490173
0.9578125,12,83.34688377380371
0.9296875,20,83.35187792778015
0.9578125,12,83.3551869392395
0.947265625,15,83.35934782028198
0.94375,16,83.36355304718018
0.96484375,10,83.3662657737732
0.947265625,15,83.37012505531311
0.9578125,12,83.37348580360413
0.947265625,15,83.37749290466309
0.961328125,11,83.38035988807678
0.961328125,11,83.38334679603577
0.96484375,10,83.38583588600159
0.96484375,10,83.38846898078918
0.947265625,15,83.39273881912231
0.95078125,14,83.39641880989075
0.9578125,12,83.39981174468994
-1,2,83.40081191062927
0.96484375,10,83.40425992012024
0.947265625,15,83.40835571289062
0.96484375,10,83.41097497940063
0.961328125,11,83.41401600837708
-1,1,83.41455173492432
0.9578125,12,83.417484998703
0.96484375,10,83.42002582550049
0.9578125,12,83.42324876785278
0.954296875,13,83.42673683166504
0.961328125,11,83.42976093292236
0.96484375,10,83.43253684043884
0.94375,16,83.43715691566467
0.96484375,10,83.43979978561401
0.954296875,13,83.44335985183716
0.96484375,10,83.44612789154053
0.940234375,17,83.4507429599762
0.96484375,10,83.4535129070282
0.95078125,14,83.4574499130249
0.96484375,10,83.46034097671509
0.954296875,13,83.46374297142029
0.96484375,10,83.46635484695435
0.961328125,11,83.46928095817566
0.961328125,11,83.47229480743408
0.95078125,14,83.47623705863953
0.9578125,12,83.47932291030884
0.947265625,15,83.48327875137329
0.96484375,10,83.48593211174011
0.912109375,25,83.49209094047546
0.9578125,12,83.49555206298828
0.95078125,14,83.49939775466919
0.961328125,11,83.50253391265869
0.954296875,13,83.50607800483704
0.954296875,13,83.5100679397583
0.96484375,10,83.51309180259705
0.96484375,10,83.51564693450928
0.96484375,10,83.51829981803894
0.96484375,10,83.52093172073364
0.9578125,12,83.52491593360901
0.94375,16,83.52888703346252
0.96484375,10,83.53146195411682
0.961328125,11,83.53443002700806
0.947265625,15,83.53832507133484
0.96484375,10,83.54085779190063
0.9578125,12,83.54391670227051
0.96484375,10,83.54650974273682
0.947265625,15,83.55089092254639
0.95078125,14,83.55454087257385
0.96484375,10,83.55776286125183
0.954296875,13,83.56113886833191
0.9578125,12,83.5642728805542
0.96484375,10,83.56687784194946
0.954296875,13,83.57050490379333
0.95078125,14,83.57448983192444
0.96484375,10,83.57714366912842
0.95078125,14,83.58100295066833
0.961328125,11,83.58401203155518
0.954296875,13,83.58752799034119
0.961328125,11,83.59058094024658
0.961328125,11,83.59362387657166
0.961328125,11,83.59657287597656
0.961328125,11,83.59978485107422
0.96484375,10,83.60233092308044
-1,1,83.60274982452393
0.9578125,12,83.60589003562927
0.9578125,12,83.6089940071106
0.9296875,20,83.61402797698975
0.96484375,10,83.61734890937805
0.96484375,10,83.62053775787354
0.96484375,10,83.6231107711792
0.9296875,20,83.6282548904419
0.94375,16,83.63392901420593
0.96484375,10,83.63728785514832
0.961328125,11,83.64187979698181
0.96484375,10,83.64559888839722
0.954296875,13,83.64999198913574
0.954296875,13,83.65409207344055
0.96484375,10,83.65806102752686
0.95078125,14,83.6643898487091
-1,2,83.66539692878723
0.96484375,10,83.66992378234863
0.954296875,13,83.67541980743408
0.9578125,12,83.6809139251709
0.961328125,11,83.68555688858032
0.94375,16,83.69230270385742
0.954296875,13,83.697518825531
0.9578125,12,83.70292687416077
0.96484375,10,83.70675992965698
0.96484375,10,83.7115867137909
0.961328125,11,83.71789288520813
-1,1,83.71850085258484
0.961328125,11,83.7225079536438
0.9578125,12,83.72793698310852
0.95078125,14,83.73366093635559
0.954296875,13,83.74193286895752
0.96484375,10,83.75216102600098
0.940234375,17,83.75735974311829
0.961328125,11,83.76044178009033
0.96484375,10,83.763023853302
0.94375,16,83.76718497276306
0.96484375,10,83.76983284950256
0.933203125,19,83.77448606491089
0.954296875,13,83.77804589271545
0.940234375,17,83.78226089477539
0.96484375,10,83.78496289253235
0.926171875,21,83.79081296920776
0.961328125,11,83.79390692710876
0.9578125,12,83.79704594612122
0.96484375,10,83.79978799819946
0.947265625,15,83.80372977256775
0.947265625,15,83.80794906616211
0.95078125,14,83.81138205528259
0.961328125,11,83.81435585021973
0.9578125,12,83.81743383407593
0.96484375,10,83.8205177783966
0.9578125,12,83.82387399673462
0.961328125,11,83.82662987709045
0.947265625,15,83.83072686195374
0.96484375,10,83.83349084854126
0.940234375,17,83.83796572685242
0.961328125,11,83.84083890914917
0.96484375,10,83.84369683265686
0.940234375,17,83.848219871521
0.95078125,14,83.85193872451782
0.954296875,13,83.85520005226135
0.96484375,10,83.85772180557251
0.947265625,15,83.86149406433105
0.961328125,11,83.86470890045166
0.947265625,15,83.86859083175659
0.961328125,11,83.87138485908508
0.961328125,11,83.87455177307129
0.961328125,11,83.87765097618103
0.961328125,11,83.880610704422
-1,1,83.88105392456055
0.961328125,11,83.88403487205505
0.954296875,13,83.88773989677429
0.9578125,12,83.89079403877258
0.940234375,17,83.89504885673523
0.9578125,12,83.89809584617615
0.96484375,10,83.90071988105774
0.9578125,12,83.90398073196411
0.96484375,10,83.90653586387634
0.961328125,11,83.90921688079834
-1,1,83.90980410575867
-1,2,83.91045689582825
0.9578125,12,83.91365790367126
-1,2,83.91443681716919
0.9578125,12,83.917977809906
0.95078125,14,83.92163300514221
0.947265625,15,83.9258120059967
0.954296875,13,83.92956900596619
0.947265625,15,83.93347001075745
0.961328125,11,83.9367470741272
0.96484375,10,83.93971395492554
0.96484375,10,83.94250178337097
0.954296875,13,83.94601082801819
0.954296875,13,83.94971084594727
0.940234375,17,83.95434975624084
0.9296875,20,83.96001386642456
0.95078125,14,83.96405982971191
0.96484375,10,83.96696782112122
0.9578125,12,83.97011590003967
0.9296875,20,83.97575497627258
0.94375,16,83.98018479347229
0.947265625,15,83.98434090614319
0.961328125,11,83.98749494552612
0.947265625,15,83.991938829422
0.961328125,11,83.99519801139832
0.940234375,17,84.00097799301147
0.96484375,10,84.00363802909851
0.9578125,12,84.00730180740356
0.9578125,12,84.01046299934387
0.95078125,14,84.01416873931885
0.92265625,22,84.02079391479492
0.898046875,29,84.0291588306427
0.9578125,12,84.03246784210205
0.96484375,10,84.03667879104614
-1,3,84.03771376609802
0.954296875,13,84.04219388961792
0.947265625,15,84.04592275619507
0.961328125,11,84.04933404922485
0.9578125,12,84.0533139705658
0.96484375,10,84.05694007873535
0.96484375,10,84.05961298942566
0.96484375,10,84.06308102607727
0.9578125,12,84.06782793998718
0.95078125,14,84.07155990600586
0.9578125,12,84.07482385635376
0.933203125,19,84.08095479011536
0.9578125,12,84.09157395362854
0.96484375,10,84.09664797782898
0.933203125,19,84.10306787490845
0.954296875,13,84.10768008232117
0.96484375,10,84.11618208885193
0.95078125,14,84.12222695350647
0.947265625,15,84.12606906890869
0.9578125,12,84.12982678413391
0.954296875,13,84.1358757019043
0.96484375,10,84.14045000076294
0.9578125,12,84.14586281776428
0.9578125,12,84.15209603309631
0.9578125,12,84.15520000457764
0.94375,16,84.15978598594666
0.94375,16,84.16532397270203
0.9296875,20,84.1704318523407
0.947265625,15,84.17461204528809
0.954296875,13,84.179842710495
0.9578125,12,84.18594789505005
0.961328125,11,84.18980288505554
0.95078125,14,84.19347476959229
0.95078125,14,84.197340965271
0.94375,16,84.20190286636353
0.954296875,13,84.20542597770691
0.9578125,12,84.21016383171082
0.96484375,10,84.21482586860657
0.96484375,10,84.21888995170593
0.94375,16,84.2268238067627
0.95078125,14,84.23041582107544
0.940234375,17,84.23478078842163
0.96484375,10,84.23727679252625
0.95078125,14,84.24366903305054
0.954296875,13,84.25021171569824
0.96484375,10,84.25673198699951
0.961328125,11,84.26021981239319
0.9578125,12,84.26390385627747
0.961328125,11,84.26734280586243
0.96484375,10,84.27075481414795
0.940234375,17,84.27869701385498
0.9578125,12,84.28272676467896
0.947265625,15,84.28817105293274
-1,1,84.28880596160889
-1,1,84.2893660068512
0.96484375,10,84.29290175437927
0.95078125,14,84.29776000976562
0.9578125,12,84.30266904830933
0.940234375,17,84.30879187583923
0.96484375,10,84.31243968009949
0.96484375,10,84.31548500061035
0.961328125,11,84.31921792030334
0.9578125,12,84.32386898994446
0.954296875,13,84.32805490493774
0.947265625,15,84.33360481262207
0.95078125,14,84.33792471885681
0.96484375,10,84.34194207191467
0.96484375,10,84.34531092643738
0.961328125,11,84.34912896156311
0.9578125,12,84.35414099693298
0.96484375,10,84.3576409816742
0.9578125,12,84.36172080039978
0.961328125,11,84.36591577529907
0.961328125,11,84.36955070495605
0.93671875,18,84.37531900405884
0.94375,16,84.38049578666687
0.9578125,12,84.38378596305847
0.961328125,11,84.38673901557922
0.96484375,10,84.38943886756897
0.947265625,15,84.39314579963684
0.9578125,12,84.39658093452454
0.95078125,14,84.40073084831238
0.940234375,17,84.40526700019836
0.96484375,10,84.40778183937073
0.961328125,11,84.41042375564575
0.926171875,21,84.41587090492249
0.95078125,14,84.41974973678589
0.96484375,10,84.42223286628723
0.96484375,10,84.42525601387024
0.94375,16,84.4295060634613
0.9578125,12,84.4325499534607
0.954296875,13,84.43666481971741
0.95078125,14,84.44055485725403
0.96484375,10,84.44333791732788
0.9578125,12,84.4467248916626
0.9578125,12,84.44969868659973
0.961328125,11,84.45238780975342
-1,14,84.45662379264832
0.9578125,12,84.45993399620056
0.961328125,11,84.46281599998474
0.947265625,15,84.46683502197266
0.954296875,13,84.47013688087463
0.95078125,14,84.473956823349
0.95078125,14,84.47786092758179
0.954296875,13,84.48132586479187
0.940234375,17,84.48578476905823
0.96484375,10,84.48871397972107
0.961328125,11,84.49165892601013
0.95078125,14,84.49506306648254
0.95078125,14,84.49931502342224
0.96484375,10,84.5019679069519
0.95078125,14,84.50583672523499
0.961328125,11,84.50902605056763
0.9578125,12,84.51224493980408
0.9578125,12,84.51521301269531
0.940234375,17,84.51945400238037
0.96484375,10,84.52201390266418
0.93671875,18,84.52664971351624
0.961328125,11,84.52988696098328
0.96484375,10,84.53244686126709
0.96484375,10,84.53496074676514
-1,9,84.53748083114624
0.947265625,15,84.54157495498657
0.961328125,11,84.54432988166809
0.961328125,11,84.54723477363586
0.947265625,15,84.55098700523376
0.961328125,11,84.55378985404968
0.96484375,10,84.55634593963623
-1,2,84.5570478439331
0.940234375,17,84.5615439414978
0.954296875,13,84.56506276130676
0.947265625,15,84.56892585754395
0.96484375,10,84.57160782814026
0.947265625,15,84.57564496994019
0.9578125,12,84.57859897613525
0.96484375,10,84.58106279373169
0.961328125,11,84.58390784263611
0.9578125,12,84.58705472946167
0.9578125,12,84.58997082710266
0.95078125,14,84.5936987400055
0.926171875,21,84.59863591194153
0.954296875,13,84.60359191894531
0.96484375,10,84.60878682136536
0.96484375,10,84.61221289634705
0.9578125,12,84.61533689498901
0.954296875,13,84.61876511573792
0.961328125,11,84.62160277366638
0.947265625,15,84.62768793106079
0.954296875,13,84.63111400604248
0.9578125,12,84.63425779342651
0.961328125,11,84.63901376724243
0.9578125,12,84.64276671409607
0.954296875,13,84.6467797756195
0.947265625,15,84.65071678161621
0.95078125,14,84.65469479560852
0.954296875,13,84.65921688079834
0.96484375,10,84.66205477714539
0.9578125,12,84.66702890396118
0.96484375,10,84.67194890975952
0.95078125,14,84.67572402954102
0.95078125,14,84.67959594726562
0.947265625,15,84.683602809906
0.954296875,13,84.68989396095276
0.954296875,13,84.69353985786438
0.96484375,10,84.69612789154053
0.961328125,11,84.69897198677063
0.947265625,15,84.70321893692017
0.915625,24,84.71023797988892
0.9578125,12,84.71598100662231
0.96484375,10,84.71911406517029
0.9578125,12,84.72254681587219
0.961328125,11,84.72548484802246
0.94375,16,84.72974801063538
0.96484375,10,84.73320198059082
0.961328125,11,84.73611378669739
0.9578125,12,84.73993706703186
0.954296875,13,84.74368381500244
0.96484375,10,84.7522177696228
0.9578125,12,84.75611972808838
0.954296875,13,84.75990390777588
0.947265625,15,84.76390981674194
0.9296875,20,84.76900577545166
0.96484375,10,84.77169585227966
-1,4,84.77337598800659
0.96484375,10,84.77624297142029
0.96484375,10,84.77893781661987
0.947265625,15,84.78276991844177
0.94375,16,84.78736996650696
0.96484375,10,84.79050874710083
-1,1,84.79099488258362
0.961328125,11,84.79394292831421
0.96484375,10,84.7965760231018
0.961328125,11,84.80041289329529
0.9578125,12,84.80399489402771
0.89453125,30,84.81198287010193
0.96484375,10,84.81540584564209
0.947265625,15,84.82042074203491
0.961328125,11,84.82385778427124
0.9296875,20,84.82925081253052
0.954296875,13,84.83360004425049
0.96484375,10,84.8365478515625
0.961328125,11,84.839998960495
0.954296875,13,84.84387397766113
0.96484375,10,84.846764087677
0.940234375,17,84.85171580314636
0.961328125,11,84.85495591163635
0.947265625,15,84.85957288742065
0.96484375,10,84.86256575584412
0.961328125,11,84.86565685272217
0.95078125,14,84.86936712265015
0.940234375,17,84.87356996536255
0.96484375,10,84.8763267993927
0.95078125,14,84.88107895851135
0.961328125,11,84.88392400741577
0.95078125,14,84.88773393630981
0.96484375,10,84.89037585258484
0.96484375,10,84.8937406539917
0.95078125,14,84.8974757194519
0.95078125,14,84.90118885040283
0.961328125,11,84.9040949344635
0.96484375,10,84.90705490112305
0.96484375,10,84.9098789691925
0.96484375,10,84.91245889663696
0.954296875,13,84.91588997840881
0.940234375,17,84.92026090621948
0.96484375,10,84.92352199554443
0.954296875,13,84.9283037185669
-1,1,84.92918086051941
0.93671875,18,84.93403387069702
0.95078125,14,84.93826794624329
0.96484375,10,84.9417417049408
0.96484375,10,84.94471788406372
0.96484375,10,84.947518825531
0.96484375,10,84.95035481452942
0.940234375,17,84.95495295524597
0.9578125,12,84.95854496955872
0.954296875,13,84.96210980415344
0.9578125,12,84.96524691581726
0.9578125,12,84.96860599517822
0.954296875,13,84.97218203544617
0.96484375,10,84.97527289390564
0.947265625,15,84.97985577583313
0.94375,16,84.98435473442078
0.96484375,10,84.98753476142883
0.96484375,10,84.99023389816284
0.961328125,11,84.99402189254761
0.96484375,10,84.99698305130005
0.883984375,33,85.00607681274414
0.947265625,15,85.01292181015015
0.954296875,13,85.01971411705017
0.954296875,13,85.02533674240112
0.9578125,12,85.0306167602539
-1,2,85.0320098400116
0.940234375,17,85.03954482078552
0.94375,16,85.0468978881836
0.96484375,10,85.05284285545349
0.94375,16,85.06072878837585
-1,6,85.06261086463928
0.95078125,14,85.06636190414429
0.961328125,11,85.06944990158081
0.95078125,14,85.07330584526062
0.926171875,21,85.08001470565796
0.961328125,11,85.08576679229736
0.961328125,11,85.09847283363342
0.96484375,10,85.103276014328
0.947265625,15,85.10830593109131
0.9578125,12,85.11223673820496
0.961328125,11,85.11973977088928
0.9578125,12,85.12378692626953
0.93671875,18,85.13092589378357
0.96484375,10,85.13496780395508
0.96484375,10,85.13758993148804
0.9578125,12,85.14087390899658
-1,7,85.14285492897034
0.94375,16,85.14732789993286
0.940234375,17,85.15275502204895
0.94375,16,85.15712094306946
0.961328125,11,85.15996599197388
0.961328125,11,85.1628348827362
0.93671875,18,85.16780376434326
0.933203125,19,85.17286396026611
0.96484375,10,85.17552590370178
0.954296875,13,85.17922377586365
0.9578125,12,85.18252396583557
0.9578125,12,85.18633604049683
0.93671875,18,85.19100999832153
0.961328125,11,85.19401693344116
0.947265625,15,85.19809103012085
0.954296875,13,85.20179104804993
0.93671875,18,85.20623803138733
0.961328125,11,85.20944285392761
0.933203125,19,85.21388387680054
0.96484375,10,85.21647477149963
0.961328125,11,85.21990489959717
0.95078125,14,85.22417283058167
0.96484375,10,85.22683191299438
0.940234375,17,85.23108410835266
0.95078125,14,85.23551392555237
0.95078125,14,85.2393217086792
0.961328125,11,85.24222588539124
0.96484375,10,85.24483895301819
0.95078125,14,85.24861478805542
0.96484375,10,85.25130605697632
0.9578125,12,85.25457572937012
0.96484375,10,85.25712490081787
0.954296875,13,85.26073384284973
0.961328125,11,85.26376390457153
0.954296875,13,85.26695394515991
0.92265625,22,85.27243399620056
0.95078125,14,85.27597069740295
0.961328125,11,85.27883982658386
0.947265625,15,85.28253889083862
0.95078125,14,85.28607678413391
0.93671875,18,85.2910008430481
0.9578125,12,85.29428791999817
0.96484375,10,85.29689288139343
0.947265625,15,85.3008439540863
0.9296875,20,85.30612087249756
0.96484375,10,85.3088698387146
0.95078125,14,85.31226801872253
0.961328125,11,85.31512880325317
0.96484375,10,85.31804990768433
0.9578125,12,85.32149386405945
0.947265625,15,85.32541799545288
0.940234375,17,85.32976579666138
0.9578125,12,85.33289504051208
0.93671875,18,85.33723378181458
0.96484375,10,85.34018468856812
0.954296875,13,85.3438069820404
0.954296875,13,85.34724402427673
0.96484375,10,85.35008692741394
-1,7,85.35234570503235
0.95078125,14,85.3562707901001
0.96484375,10,85.3588638305664
0.961328125,11,85.36187696456909
0.94375,16,85.36592698097229
0.9578125,12,85.36890482902527
0.95078125,14,85.3725357055664
0.94375,16,85.37669086456299
-1,1,85.37716674804688
0.96484375,10,85.37960076332092
0.954296875,13,85.38371300697327
0.95078125,14,85.38826394081116
0.947265625,15,85.39377284049988
0.961328125,11,85.39966177940369
0.9296875,20,85.40886783599854
0.95078125,14,85.41533493995667
0.94375,16,85.42210102081299
0.947265625,15,85.42751169204712
-1,9,85.43209505081177
0.95078125,14,85.43803381919861
0.961328125,11,85.44221067428589
0.9578125,12,85.44651985168457
0.95078125,14,85.45165276527405
0.947265625,15,85.45643496513367
0.96484375,10,85.45988202095032
0.961328125,11,85.46287894248962
0.947265625,15,85.46639895439148
0.961328125,11,85.4718918800354
0.96484375,10,85.47700572013855
0.947265625,15,85.48354196548462
0.961328125,11,85.4875099658966
0.940234375,17,85.49448490142822
0.96484375,10,85.49945092201233
0.926171875,21,85.50642371177673
0.961328125,11,85.5091667175293
0.95078125,14,85.51253509521484
0.954296875,13,85.51629185676575
0.947265625,15,85.52039289474487
0.915625,24,85.52732586860657
0.9578125,12,85.53069806098938
0.96484375,10,85.5334939956665
-1,1,85.53407597541809
0.961328125,11,85.53676700592041
0.961328125,11,85.5400059223175
0.919140625,23,85.5460479259491
0.947265625,15,85.54997682571411
0.9578125,12,85.55298209190369
0.961328125,11,85.55612587928772
0.96484375,10,85.55900382995605
0.954296875,13,85.56227779388428
0.9578125,12,85.56554698944092
0.961328125,11,85.56849789619446
0.96484375,10,85.57118701934814
0.954296875,13,85.57514071464539
0.9578125,12,85.57818698883057
0.954296875,13,85.58200192451477
0.96484375,10,85.5846951007843
0.954296875,13,85.58859705924988
0.9578125,12,85.59188508987427
0.96484375,10,85.59455180168152
0.94375,16,85.5990629196167
0.9578125,12,85.60247588157654
0.95078125,14,85.60644102096558
0.96484375,10,85.60890793800354
0.96484375,10,85.61134099960327
0.961328125,11,85.61436080932617
-1,6,85.6162679195404
0.9015625,28,85.62362909317017
0.95078125,14,85.6279649734497
0.96484375,10,85.63088583946228
0.9578125,12,85.6348729133606
0.9296875,20,85.64365601539612
0.961328125,11,85.64652585983276
0.96484375,10,85.64898991584778
0.961328125,11,85.65164089202881
0.947265625,15,85.65688586235046
0.933203125,19,85.66597509384155
0.96484375,10,85.66967487335205
0.9578125,12,85.67534494400024
0.954296875,13,85.68128800392151
0.96484375,10,85.68487191200256
0.96484375,10,85.68983888626099
0.947265625,15,85.69513702392578
0.96484375,10,85.69973397254944
0.96484375,10,85.70422673225403
0.9578125,12,85.70806503295898
0.9578125,12,85.71535897254944
0.954296875,13,85.72163891792297
0.95078125,14,85.72563195228577
0.96484375,10,85.72822666168213
0.961328125,11,85.73217582702637
0.954296875,13,85.73779487609863
0.95078125,14,85.7434549331665
0.96484375,10,85.74740886688232
0.947265625,15,85.75358986854553
-1,5,85.75566697120667
0.94375,16,85.75952100753784
0.954296875,13,85.76286172866821
0.9578125,12,85.76573085784912
0.954296875,13,85.7690098285675
0.96484375,10,85.77158689498901
0.96484375,10,85.77407169342041
-1,13,85.77762484550476
0.96484375,10,85.78036785125732
0.96484375,10,85.78338885307312
0.96484375,10,85.78596878051758
0.954296875,13,85.7891960144043
0.96484375,10,85.7915997505188
0.947265625,15,85.79528975486755
0.95078125,14,85.79874300956726
0.93671875,18,85.80377292633057
0.954296875,13,85.80737090110779
0.94375,16,85.81184101104736
0.96484375,10,85.81442785263062
0.954296875,13,85.81761884689331
0.947265625,15,85.82179307937622
0.9578125,12,85.82530093193054
0.954296875,13,85.82880592346191
0.95078125,14,85.83239984512329
0.933203125,19,85.83751082420349
0.96484375,10,85.84036087989807
0.95078125,14,85.84432792663574
0.9578125,12,85.84745287895203
0.96484375,10,85.85016703605652
0.94375,16,85.85429668426514
0.96484375,10,85.8573670387268
0.947265625,15,85.8613498210907
0.961328125,11,85.86435794830322
0.96484375,10,85.86734700202942
0.95078125,14,85.8710629940033
0.95078125,14,85.87520575523376
0.93671875,18,85.87957191467285
0.96484375,10,85.88218593597412
0.954296875,13,85.88570499420166
0.95078125,14,85.89034175872803
0.954296875,13,85.89524674415588
0.926171875,21,85.9020528793335
0.96484375,10,85.90539908409119
0.9578125,12,85.91021800041199
-1,2,85.9110689163208
0.954296875,13,85.91555309295654
0.96484375,10,85.91846680641174
0.95078125,14,85.92234587669373
0.96484375,10,85.92517304420471
0.954296875,13,85.929114818573
-1,1,85.92974591255188
0.95078125,14,85.9342589378357
0.940234375,17,85.93930697441101
0.9578125,12,85.94296789169312
0.96484375,10,85.9464099407196
0.94375,16,85.95115184783936
0.947265625,15,85.95832705497742
0.940234375,17,85.96468186378479
0.96484375,10,85.96952700614929
0.96484375,10,85.97328901290894
0.961328125,11,85.97850394248962
0.954296875,13,85.98421573638916
0.96484375,10,85.98783493041992
0.96484375,10,85.99224710464478
0.940234375,17,85.99843096733093
0.96484375,10,86.00193786621094
-1,11,86.00618386268616
0.92265625,22,86.01317286491394
0.961328125,11,86.01644682884216
0.9578125,12,86.02877068519592
0.96484375,10,86.03429675102234
0.95078125,14,86.04745697975159
0.96484375,10,86.05536484718323
0.954296875,13,86.05982995033264
0.961328125,11,86.06255793571472
0.954296875,13,86.06672096252441
0.95078125,14,86.071448802948
0.96484375,10,86.07405376434326
0.9578125,12,86.07766604423523
0.95078125,14,86.08206009864807
0.961328125,11,86.08472180366516
0.947265625,15,86.09151887893677
0.94375,16,86.09719181060791
0.96484375,10,86.10030579566956
0.95078125,14,86.10850381851196
0.96484375,10,86.11636567115784
0.9578125,12,86.12097883224487
0.95078125,14,86.13076567649841
0.9578125,12,86.1340069770813
0.95078125,14,86.13787174224854
0.9296875,20,86.14313983917236
0.9578125,12,86.14752888679504
0.95078125,14,86.15109586715698
0.96484375,10,86.15381979942322
-1,13,86.15791177749634
0.94375,16,86.16198992729187
0.93671875,18,86.16687178611755
0.96484375,10,86.16965079307556
0.954296875,13,86.1737060546875
0.954296875,13,86.17709589004517
0.9578125,12,86.1800308227539
0.96484375,10,86.18266177177429
0.96484375,10,86.18561005592346
0.95078125,14,86.18942999839783
0.95078125,14,86.19314479827881
0.96484375,10,86.19603204727173
0.96484375,10,86.19869184494019
0.94375,16,86.20270276069641
0.954296875,13,86.20595192909241
0.9578125,12,86.2090859413147
0.94375,16,86.21340894699097
-1,2,86.21424007415771
0.915625,24,86.22102880477905
0.96484375,10,86.22366905212402
0.96484375,10,86.22657680511475
-1,12,86.230135679245
0.9578125,12,86.2336037158966
0.95078125,14,86.2376229763031
0.961328125,11,86.24066996574402
-1,1,86.24123072624207
0.96484375,10,86.24395084381104
0.9296875,20,86.24876689910889
0.940234375,17,86.25380682945251
0.954296875,13,86.25753688812256
0.961328125,11,86.26086401939392
0.96484375,10,86.26345086097717
0.947265625,15,86.26774287223816
0.954296875,13,86.27138781547546
0.96484375,10,86.2742178440094
0.954296875,13,86.27763199806213
0.96484375,10,86.28037786483765
0.96484375,10,86.28327178955078
0.9578125,12,86.2869119644165
0.95078125,14,86.29091095924377
0.96484375,10,86.29355788230896
0.961328125,11,86.29648995399475
0.9578125,12,86.30010294914246
0.9578125,12,86.3034098148346
0.96484375,10,86.30611896514893
0.954296875,13,86.30985283851624
0.954296875,13,86.3133339881897
0.961328125,11,86.31692481040955
0.96484375,10,86.31965684890747
0.961328125,11,86.32255005836487
0.961328125,11,86.32568502426147
0.95078125,14,86.3304660320282
0.961328125,11,86.33327388763428
0.947265625,15,86.33692789077759
0.9578125,12,86.34246182441711
0.96484375,10,86.34496784210205
0.9578125,12,86.35040378570557
0.954296875,13,86.35577178001404
0.9578125,12,86.35976696014404
0.9296875,20,86.36603498458862
0.947265625,15,86.37100887298584
0.9578125,12,86.3745448589325
0.940234375,17,86.37975287437439
0.96484375,10,86.38227581977844
0.95078125,14,86.38580679893494
0.96484375,10,86.38865280151367
0.954296875,13,86.3929488658905
0.954296875,13,86.40029287338257
0.96484375,10,86.40392088890076
0.96484375,10,86.40714192390442
0.9578125,12,86.41154289245605
0.95078125,14,86.41487884521484
0.9578125,12,86.41936373710632
0.94375,16,86.42360877990723
0.94375,16,86.42836308479309
0.954296875,13,86.43215799331665
0.94375,16,86.43627786636353
0.95078125,14,86.44007086753845
0.96484375,10,86.44263768196106
0.961328125,11,86.44566488265991
0.93671875,18,86.45041370391846
0.96484375,10,86.45300889015198
0.95078125,14,86.4565839767456
0.961328125,11,86.45939993858337
0.961328125,11,86.46221804618835
0.954296875,13,86.46559596061707
0.961328125,11,86.46889972686768
0.96484375,10,86.47147488594055
0.96484375,10,86.4743800163269
0.954296875,13,86.47860670089722
0.96484375,10,86.48164486885071
0.95078125,14,86.48600602149963
-1,2,86.48678183555603
0.9578125,12,86.49031400680542
0.961328125,11,86.49357795715332
0.95078125,14,86.4977867603302
0.96484375,10,86.5004780292511
0.961328125,11,86.50402998924255
0.9578125,12,86.5070858001709
0.954296875,13,86.51036381721497
-1,2,86.51102590560913
0.9578125,12,86.51400876045227
0.95078125,14,86.51743483543396
0.961328125,11,86.52025389671326
0.9578125,12,86.52327179908752
0.961328125,11,86.526123046875
0.891015625,31,86.53419399261475
0.954296875,13,86.53742694854736
0.9578125,12,86.54042291641235
0.9578125,12,86.54459285736084
0.9578125,12,86.5477249622345
0.961328125,11,86.55064702033997
0.961328125,11,86.55341386795044
0.96484375,10,86.55588293075562
0.96484375,10,86.55833387374878
0.954296875,13,86.56209087371826
0.96484375,10,86.56473398208618
0.96484375,10,86.56724095344543
0.96484375,10,86.56969690322876
0.9578125,12,86.5729877948761
0.9578125,12,86.57641696929932
0.961328125,11,86.57938289642334
0.9578125,12,86.5829029083252
0.96484375,10,86.58563685417175
0.954296875,13,86.58934187889099
0.961328125,11,86.59242796897888
0.940234375,17,86.59694290161133
0.96484375,10,86.59944176673889
0.940234375,17,86.6037540435791
0.95078125,14,86.6086049079895
0.96484375,10,86.61161589622498
0.961328125,11,86.6147027015686
0.92265625,22,86.62025594711304
0.947265625,15,86.62454605102539
0.92265625,22,86.63023591041565
0.961328125,11,86.63343691825867
0.9578125,12,86.63653492927551
0.94375,16,86.64075684547424
0.96484375,10,86.64362978935242
0.954296875,13,86.64707398414612
0.94375,16,86.65153002738953
0.96484375,10,86.65443778038025
0.96484375,10,86.65723085403442
0.961328125,11,86.66022491455078
0.954296875,13,86.66391777992249
0.947265625,15,86.66760993003845
0.9578125,12,86.67065691947937
0.961328125,11,86.6737859249115
0.933203125,19,86.67892408370972
0.954296875,13,86.68209791183472
0.96484375,10,86.68463897705078
-1,2,86.685293674469
0.954296875,13,86.6885278224945
0.96484375,10,86.69106578826904
0.961328125,11,86.69447994232178
-1,3,86.69583487510681
0.961328125,11,86.69868898391724
0.961328125,11,86.70151710510254
0.954296875,13,86.70541000366211
0.9578125,12,86.70861887931824
0.954296875,13,86.71197080612183
0.96484375,10,86.71460294723511
0.96484375,10,86.717355966568
0.947265625,15,86.72120690345764
0.947265625,15,86.72546792030334
0.95078125,14,86.72909188270569
0.954296875,13,86.73236083984375
0.96484375,10,86.73504281044006
0.954296875,13,86.7384078502655
0.954296875,13,86.74191093444824
0.915625,24,86.74896001815796
0.94375,16,86.75330090522766
0.94375,16,86.75889086723328
0.9578125,12,86.76285004615784
0.961328125,11,86.76714396476746
0.961328125,11,86.77213907241821
-1,8,86.77733588218689
0.933203125,19,86.78513693809509
0.95078125,14,86.79010796546936
-1,1,86.79109978675842
0.9578125,12,86.79791593551636
0.9578125,12,86.80131793022156
0.9578125,12,86.80431795120239
0.96484375,10,86.80713868141174
0.9578125,12,86.81299877166748
0.96484375,10,86.8194990158081
0.961328125,11,86.82384991645813
0.919140625,23,86.83458471298218
0.95078125,14,86.84200096130371
0.96484375,10,86.84701895713806
0.954296875,13,86.85328388214111
0.954296875,13,86.86270689964294
0.95078125,14,86.86808705329895
0.95078125,14,86.87319302558899
0.961328125,11,86.87681674957275
0.947265625,15,86.88154196739197
0.95078125,14,86.88550996780396
0.9578125,12,86.88881206512451
0.954296875,13,86.89241981506348
0.96484375,10,86.89493489265442
0.96484375,10,86.89756274223328
0.96484375,10,86.90044283866882
-1,7,86.90279698371887
0.940234375,17,86.90745496749878
0.96484375,10,86.9101357460022
0.96484375,10,86.91297483444214
0.96484375,10,86.91577887535095
0.96484375,10,86.91839575767517
0.947265625,15,86.92233872413635
-1,1,86.92339587211609
0.96484375,10,86.92628788948059
0.9578125,12,86.92954397201538
0.94375,16,86.9340488910675
0.961328125,11,86.9372308254242
0.940234375,17,86.94190287590027
0.92265625,22,86.94743490219116
0.933203125,19,86.95324397087097
0.947265625,15,86.95747470855713
0.940234375,17,86.96175479888916
-1,1,86.96230387687683
0.9296875,20,86.96756672859192
0.9578125,12,86.97082090377808
0.96484375,10,86.97340488433838
0.95078125,14,86.97706604003906
0.9578125,12,86.98020792007446
0.915625,24,86.98666381835938
0.96484375,10,86.98940896987915
0.961328125,11,86.9922878742218
0.954296875,13,86.9957869052887
0.94375,16,87.00008773803711
0.93671875,18,87.00431680679321
0.961328125,11,87.00742673873901
0.961328125,11,87.01046991348267
0.96484375,10,87.013267993927
0.96484375,10,87.01610708236694
0.9578125,12,87.01935172080994
0.954296875,13,87.02259397506714
-1,12,87.02585482597351
0.954296875,13,87.02897000312805
0.93671875,18,87.03331470489502
0.947265625,15,87.03719592094421
0.96484375,10,87.03984904289246
0.9578125,12,87.04316902160645
0.96484375,10,87.04575896263123
-1,1,87.04632782936096
0.96484375,10,87.0491828918457
0.940234375,17,87.05334091186523
0.9578125,12,87.05684781074524
0.954296875,13,87.06072497367859
0.954296875,13,87.06417274475098
0.961328125,11,87.06743097305298
0.947265625,15,87.07142996788025
0.94375,16,87.07604670524597
0.954296875,13,87.07948899269104
0.95078125,14,87.08328700065613
0.95078125,14,87.08712077140808
0.95078125,14,87.09124994277954
0.954296875,13,87.09462404251099
0.95078125,14,87.09822082519531
0.954296875,13,87.1015739440918
0.926171875,21,87.10712504386902
0.954296875,13,87.11040997505188
0.933203125,19,87.11538982391357
0.947265625,15,87.11939692497253
0.947265625,15,87.12402105331421
0.96484375,10,87.12665390968323
0.954296875,13,87.13002395629883
0.96484375,10,87.13385796546936
0.95078125,14,87.14011287689209
0.96484375,10,87.14394974708557
0.9578125,12,87.14716386795044
0.947265625,15,87.1508617401123
0.96484375,10,87.15408682823181
0.940234375,17,87.16137599945068
0.96484375,10,87.16614985466003
0.961328125,11,87.17106795310974
0.947265625,15,87.17743802070618
0.96484375,10,87.18206596374512
0.954296875,13,87.18735694885254
0.961328125,11,87.190682888031
-1,11,87.1938087940216
0.96484375,10,87.19635105133057
0.96484375,10,87.19914293289185
0.961328125,11,87.20434379577637
0.9578125,12,87.2089958190918
0.919140625,23,87.21877789497375
0.9578125,12,87.22400283813477
0.954296875,13,87.22936868667603
0.940234375,17,87.23623871803284
0.954296875,13,87.24254894256592
0.94375,16,87.24801087379456
0.96484375,10,87.25083088874817
0.9578125,12,87.25404381752014
0.96484375,10,87.2577657699585
0.93671875,18,87.26254987716675
0.947265625,15,87.26675391197205
0.96484375,10,87.26992678642273
0.961328125,11,87.27285099029541
0.93671875,18,87.27768588066101
0.961328125,11,87.2803909778595
0.961328125,11,87.28356409072876
0.940234375,17,87.28812909126282
0.961328125,11,87.29159498214722
0.961328125,11,87.29462671279907
0.9578125,12,87.29810380935669
0.9578125,12,87.30156397819519
0.947265625,15,87.30537295341492
0.9578125,12,87.30900979042053
0.9578125,12,87.31235671043396
0.9578125,12,87.31583786010742
0.96484375,10,87.31847095489502
0.9578125,12,87.32154893875122
0.9578125,12,87.32577300071716
0.96484375,10,87.32840394973755
0.961328125,11,87.33135271072388
0.9578125,12,87.33435082435608
0.954296875,13,87.3384850025177
0.9578125,12,87.34194588661194
0.915625,24,87.34873080253601
0.961328125,11,87.35192608833313
0.954296875,13,87.35539889335632
0.94375,16,87.35977983474731
0.96484375,10,87.36352491378784
0.947265625,15,87.36743974685669
0.95078125,14,87.37114381790161
0.93671875,18,87.37650895118713
0.9296875,20,87.38256287574768
0.94375,16,87.39270687103271
0.96484375,10,87.3974757194519
0.933203125,19,87.4083137512207
0.9578125,12,87.41264390945435
0.940234375,17,87.42004299163818
0.947265625,15,87.42630887031555
0.954296875,13,87.43239188194275
0.96484375,10,87.43633675575256
0.954296875,13,87.44192790985107
0.95078125,14,87.44691681861877
0.96484375,10,87.45176076889038
0.96484375,10,87.45661687850952
-1,12,87.46612787246704
0.96484375,10,87.46969175338745
0.940234375,17,87.49704766273499
0.9578125,12,87.50066304206848
0.9578125,12,87.50421285629272
0.961328125,11,87.50787997245789
0.95078125,14,87.51149487495422
0.96484375,10,87.514084815979
0.9578125,12,87.51907205581665
0.96484375,10,87.52523279190063
0.94375,16,87.53075289726257
0.95078125,14,87.5402729511261
0.954296875,13,87.54446172714233
0.954296875,13,87.54972076416016
0.947265625,15,87.55683302879333
0.961328125,11,87.5608127117157
0.9296875,20,87.5706238746643
0.961328125,11,87.57515692710876
0.933203125,19,87.58269906044006
0.940234375,17,87.59046196937561
0.95078125,14,87.59646010398865
0.95078125,14,87.60791993141174
0.961328125,11,87.61118006706238
0.933203125,19,87.61998701095581
0.954296875,13,87.6245927810669
0.961328125,11,87.63009691238403
0.947265625,15,87.63440680503845
0.9578125,12,87.63751077651978
-1,1,87.63794374465942
0.9578125,12,87.64113879203796
0.9578125,12,87.64481782913208
0.96484375,10,87.64760398864746
0.96484375,10,87.65049600601196
0.95078125,14,87.6544508934021
0.96484375,10,87.65744376182556
0.9578125,12,87.66053509712219
0.961328125,11,87.66361880302429
0.915625,24,87.6696310043335
0.9578125,12,87.67283892631531
0.933203125,19,87.67761373519897
0.96484375,10,87.68021583557129
0.954296875,13,87.68379592895508
0.961328125,11,87.68673372268677
0.95078125,14,87.69032597541809
0.94375,16,87.69454598426819
0.947265625,15,87.6985490322113
0.954296875,13,87.70222687721252
0.96484375,10,87.70476293563843
0.9578125,12,87.7077329158783
0.96484375,10,87.7101948261261
0.96484375,10,87.71288776397705
0.940234375,17,87.7172908782959
0.947265625,15,87.72133183479309
0.9578125,12,87.72462892532349
0.94375,16,87.72903871536255
0.94375,16,87.7331657409668
0.93671875,18,87.73801183700562
0.95078125,14,87.7418429851532
-1,1,87.74237084388733
0.947265625,15,87.74629878997803
0.9296875,20,87.75167989730835
0.9578125,12,87.7552478313446
0.96484375,10,87.75789999961853
0.95078125,14,87.76141595840454
0.95078125,14,87.76530194282532
0.940234375,17,87.76927590370178
0.9578125,12,87.77296376228333
0.947265625,15,87.77698373794556
0.961328125,11,87.77989983558655
0.947265625,15,87.78381180763245
0.9578125,12,87.78747081756592
0.9578125,12,87.7907829284668
-1,17,87.7948989868164
0.96484375,10,87.79848980903625
0.95078125,14,87.80243396759033
0.9578125,12,87.80654907226562
-1,1,87.80751276016235
0.954296875,13,87.81092286109924
0.96484375,10,87.81420087814331
0.961328125,11,87.8173189163208
0.94375,16,87.82168292999268
0.96484375,10,87.82436084747314
0.96484375,10,87.82682967185974
0.954296875,13,87.83020901679993
0.961328125,11,87.83377575874329
0.96484375,10,87.83646583557129
0.933203125,19,87.84192276000977
0.933203125,19,87.84690999984741
0.9578125,12,87.84999394416809
0.961328125,11,87.8535737991333
0.940234375,17,87.85809087753296
0.96484375,10,87.86070990562439
0.96484375,10,87.86322593688965
0.96484375,10,87.86576390266418
-1,7,87.86781787872314
0.961328125,11,87.87065386772156
0.9578125,12,87.87406587600708
0.96484375,10,87.87680101394653
0.96484375,10,87.87981700897217
0.96484375,10,87.88259482383728
0.9578125,12,87.88634967803955
0.961328125,11,87.88979578018188
0.96484375,10,87.89245009422302
0.940234375,17,87.89680099487305
0.961328125,11,87.89973187446594
0.92265625,22,87.90524888038635
0.93671875,18,87.91006898880005
0.96484375,10,87.91268682479858
0.9578125,12,87.91581892967224
0.96484375,10,87.91866707801819
0.96484375,10,87.92129302024841
0.940234375,17,87.92553687095642
0.961328125,11,87.92839288711548
0.93671875,18,87.93295383453369
0.947265625,15,87.9368839263916
0.95078125,14,87.94100093841553
0.9578125,12,87.94424986839294
0.961328125,11,87.94709181785583
0.95078125,14,87.95074796676636
0.95078125,14,87.95486688613892
0.954296875,13,87.9582269191742
0.961328125,11,87.96107387542725
0.96484375,10,87.96370577812195
0.961328125,11,87.96666598320007
0.954296875,13,87.96985983848572
0.9578125,12,87.97320890426636
0.9578125,12,87.9765408039093
0.947265625,15,87.98034882545471
0.933203125,19,87.98552393913269
0.954296875,13,87.98886299133301
0.891015625,31,87.99689078330994
0.96484375,10,87.99969100952148
0.940234375,17,88.0040340423584
0.961328125,11,88.00705313682556
0.96484375,10,88.00960683822632
0.9578125,12,88.01286387443542
-1,1,88.01334404945374
0.96484375,10,88.0159900188446
0.947265625,15,88.01975083351135
0.96484375,10,88.02237582206726
0.9578125,12,88.02546191215515
0.954296875,13,88.02881574630737
0.954296875,13,88.03281879425049
0.95078125,14,88.03645586967468
0.954296875,13,88.03987002372742
0.9578125,12,88.04313802719116
0.915625,24,88.04951500892639
0.954296875,13,88.05281376838684
0.9578125,12,88.05617380142212
0.947265625,15,88.05990982055664
0.9578125,12,88.06302189826965
0.954296875,13,88.06649875640869
0.940234375,17,88.07103180885315
0.96484375,10,88.07442879676819
0.9578125,12,88.07767081260681
0.961328125,11,88.08063578605652
0.954296875,13,88.08441400527954
0.95078125,14,88.08826971054077
0.96484375,10,88.09098982810974
0.95078125,14,88.0952398777008
0.954296875,13,88.09870791435242
0.96484375,10,88.10147190093994
0.9578125,12,88.1048059463501
0.96484375,10,88.10727286338806
0.961328125,11,88.10998296737671
0.961328125,11,88.11293387413025
0.961328125,11,88.11595892906189
0.954296875,13,88.11934995651245
0.9578125,12,88.12299394607544
0.95078125,14,88.12663197517395
0.954296875,13,88.12968182563782
0.96484375,10,88.1320788860321
-1,13,88.13552689552307
0.954296875,13,88.14048385620117
0.954296875,13,88.14497303962708
0.94375,16,88.15218091011047
0.954296875,13,88.15703773498535
0.96484375,10,88.16215872764587
0.9578125,12,88.16698288917542
0.961328125,11,88.17088270187378
0.926171875,21,88.17982697486877
0.961328125,11,88.1841778755188
0.96484375,10,88.18825387954712
0.94375,16,88.19453001022339
0.9578125,12,88.19874382019043
0.96484375,10,88.20409798622131
0.9578125,12,88.20962381362915
0.94375,16,88.21702790260315
0.96484375,10,88.220951795578
0.95078125,14,88.22609782218933
0.96484375,10,88.22964978218079
0.93671875,18,88.23554992675781
0.961328125,11,88.23928499221802
0.961328125,11,88.24299693107605
0.9578125,12,88.24753594398499
0.961328125,11,88.2522120475769
0.96484375,10,88.25484991073608
0.96484375,10,88.25752282142639
0.93671875,18,88.26499199867249
0.95078125,14,88.27187299728394
0.954296875,13,88.27632689476013
0.905078125,27,88.2866199016571
0.9578125,12,88.29109406471252
0.961328125,11,88.29567384719849
0.96484375,10,88.29969573020935
0.96484375,10,88.30251979827881
0.961328125,11,88.30537867546082
0.95078125,14,88.30901575088501
0.926171875,21,88.314288854599
0.96484375,10,88.31743097305298
0.96484375,10,88.32147002220154
-1,1,88.32208108901978
0.96484375,10,88.32582497596741
0.96484375,10,88.32961106300354
0.96484375,10,88.33377385139465
0.9578125,12,88.3376100063324
0.926171875,21,88.34504389762878
0.961328125,11,88.34854507446289
0.954296875,13,88.35348200798035
0.96484375,10,88.3570077419281
0.954296875,13,88.3617799282074
0.947265625,15,88.3670027256012
0.954296875,13,88.37268495559692
0.961328125,11,88.37704181671143
0.933203125,19,88.3844518661499
0.96484375,10,88.38921093940735
0.961328125,11,88.39415192604065
0.96484375,10,88.39811587333679
0.96484375,10,88.40173578262329
0.96484375,10,88.40641689300537
0.94375,16,88.41323280334473
0.9578125,12,88.41775393486023
0.96484375,10,88.42050004005432
0.96484375,10,88.42304587364197
0.961328125,11,88.42638182640076
0.94375,16,88.43219184875488
0.9578125,12,88.43653082847595
0.96484375,10,88.44084286689758
0.94375,16,88.44677996635437
0.96484375,10,88.45121097564697
0.954296875,13,88.45566272735596
0.96484375,10,88.4598798751831
0.961328125,11,88.46426701545715
0.96484375,10,88.46792697906494
0.96484375,10,88.4714949131012
0.9578125,12,88.47553300857544
0.95078125,14,88.48175287246704
0.96484375,10,88.48563480377197
0.940234375,17,88.4931128025055
0.954296875,13,88.4979248046875
0.96484375,10,88.50305676460266
0.9578125,12,88.50745296478271
0.94375,16,88.51193594932556
0.961328125,11,88.51505994796753
0.96484375,10,88.51778674125671
0.93671875,18,88.52239179611206
-1,2,88.52317786216736
-1,11,88.52834296226501
0.95078125,14,88.53248381614685
0.961328125,11,88.53548789024353
0.9578125,12,88.538498878479
-1,9,88.5413498878479
0.9578125,12,88.54465198516846
0.961328125,11,88.54745984077454
0.96484375,10,88.55008101463318
0.96484375,10,88.55311274528503
0.940234375,17,88.55757594108582
0.96484375,10,88.56024193763733
0.940234375,17,88.56512689590454
0.93671875,18,88.57000279426575
0.9578125,12,88.57295489311218
0.954296875,13,88.57670974731445
0.9578125,12,88.5799810886383
0.947265625,15,88.58395290374756
0.961328125,11,88.5868489742279
0.94375,16,88.59068584442139
0.947265625,15,88.59487104415894
0.93671875,18,88.59934592247009
0.96484375,10,88.6020278930664
0.9578125,12,88.60513687133789
0.947265625,15,88.60931992530823
0.96484375,10,88.61216282844543
0.96484375,10,88.61475682258606
0.961328125,11,88.61754584312439
0.96484375,10,88.6202118396759
0.961328125,11,88.62338089942932
0.9578125,12,88.62684488296509
0.961328125,11,88.63000392913818
0.961328125,11,88.63312482833862
0.96484375,10,88.63567900657654
0.947265625,15,88.6398720741272
0.9578125,12,88.64290571212769
0.961328125,11,88.64570808410645
0.95078125,14,88.64939284324646
0.961328125,11,88.65255188941956
0.961328125,11,88.6555118560791
0.95078125,14,88.65896987915039
0.961328125,11,88.66193890571594
0.9578125,12,88.66507077217102
0.905078125,27,88.67204403877258
0.954296875,13,88.67586302757263
0.954296875,13,88.67916798591614
0.96484375,10,88.68200182914734
0.96484375,10,88.68455290794373
0.954296875,13,88.68780589103699
0.954296875,13,88.69144773483276
0.93671875,18,88.69608402252197
0.96484375,10,88.69875884056091
0.96484375,10,88.70146584510803
0.96484375,10,88.70471286773682
0.947265625,15,88.70874285697937
0.9578125,12,88.71207785606384
0.9578125,12,88.71536779403687
0.96484375,10,88.71816873550415
0.96484375,10,88.72091174125671
0.96484375,10,88.72373509407043
0.954296875,13,88.72710394859314
0.96484375,10,88.72970867156982
0.96484375,10,88.73233675956726
0.93671875,18,88.73718404769897
0.954296875,13,88.74055981636047
0.947265625,15,88.74452877044678
0.95078125,14,88.74875497817993
0.961328125,11,88.7517020702362
0.954296875,13,88.75500798225403
0.961328125,11,88.75810480117798
0.93671875,18,88.76247882843018
0.933203125,19,88.76756882667542
0.93671875,18,88.77255201339722
0.96484375,10,88.77585577964783
-1,1,88.7763409614563
0.961328125,11,88.77946090698242
0.961328125,11,88.78242468833923
0.9296875,20,88.78744506835938
0.96484375,10,88.79019975662231
0.9578125,12,88.79332304000854
0.9578125,12,88.79672980308533
0.96484375,10,88.79921197891235
0.92265625,22,88.80485081672668
-1,10,88.80762195587158
-1,7,88.80970692634583
0.933203125,19,88.81500887870789
0.947265625,15,88.81902003288269
0.95078125,14,88.82264184951782
0.95078125,14,88.82651090621948
0.954296875,13,88.83011293411255
0.954296875,13,88.83345103263855
0.9296875,20,88.8394570350647
0.947265625,15,88.8434669971466
0.933203125,19,88.8485460281372
0.915625,24,88.85463786125183
0.954296875,13,88.85815405845642
0.95078125,14,88.8619179725647
0.96484375,10,88.864581823349
0.961328125,11,88.86756587028503
0.96484375,10,88.87025594711304
0.95078125,14,88.87366986274719
0.92265625,22,88.87957978248596
0.93671875,18,88.88484787940979
0.93671875,18,88.89011406898499
0.961328125,11,88.89297676086426
0.96484375,10,88.89548587799072
0.954296875,13,88.8990740776062
0.93671875,18,88.90377283096313
-1,1,88.90426087379456
0.96484375,10,88.90674901008606
0.95078125,14,88.91044688224792
0.9296875,20,88.91553378105164
0.961328125,11,88.91854095458984
0.96484375,10,88.92193388938904
0.96484375,10,88.9248468875885
0.96484375,10,88.92743873596191
0.947265625,15,88.93119287490845
0.96484375,10,88.93376207351685
0.9578125,12,88.93688774108887
0.961328125,11,88.94021677970886
0.912109375,25,88.94714498519897
0.9578125,12,88.9504668712616
0.96484375,10,88.95293688774109
0.940234375,17,88.9572548866272
0.961328125,11,88.96033096313477
0.9578125,12,88.96365189552307
0.954296875,13,88.96719002723694
0.961328125,11,88.97027897834778
0.961328125,11,88.9734559059143
0.9578125,12,88.97667407989502
0.961328125,11,88.97949385643005
-1,15,88.98359990119934
0.9578125,12,88.98692989349365
0.96484375,10,88.98945999145508
0.96484375,10,88.99201202392578
0.9578125,12,88.99520373344421
0.96484375,10,88.99779796600342
0.961328125,11,89.00081372261047
0.940234375,17,89.00548672676086
0.94375,16,89.01009798049927
0.947265625,15,89.01421189308167
0.947265625,15,89.0182089805603
0.954296875,13,89.02156281471252
0.940234375,17,89.02671480178833
0.961328125,11,89.0299859046936
0.961328125,11,89.03319787979126
0.96484375,10,89.03582906723022
0.96484375,10,89.03835391998291
0.96484375,10,89.0411548614502
0.947265625,15,89.04591488838196
0.96484375,10,89.04854774475098
-1,1,89.04902791976929
0.95078125,14,89.0524890422821
-1,1,89.05293488502502
0.96484375,10,89.05552196502686
0.961328125,11,89.05873107910156
0.96484375,10,89.06144094467163
0.95078125,14,89.06530475616455
0.96484375,10,89.06794691085815
0.94375,16,89.07232093811035
0.96484375,10,89.07486581802368
0.954296875,13,89.07808089256287
0.940234375,17,89.08238387107849
-1,10,89.0851879119873
0.961328125,11,89.08816576004028
0.933203125,19,89.09290194511414
0.94375,16,89.09688186645508
0.947265625,15,89.10091090202332
0.961328125,11,89.103924036026
0.9578125,12,89.10709881782532
0.94375,16,89.11112689971924
0.947265625,15,89.11555790901184
0.96484375,10,89.11824107170105
0.95078125,14,89.12257313728333
0.93671875,18,89.12731909751892
0.915625,24,89.13386487960815
0.961328125,11,89.13673973083496
-1,1,89.13716673851013
0.954296875,13,89.1405119895935
0.96484375,10,89.14330196380615
0.94375,16,89.14758086204529
0.96484375,10,89.15019989013672
0.9296875,20,89.15536785125732
0.94375,16,89.15951585769653
0.9578125,12,89.16248989105225
0.947265625,15,89.16660690307617
0.9578125,12,89.16983675956726
-1,8,89.17233204841614
0.9578125,12,89.17560076713562
0.947265625,15,89.17931890487671
0.9578125,12,89.18292570114136
0.947265625,15,89.18682980537415
0.961328125,11,89.19011187553406
0.96484375,10,89.192715883255
0.94375,16,89.19658184051514
0.96484375,10,89.19927597045898
0.9578125,12,89.20250487327576
0.940234375,17,89.20695185661316
0.93671875,18,89.21168208122253
0.95078125,14,89.21536087989807
0.961328125,11,89.21819806098938
0.9578125,12,89.22162675857544
0.961328125,11,89.2245819568634
0.96484375,10,89.22725296020508
0.95078125,14,89.23139882087708
0.96484375,10,89.23429679870605
0.9578125,12,89.23777484893799
-1,15,89.24216294288635
0.961328125,11,89.24524807929993
0.96484375,10,89.24791502952576
0.95078125,14,89.25162482261658
0.93671875,18,89.2564947605133
0.961328125,11,89.25981783866882
0.961328125,11,89.26305389404297
0.96484375,10,89.2656877040863
0.96484375,10,89.26829791069031
0.94375,16,89.27317404747009
0.95078125,14,89.27681374549866
0.961328125,11,89.27966475486755
0.94375,16,89.28401374816895
0.9296875,20,89.289146900177
0.947265625,15,89.29306697845459
0.95078125,14,89.29702186584473
0.95078125,14,89.30073094367981
0.96484375,10,89.30342769622803
0.961328125,11,89.30641889572144
0.96484375,10,89.30919694900513
0.947265625,15,89.31307291984558
0.96484375,10,89.31569194793701
0.954296875,13,89.3190369606018
0.961328125,11,89.32197570800781
0.9296875,20,89.32723879814148
0.9578125,12,89.33073282241821
0.9296875,20,89.33594298362732
0.954296875,13,89.3393349647522
0.919140625,23,89.34649395942688
0.954296875,13,89.34989190101624
0.947265625,15,89.35404086112976
0.96484375,10,89.35670304298401
0.961328125,11,89.3598620891571
-1,10,89.36280703544617
0.93671875,18,89.36752796173096
0.95078125,14,89.37113690376282
0.961328125,11,89.37407112121582
0.96484375,10,89.37675189971924
0.96484375,10,89.37948989868164
0.96484375,10,89.38212895393372
0.954296875,13,89.38593697547913
0.9578125,12,89.3890528678894
0.9578125,12,89.39220786094666
0.9578125,12,89.39548802375793
0.9578125,12,89.39863395690918
0.96484375,10,89.40126895904541
0.954296875,13,89.40443968772888
0.954296875,13,89.40812182426453
0.919140625,23,89.41368293762207
0.96484375,10,89.4164490699768
0.95078125,14,89.42028379440308
0.96484375,10,89.42293000221252
0.94375,16,89.4272129535675
0.95078125,14,89.43131899833679
0.96484375,10,89.43399596214294
0.954296875,13,89.43747472763062
0.961328125,11,89.44048380851746
0.95078125,14,89.44628691673279
0.9578125,12,89.44955277442932
0.926171875,21,89.45531296730042
0.96484375,10,89.45804381370544
0.96484375,10,89.46100997924805
0.961328125,11,89.46415591239929
0.961328125,11,89.46694684028625
0.96484375,10,89.46944689750671
0.9578125,12,89.47251582145691
0.96484375,10,89.47546792030334
0.961328125,11,89.47847294807434
0.92265625,22,89.48491501808167
0.96484375,10,89.48751592636108
0.947265625,15,89.49127388000488
0.933203125,19,89.49594807624817
0.96484375,10,89.4986879825592
0.95078125,14,89.50249791145325
0.961328125,11,89.50542187690735
0.954296875,13,89.508633852005
0.96484375,10,89.51135802268982
0.940234375,17,89.51605772972107
0.9578125,12,89.5192928314209
0.947265625,15,89.52335691452026
0.954296875,13,89.52682280540466
0.96484375,10,89.52964782714844
0.947265625,15,89.53328800201416
0.9578125,12,89.53619289398193
0.961328125,11,89.53891587257385
0.95078125,14,89.54263496398926
0.95078125,14,89.54661893844604
0.96484375,10,89.5493278503418
0.96484375,10,89.5518958568573
0.96484375,10,89.55496287345886
0.96484375,10,89.55787706375122
0.9578125,12,89.56118202209473
0.9578125,12,89.56426978111267
0.96484375,10,89.5670919418335
0.933203125,19,89.57136487960815
0.940234375,17,89.57555985450745
0.954296875,13,89.5790159702301
-1,2,89.57977485656738
0.95078125,14,89.58348989486694
0.96484375,10,89.58614993095398
0.96484375,10,89.58873391151428
0.954296875,13,89.59209704399109
0.9578125,12,89.59512591362
0.961328125,11,89.59845566749573
0.954296875,13,89.6019639968872
0.954296875,13,89.60534882545471
0.961328125,11,89.60836982727051
0.96484375,10,89.61128973960876
0.95078125,14,89.61503171920776
0.96484375,10,89.61775374412537
0.96484375,10,89.62040090560913
0.954296875,13,89.62408089637756
0.9578125,12,89.62751698493958
0.947265625,15,89.63153100013733
0.9578125,12,89.63497710227966
0.96484375,10,89.63761281967163
0.954296875,13,89.64192986488342
0.954296875,13,89.64554595947266
0.954296875,13,89.6490707397461
0.954296875,13,89.6524407863617
0.947265625,15,89.65641283988953
0.954296875,13,89.66005182266235
0.93671875,18,89.66521096229553
0.954296875,13,89.66942596435547
0.940234375,17,89.6739718914032
0.947265625,15,89.67795300483704
0.94375,16,89.68260288238525
0.93671875,18,89.6872398853302
0.954296875,13,89.6909167766571
0.961328125,11,89.69451594352722
0.94375,16,89.69861888885498
0.9578125,12,89.70174884796143
-1,1,89.70223903656006
0.96484375,10,89.70505881309509
0.947265625,15,89.70917201042175
0.94375,16,89.71338176727295
0.947265625,15,89.71770286560059
-1,1,89.71823382377625
0.961328125,11,89.72110390663147
0.954296875,13,89.72449588775635
0.94375,16,89.72850584983826
0.96484375,10,89.73122310638428
0.96484375,10,89.73388910293579
0.96484375,10,89.7363510131836
0.9578125,12,89.73996496200562
0.94375,16,89.74401307106018
0.96484375,10,89.74662685394287
0.954296875,13,89.74997401237488
0.95078125,14,89.75413990020752
0.954296875,13,89.7579288482666
0.96484375,10,89.76063179969788
0.961328125,11,89.76390504837036
0.961328125,11,89.76700592041016
0.9578125,12,89.7722499370575
0.961328125,11,89.77998495101929
0.9578125,12,89.7863359451294
0.9578125,12,89.79282879829407
0.947265625,15,89.80087685585022
0.954296875,13,89.80441880226135
0.9578125,12,89.80746984481812
-1,1,89.80812478065491
0.96484375,10,89.81220579147339
-1,10,89.81941986083984
0.9578125,12,89.82545208930969
0.96484375,10,89.8313238620758
0.9296875,20,89.83640193939209
0.961328125,11,89.83953189849854
0.94375,16,89.84698605537415
0.95078125,14,89.85631370544434
0.947265625,15,89.8627278804779
0.954296875,13,89.87084174156189
0.9578125,12,89.87595987319946
0.9578125,12,89.88223695755005
0.9578125,12,89.88649868965149
0.9578125,12,89.89153099060059
0.9578125,12,89.89639186859131
0.93671875,18,89.90411281585693
0.9578125,12,89.91059684753418
0.926171875,21,89.92028784751892
0.947265625,15,89.92681884765625
0.96484375,10,89.93145084381104
0.96484375,10,89.93468594551086
0.947265625,15,89.94106483459473
0.947265625,15,89.94792079925537
0.947265625,15,89.9547848701477
0.95078125,14,89.96043586730957
0.961328125,11,89.96768283843994
0.9578125,12,89.97363996505737
0.9578125,12,89.98088097572327
0.9578125,12,89.99239873886108
0.9578125,12,90.0014898777008
0.919140625,23,90.0073299407959
0.9578125,12,90.01097869873047
0.947265625,15,90.01705503463745
0.9578125,12,90.02314805984497
0.95078125,14,90.03015875816345
0.954296875,13,90.03455185890198
0.954296875,13,90.04069495201111
0.96484375,10,90.04382276535034
0.954296875,13,90.04875493049622
0.95078125,14,90.055823802948
0.96484375,10,90.05885291099548
0.926171875,21,90.06372570991516
0.94375,16,90.07141780853271
0.954296875,13,90.0783040523529
0.9578125,12,90.08489084243774
0.954296875,13,90.09099888801575
0.96484375,10,90.0943717956543
0.96484375,10,90.0987458229065
0.95078125,14,90.10507988929749
0.933203125,19,90.11333298683167
0.9578125,12,90.11865091323853
0.954296875,13,90.12396287918091
0.96484375,10,90.12651705741882
0.96484375,10,90.1291778087616
0.9578125,12,90.132395029068
0.9578125,12,90.13529706001282
0.954296875,13,90.13860392570496
0.96484375,10,90.14165496826172
0.9578125,12,90.14496088027954
0.95078125,14,90.14868307113647
0.96484375,10,90.15115189552307
0.96484375,10,90.15360283851624
0.947265625,15,90.15752696990967
0.954296875,13,90.16084504127502
0.9578125,12,90.16414904594421
-1,9,90.16710591316223
0.96484375,10,90.16975378990173
0.940234375,17,90.17412877082825
0.96484375,10,90.17686676979065
0.9578125,12,90.18006992340088
0.961328125,11,90.18279695510864
0.96484375,10,90.1854317188263
0.9578125,12,90.18884301185608
0.954296875,13,90.19270777702332
0.96484375,10,90.19525194168091
0.93671875,18,90.20003890991211
0.94375,16,90.20409178733826
0.95078125,14,90.20804286003113
0.96484375,10,90.21070170402527
-1,1,90.21113395690918
0.94375,16,90.21532082557678
0.954296875,13,90.21893095970154
0.96484375,10,90.22162199020386
0.915625,24,90.22838973999023
0.96484375,10,90.2310619354248
0.96484375,10,90.23460292816162
0.96484375,10,90.23709893226624
0.96484375,10,90.23952579498291
0.9296875,20,90.24469876289368
0.954296875,13,90.24822187423706
0.961328125,11,90.25092101097107
0.954296875,13,90.25438380241394
0.954296875,13,90.25794887542725
0.95078125,14,90.26137590408325
0.96484375,10,90.26377701759338
0.954296875,13,90.26724481582642
0.96484375,10,90.26997399330139
0.94375,16,90.2740547657013
0.9578125,12,90.2775297164917
0.954296875,13,90.28102612495422
0.96484375,10,90.28380990028381
0.940234375,17,90.2885377407074
0.96484375,10,90.29174995422363
0.940234375,17,90.29610180854797
0.954296875,13,90.2993049621582
-1,1,90.29986691474915
0.95078125,14,90.30370306968689
0.961328125,11,90.30683183670044
-1,14,90.31045579910278
0.9578125,12,90.31369805335999
0.961328125,11,90.316969871521
0.947265625,15,90.32107186317444
0.94375,16,90.3251006603241
0.915625,24,90.3314278125763
0.9578125,12,90.33453273773193
0.947265625,15,90.3383800983429
0.940234375,17,90.34260773658752
0.961328125,11,90.34583783149719
0.954296875,13,90.34934091567993
0.9578125,12,90.3525140285492
0.947265625,15,90.35679268836975
0.9578125,12,90.36033582687378
0.961328125,11,90.3632230758667
0.96484375,10,90.3660717010498
0.96484375,10,90.36903190612793
0.961328125,11,90.37199091911316
0.9578125,12,90.37552380561829
0.8734375,36,90.3841438293457
0.96484375,10,90.38677883148193
0.961328125,11,90.38958692550659
0.96484375,10,90.39224290847778
0.9578125,12,90.39570999145508
0.961328125,11,90.39926671981812
0.96484375,10,90.40211796760559
0.961328125,11,90.40497279167175
0.954296875,13,90.40847992897034
0.961328125,11,90.41149377822876
0.9578125,12,90.41469168663025
0.96484375,10,90.41721177101135
-1,1,90.4176299571991
0.947265625,15,90.42159390449524
0.96484375,10,90.42428684234619
0.96484375,10,90.4268229007721
0.96484375,10,90.42943596839905
0.954296875,13,90.43269300460815
0.954296875,13,90.43618583679199
0.96484375,10,90.43884897232056
0.9578125,12,90.44222283363342
0.96484375,10,90.44489812850952
0.961328125,11,90.44768381118774
0.954296875,13,90.45107793807983
0.96484375,10,90.45385074615479
0.947265625,15,90.45788383483887
0.96484375,10,90.46041703224182
0.9578125,12,90.46363091468811
0.95078125,14,90.46731686592102
0.96484375,10,90.46980571746826
0.9578125,12,90.47301506996155
0.96484375,10,90.47553491592407
0.961328125,11,90.47864294052124
0.96484375,10,90.48126482963562
0.926171875,21,90.48631286621094
0.93671875,18,90.49140787124634
0.9578125,12,90.49443888664246
0.9578125,12,90.49729108810425
0.9578125,12,90.50025296211243
0.96484375,10,90.50308775901794
0.9578125,12,90.5071370601654
0.954296875,13,90.5105447769165
0.96484375,10,90.51335787773132
0.961328125,11,90.51645374298096
0.961328125,11,90.51947975158691
0.961328125,11,90.52239990234375
0.96484375,10,90.52508687973022
0.9578125,12,90.52813792228699
0.947265625,15,90.531977891922
0.96484375,10,90.53440475463867
0.947265625,15,90.53808999061584
0.954296875,13,90.54149293899536
0.961328125,11,90.54441499710083
0.9296875,20,90.54985094070435
0.96484375,10,90.55246090888977
0.9578125,12,90.55561089515686
0.954296875,13,90.55898594856262
0.96484375,10,90.56175899505615
0.947265625,15,90.56552600860596
0.9578125,12,90.5683708190918
0.961328125,11,90.57130289077759
0.961328125,11,90.57425594329834
0.95078125,14,90.5779640674591
0.961328125,11,90.58121180534363
0.95078125,14,90.58471298217773
-1,3,90.58591985702515
0.947265625,15,90.58983707427979
0.954296875,13,90.59331893920898
0.96484375,10,90.59575486183167
0.954296875,13,90.59910082817078
-1,9,90.60154175758362
0.954296875,13,90.60496377944946
0.96484375,10,90.60748600959778
0.954296875,13,90.61076402664185
0.96484375,10,90.61349296569824
0.96484375,10,90.61648201942444
0.96484375,10,90.61915493011475
0.96484375,10,90.62174081802368
0.9578125,12,90.62503385543823
0.96484375,10,90.62771987915039
0.940234375,17,90.63215374946594
0.9578125,12,90.63579297065735
0.96484375,10,90.63844585418701
0.961328125,11,90.6415479183197
0.96484375,10,90.64404201507568
0.93671875,18,90.64924907684326
0.9578125,12,90.65226793289185
0.954296875,13,90.65540885925293
0.9578125,12,90.65880608558655
0.940234375,17,90.66352272033691
0.95078125,14,90.66732478141785
-1,14,90.67122292518616
0.961328125,11,90.67432498931885
0.961328125,11,90.67731881141663
0.9578125,12,90.68050789833069
0.96484375,10,90.68319272994995
0.96484375,10,90.68571972846985
0.940234375,17,90.68974590301514
0.96484375,10,90.69207501411438
0.96484375,10,90.69478607177734
0.954296875,13,90.69834494590759
0.961328125,11,90.70146775245667
0.933203125,19,90.70663404464722
0.954296875,13,90.70993685722351
0.961328125,11,90.7129180431366
0.96484375,10,90.71538090705872
0.9578125,12,90.71960592269897
0.95078125,14,90.72299480438232
0.947265625,15,90.72658491134644
0.940234375,17,90.73071002960205
0.96484375,10,90.73334288597107
0.96484375,10,90.73589491844177
0.961328125,11,90.73896384239197
0.93671875,18,90.74403309822083
-1,3,90.7450168132782
0.947265625,15,90.74891901016235
0.96484375,10,90.75135684013367
0.954296875,13,90.75458097457886
0.9578125,12,90.75785088539124
0.961328125,11,90.76083469390869
0.96484375,10,90.76342391967773
0.947265625,15,90.76751184463501
0.96484375,10,90.77016711235046
0.961328125,11,90.77296280860901
0.961328125,11,90.77577590942383
0.96484375,10,90.77844285964966
0.95078125,14,90.78229689598083
0.961328125,11,90.78502678871155
0.954296875,13,90.78842091560364
-1,1,90.78886294364929
0.96484375,10,90.7916669845581
0.95078125,14,90.79544591903687
0.96484375,10,90.79815769195557
0.940234375,17,90.80296993255615
0.93671875,18,90.80756783485413
0.96484375,10,90.81021690368652
0.926171875,21,90.81614184379578
0.9578125,12,90.81977486610413
0.9578125,12,90.82322192192078
0.961328125,11,90.82618284225464
0.94375,16,90.83055281639099
0.90859375,26,90.83730292320251
0.898046875,29,90.84457802772522
0.9578125,12,90.84751176834106
0.961328125,11,90.85036182403564
0.954296875,13,90.85360383987427
0.96484375,10,90.85615181922913
0.933203125,19,90.86123394966125
0.961328125,11,90.8642737865448
0.94375,16,90.8684618473053
0.96484375,10,90.8711748123169
0.96484375,10,90.87387275695801
-1,7,90.87582993507385
0.9296875,20,90.88143277168274
0.947265625,15,90.88538074493408
0.95078125,14,90.8892138004303
0.961328125,11,90.89226174354553
0.9578125,12,90.89563488960266
0.961328125,11,90.89857888221741
0.96484375,10,90.90122699737549
0.933203125,19,90.90624785423279
0.96484375,10,90.90906810760498
0.94375,16,90.91339588165283
0.9578125,12,90.91655993461609
0.961328125,11,90.91940307617188
0.96484375,10,90.9219298362732
0.961328125,11,90.92473602294922
0.96484375,10,90.9276008605957
0.94375,16,90.93190097808838
0.954296875,13,90.93548393249512
0.95078125,14,90.93955993652344
0.95078125,14,90.9434449672699
0.96484375,10,90.94606685638428
0.96484375,10,90.9488136768341
0.95078125,14,90.9529139995575
0.95078125,14,90.9574830532074
0.96484375,10,90.9602599143982
0.933203125,19,90.96509385108948
0.96484375,10,90.96745491027832
0.926171875,21,90.9727737903595
0.961328125,11,90.97584676742554
0.954296875,13,90.97917485237122
0.95078125,14,90.98323678970337
0.96484375,10,90.98594570159912
0.96484375,10,90.98870611190796
0.96484375,10,90.99136686325073
-1,1,90.99192404747009
0.9578125,12,90.99528765678406
0.96484375,10,90.99799394607544
0.961328125,11,91.00123381614685
0.93671875,18,91.00571894645691
0.96484375,10,91.00848269462585
0.961328125,11,91.01156187057495
-1,12,91.01480484008789
0.961328125,11,91.01793098449707
0.961328125,11,91.02100896835327
0.95078125,14,91.02430987358093
0.96484375,10,91.02669906616211
0.961328125,11,91.02959275245667
0.947265625,15,91.03401184082031
0.96484375,10,91.0365948677063
0.96484375,10,91.03918099403381
0.96484375,10,91.0420069694519
-1,7,91.04415106773376
0.96484375,10,91.04679608345032
0.9578125,12,91.04968285560608
0.96484375,10,91.05241990089417
0.9578125,12,91.05558180809021
0.93671875,18,91.0602056980133
0.96484375,10,91.06298899650574
0.961328125,11,91.06618189811707
0.96484375,10,91.06883096694946
0.961328125,11,91.07161283493042
0.96484375,10,91.07424211502075
0.96484375,10,91.07689094543457
0.961328125,11,91.07977795600891
0.95078125,14,91.08342790603638
0.96484375,10,91.08618497848511
0.96484375,10,91.08881998062134
0.96484375,10,91.09164500236511
0.96484375,10,91.09438276290894
0.96484375,10,91.09693479537964
0.961328125,11,91.09964895248413
0.96484375,10,91.1022379398346
0.92265625,22,91.10809588432312
0.954296875,13,91.11164593696594
0.954296875,13,91.1153028011322
-1,1,91.11587476730347
0.96484375,10,91.11847496032715
0.96484375,10,91.12107801437378
0.961328125,11,91.12429785728455
0.961328125,11,91.12732696533203
0.9578125,12,91.13027572631836
0.954296875,13,91.1337399482727
-1,1,91.13420701026917
0.954296875,13,91.13800096511841
0.9578125,12,91.1412398815155
0.92265625,22,91.14836978912354
-1,8,91.15150094032288
0.954296875,13,91.15746879577637
0.961328125,11,91.16154503822327
0.9578125,12,91.16659784317017
0.9578125,12,91.17163395881653
0.933203125,19,91.17913603782654
0.954296875,13,91.18460893630981
0.961328125,11,91.18926167488098
0.961328125,11,91.19207787513733
0.954296875,13,91.19526791572571
0.9578125,12,91.19849586486816
0.954296875,13,91.20171594619751
-1,2,91.20266485214233
0.961328125,11,91.20711994171143
0.954296875,13,91.21241688728333
0.947265625,15,91.21795892715454
0.96484375,10,91.22240900993347
-1,6,91.22489380836487
0.940234375,17,91.23200488090515
0.95078125,14,91.2373960018158
-1,2,91.23853492736816
0.961328125,11,91.24328970909119
0.96484375,10,91.24696183204651
0.96484375,10,91.25092482566833
0.954296875,13,91.25604677200317
0.947265625,15,91.25990080833435
-1,16,91.26446795463562
0.96484375,10,91.26715183258057
-1,3,91.26828598976135
0.9578125,12,91.27113604545593
0.9578125,12,91.2742829322815
0.96484375,10,91.27714586257935
0.961328125,11,91.28044390678406
0.961328125,11,91.28330707550049
0.954296875,13,91.2867579460144
0.9578125,12,91.2901759147644
0.961328125,11,91.29341173171997
0.95078125,14,91.29708170890808
0.947265625,15,91.30109596252441
0.96484375,10,91.30388188362122
0.9578125,12,91.30704998970032
0.96484375,10,91.30961894989014
0.9296875,20,91.31512498855591
0.96484375,10,91.31767988204956
0.9578125,12,91.320791721344
0.9578125,12,91.32410287857056
0.9578125,12,91.32732701301575
0.961328125,11,91.3300359249115
0.9578125,12,91.33312201499939
0.933203125,19,91.338045835495
0.9578125,12,91.34097385406494
0.933203125,19,91.3454909324646
0.96484375,10,91.34803795814514
0.9578125,12,91.3512110710144
0.92265625,22,91.35727381706238
0.961328125,11,91.36025285720825
0.947265625,15,91.3642029762268
0.9578125,12,91.36719989776611
0.96484375,10,91.36977791786194
0.96484375,10,91.37234306335449
0.9296875,20,91.37788081169128
0.947265625,15,91.3818187713623
0.96484375,10,91.38429689407349
0.95078125,14,91.38778901100159
0.96484375,10,91.39052486419678
0.933203125,19,91.39533591270447
0.9578125,12,91.39858794212341
0.940234375,17,91.40314388275146
0.947265625,15,91.40709185600281
0.9578125,12,91.41013407707214
0.96484375,10,91.41293001174927
0.96484375,10,91.41564083099365
0.9578125,12,91.41854786872864
0.947265625,15,91.42276883125305
0.926171875,21,91.42796993255615
0.954296875,13,91.43166375160217
0.954296875,13,91.43500804901123
0.9578125,12,91.43812394142151
0.96484375,10,91.44073295593262
0.96484375,10,91.44316601753235
0.947265625,15,91.44700074195862
0.96484375,10,91.44973373413086
0.9578125,12,91.45290875434875
0.96484375,10,91.45541405677795
0.96484375,10,91.45814776420593
0.961328125,11,91.4613938331604
0.94375,16,91.4658739566803
0.96484375,10,91.46848893165588
0.9578125,12,91.47201108932495
0.947265625,15,91.47592878341675
0.96484375,10,91.47851276397705
0.961328125,11,91.48161578178406
0.9578125,12,91.48467087745667
0.95078125,14,91.48838305473328
0.95078125,14,91.49250674247742
0.954296875,13,91.49584197998047
0.954296875,13,91.49901485443115
0.961328125,11,91.5019907951355
0.96484375,10,91.50470185279846
0.961328125,11,91.50766801834106
0.96484375,10,91.5101990699768
0.961328125,11,91.5131938457489
0.954296875,13,91.51642298698425
0.96484375,10,91.51879692077637
0.95078125,14,91.52195572853088
0.940234375,17,91.52646613121033
0.94375,16,91.5307068824768
0.96484375,10,91.53333878517151
0.9578125,12,91.53648686408997
0.95078125,14,91.54000997543335
0.940234375,17,91.54464101791382
0.947265625,15,91.54859495162964
0.9578125,12,91.55153274536133
0.95078125,14,91.55508589744568
-1,1,91.55571413040161
0.95078125,14,91.55930089950562
0.947265625,15,91.5628490447998
0.961328125,11,91.5660228729248
0.9296875,20,91.57129979133606
0.96484375,10,91.57373189926147
0.96484375,10,91.57639980316162
0.96484375,10,91.5790548324585
0.961328125,11,91.58192586898804
0.95078125,14,91.58529782295227
0.92265625,22,91.59144973754883
0.961328125,11,91.59440779685974
0.95078125,14,91.59805989265442
0.961328125,11,91.60097479820251
0.96484375,10,91.60350394248962
0.926171875,21,91.60914301872253
0.919140625,23,91.61490201950073
0.96484375,10,91.61742281913757
0.954296875,13,91.6209168434143
0.9578125,12,91.62388491630554
0.96484375,10,91.6265389919281
0.961328125,11,91.62941789627075
0.961328125,11,91.63237881660461
0.96484375,10,91.63479971885681
0.96484375,10,91.63737869262695
0.954296875,13,91.64075803756714
0.954296875,13,91.6439597606659
0.954296875,13,91.64708304405212
0.96484375,10,91.64963293075562
0.96484375,10,91.65221405029297
0.954296875,13,91.65517497062683
0.9578125,12,91.65854072570801
-1,1,91.65913605690002
0.940234375,17,91.66355204582214
0.96484375,10,91.66700387001038
0.96484375,10,91.66958379745483
0.95078125,14,91.67330193519592
0.96484375,10,91.67579698562622
0.954296875,13,91.67906785011292
0.947265625,15,91.68324589729309
0.96484375,10,91.68563580513
0.933203125,19,91.69053173065186
0.961328125,11,91.69358682632446
0.954296875,13,91.69678092002869
0.947265625,15,91.70064282417297
0.96484375,10,91.70325565338135
0.9578125,12,91.70653176307678
0.96484375,10,91.70920181274414
0.9578125,12,91.71226978302002
0.947265625,15,91.71637201309204
0.95078125,14,91.71986985206604
0.96484375,10,91.72239995002747
0.933203125,19,91.72713804244995
0.96484375,10,91.72966599464417
0.96484375,10,91.73239302635193
0.947265625,15,91.73606491088867
0.961328125,11,91.73889899253845
0.94375,16,91.7433249950409
0.961328125,11,91.7462158203125
0.94375,16,91.75018501281738
0.961328125,11,91.75302982330322
0.9578125,12,91.7561628818512
0.9578125,12,91.75910305976868
0.95078125,14,91.76417088508606
0.961328125,11,91.76851296424866
0.94375,16,91.77730989456177
0.95078125,14,91.78276205062866
-1,1,91.78388571739197
0.9578125,12,91.78829288482666
0.9578125,12,91.79307699203491
0.9578125,12,91.79781293869019
0.9578125,12,91.80259466171265
0.961328125,11,91.80679607391357
0.961328125,11,91.81073784828186
0.96484375,10,91.81440782546997
0.9578125,12,91.8191249370575
0.961328125,11,91.82371187210083
0.9578125,12,91.82852482795715
0.96484375,10,91.83239388465881
0.947265625,15,91.83869791030884
0.919140625,23,91.84860801696777
0.9578125,12,91.85370588302612
0.96484375,10,91.85786080360413
0.95078125,14,91.86362290382385
0.95078125,14,91.8686957359314
0.940234375,17,91.87528872489929
0.961328125,11,91.88025689125061
0.96484375,10,91.88293409347534
0.9578125,12,91.88612103462219
0.96484375,10,91.88854885101318
0.96484375,10,91.8914749622345
0.96484375,10,91.89411568641663
0.954296875,13,91.89758491516113
-1,7,91.89935994148254
0.926171875,21,91.90422081947327
0.9578125,12,91.90738677978516
0.9578125,12,91.9105589389801
0.96484375,10,91.91302180290222
0.9578125,12,91.91614389419556
0.947265625,15,91.91988778114319
0.954296875,13,91.92328691482544
0.96484375,10,91.92602181434631
0.96484375,10,91.92858910560608
0.95078125,14,91.93207383155823
0.961328125,11,91.93485188484192
0.94375,16,91.9387629032135
0.95078125,14,91.94243478775024
0.961328125,11,91.94532680511475
-1,2,91.9460928440094
0.954296875,13,91.94960284233093
0.940234375,17,91.95393300056458
0.95078125,14,91.95753693580627
0.93671875,18,91.96233081817627
0.96484375,10,91.964919090271
0.96484375,10,91.96754789352417
0.96484375,10,91.9701828956604
0.954296875,13,91.973552942276
0.95078125,14,91.97712993621826
0.947265625,15,91.98088788986206
0.933203125,19,91.98602175712585
0.947265625,15,91.98971700668335
0.96484375,10,91.99222183227539
0.96484375,10,91.99500274658203
0.947265625,15,91.99862885475159
0.954296875,13,92.00177788734436
0.933203125,19,92.00703477859497
-1,1,92.00779485702515
0.96484375,10,92.01030397415161
0.96484375,10,92.01277685165405
0.94375,16,92.01686596870422
0.9578125,12,92.02003288269043
0.96484375,10,92.0225579738617
-1,4,92.02388405799866
0.933203125,19,92.02876591682434
0.95078125,14,92.03229999542236
0.961328125,11,92.03501892089844
0.96484375,10,92.0374698638916
-1,12,92.04061698913574
0.94375,16,92.04433584213257
0.919140625,23,92.05046200752258
0.9578125,12,92.05376267433167
0.9578125,12,92.05703091621399
0.954296875,13,92.06012082099915
0.961328125,11,92.0628490447998
0.954296875,13,92.06621384620667
0.961328125,11,92.06897783279419
0.94375,16,92.07288765907288
0.94375,16,92.07686305046082
0.95078125,14,92.08065485954285
0.93671875,18,92.0853579044342
0.96484375,10,92.08812069892883
0.940234375,17,92.09310579299927
0.92265625,22,92.09885287284851
0.961328125,11,92.10205698013306
0.9578125,12,92.10510277748108
0.919140625,23,92.11081504821777
0.961328125,11,92.11351299285889
0.954296875,13,92.11675190925598
0.96484375,10,92.11937475204468
0.961328125,11,92.12203598022461
0.95078125,14,92.12557697296143
0.961328125,11,92.12834882736206
0.954296875,13,92.13159394264221
0.9578125,12,92.13475298881531
0.9578125,12,92.13758993148804
0.954296875,13,92.14098787307739
0.926171875,21,92.14573168754578
0.961328125,11,92.14852571487427
0.940234375,17,92.15286779403687
0.96484375,10,92.15553998947144
0.961328125,11,92.15839886665344
0.96484375,10,92.16108584403992
0.95078125,14,92.16469883918762
0.9578125,12,92.16783165931702
0.9578125,12,92.17081499099731
0.94375,16,92.17499279975891
0.96484375,10,92.17750597000122
0.933203125,19,92.18239092826843
0.961328125,11,92.18510794639587
0.961328125,11,92.18802785873413
0.947265625,15,92.19185900688171
0.961328125,11,92.19469594955444
0.933203125,19,92.19960880279541
0.96484375,10,92.2022647857666
-1,2,92.20297503471375
0.92265625,22,92.20803475379944
0.96484375,10,92.21068072319031
0.954296875,13,92.21390795707703
0.96484375,10,92.21641492843628
0.96484375,10,92.21894097328186
0.933203125,19,92.2238757610321
0.9578125,12,92.22679877281189
0.961328125,11,92.22967386245728
0.96484375,10,92.23232698440552
0.961328125,11,92.23519992828369
0.9578125,12,92.23820805549622
0.947265625,15,92.24233484268188
0.9578125,12,92.24531984329224
0.96484375,10,92.24794912338257
0.947265625,15,92.25193381309509
0.9578125,12,92.2553117275238
0.947265625,15,92.2595899105072
0.96484375,10,92.26212191581726
0.95078125,14,92.26566290855408
0.96484375,10,92.26814794540405
0.954296875,13,92.27142190933228
0.947265625,15,92.27487993240356
0.9578125,12,92.27784085273743
0.96484375,10,92.28030276298523
0.954296875,13,92.2834689617157
0.947265625,15,92.28716278076172
0.95078125,14,92.29074788093567
0.9578125,12,92.29384970664978
0.961328125,11,92.29642081260681
0.9578125,12,92.2995707988739
0.94375,16,92.30400586128235
0.954296875,13,92.30798697471619
0.94375,16,92.311851978302
0.954296875,13,92.31529402732849
0.961328125,11,92.31817698478699
0.94375,16,92.32201600074768
0.947265625,15,92.32595992088318
0.9578125,12,92.32912278175354
0.961328125,11,92.33220481872559
0.954296875,13,92.33550691604614
0.940234375,17,92.34001684188843
0.96484375,10,92.34252595901489
0.94375,16,92.34663486480713
0.95078125,14,92.35004997253418
0.954296875,13,92.35329985618591
0.961328125,11,92.35624980926514
0.96484375,10,92.35866808891296
0.9578125,12,92.36159682273865
0.947265625,15,92.36533975601196
-1,5,92.36694669723511
0.961328125,11,92.3698308467865
0.954296875,13,92.37349510192871
0.95078125,14,92.3774049282074
0.94375,16,92.38157272338867
0.961328125,11,92.38433575630188
0.954296875,13,92.38776302337646
0.95078125,14,92.39143085479736
0.95078125,14,92.39483284950256
0.95078125,14,92.39858388900757
0.96484375,10,92.40121793746948
0.9578125,12,92.40439295768738
0.961328125,11,92.4072368144989
0.961328125,11,92.41001987457275
0.961328125,11,92.41306400299072
0.961328125,11,92.41670989990234
0.9578125,12,92.4197108745575
0.933203125,19,92.4244339466095
0.96484375,10,92.42711186408997
0.96484375,10,92.42960596084595
0.96484375,10,92.43225288391113
0.9578125,12,92.43551278114319
0.95078125,14,92.43911600112915
0.947265625,15,92.44322085380554
0.947265625,15,92.44679975509644
0.961328125,11,92.44952988624573
0.947265625,15,92.45334506034851
0.947265625,15,92.45696377754211
0.961328125,11,92.4598400592804
0.9578125,12,92.4629898071289
0.94375,16,92.46724772453308
0.96484375,10,92.46999096870422
0.96484375,10,92.47236680984497
0.95078125,14,92.47612690925598
0.9578125,12,92.47913980484009
0.95078125,14,92.48295974731445
0.94375,16,92.48710775375366
0.954296875,13,92.49147891998291
0.96484375,10,92.49395084381104
0.96484375,10,92.49630069732666
0.94375,16,92.50057983398438
0.947265625,15,92.50440788269043
0.96484375,10,92.5070149898529
0.9578125,12,92.51048707962036
0.96484375,10,92.51337790489197
0.9578125,12,92.51658487319946
0.9578125,12,92.52045798301697
0.940234375,17,92.5250518321991
0.961328125,11,92.52791285514832
0.96484375,10,92.53045678138733
0.954296875,13,92.53368592262268
0.95078125,14,92.53719973564148
0.96484375,10,92.53974390029907
0.95078125,14,92.5433418750763
0.96484375,10,92.54580187797546
0.96484375,10,92.54836082458496
0.9578125,12,92.55139899253845
0.961328125,11,92.5540599822998
0.9578125,12,92.55709791183472
0.954296875,13,92.56067776679993
0.95078125,14,92.5643138885498
0.940234375,17,92.56872701644897
0.954296875,13,92.57212591171265
0.9578125,12,92.57553577423096
0.954296875,13,92.57890582084656
0.940234375,17,92.58335781097412
0.961328125,11,92.58616781234741
0.90859375,26,92.59264278411865
0.961328125,11,92.59540510177612
0.96484375,10,92.59794473648071
0.96484375,10,92.60064482688904
0.9578125,12,92.6035749912262
-1,3,92.60458874702454
0.9578125,12,92.60779595375061
0.96484375,10,92.61044573783875
0.9578125,12,92.61354088783264
0.94375,16,92.6179609298706
0.9578125,12,92.62103199958801
-1,1,92.62152075767517
0.95078125,14,92.62500977516174
0.961328125,11,92.62857699394226
0.9578125,12,92.63170576095581
0.940234375,17,92.63613486289978
0.94375,16,92.64112091064453
0.96484375,10,92.64376878738403
-1,5,92.64563584327698
0.954296875,13,92.64909076690674
0.9578125,12,92.65208077430725
0.940234375,17,92.65645599365234
0.96484375,10,92.65898585319519
0.961328125,11,92.66187787055969
0.9578125,12,92.66477179527283
0.961328125,11,92.66763806343079
0.926171875,21,92.67273592948914
0.95078125,14,92.67599678039551
0.96484375,10,92.67857789993286
0.9578125,12,92.68155193328857
0.95078125,14,92.68499684333801
0.96484375,10,92.68752789497375
0.96484375,10,92.69019174575806
0.9578125,12,92.69341492652893
0.96484375,10,92.695791721344
0.954296875,13,92.69913482666016
0.96484375,10,92.70182991027832
0.9578125,12,92.70495390892029
0.96484375,10,92.70736575126648
0.954296875,13,92.71060585975647
0.95078125,14,92.71397566795349
0.96484375,10,92.71645188331604
0.961328125,11,92.71943712234497
0.947265625,15,92.72340083122253
0.95078125,14,92.72683382034302
0.961328125,11,92.72969484329224
0.9578125,12,92.73296594619751
0.93671875,18,92.7373788356781
0.954296875,13,92.74064898490906
0.947265625,15,92.74423098564148
-1,1,92.74480104446411
0.961328125,11,92.74758672714233
0.954296875,13,92.75120091438293
0.947265625,15,92.75533080101013
-1,1,92.75586676597595
0.95078125,14,92.75938987731934
0.95078125,14,92.76302289962769
0.94375,16,92.7669460773468
0.96484375,10,92.76946091651917
0.96484375,10,92.77185368537903
0.96484375,10,92.7745590209961
0.95078125,14,92.77792477607727
0.94375,16,92.78197574615479
-1,1,92.7824330329895
0.95078125,14,92.78603982925415
0.940234375,17,92.79041576385498
0.96484375,10,92.79292583465576
0.940234375,17,92.79748582839966
0.95078125,14,92.80083084106445
0.92265625,22,92.80602979660034
0.961328125,11,92.80888485908508
0.9578125,12,92.81171488761902
0.9578125,12,92.81480693817139
0.940234375,17,92.81930589675903
0.954296875,13,92.82279181480408
0.961328125,11,92.82567191123962
0.95078125,14,92.82930588722229
0.96484375,10,92.831857919693
0.9578125,12,92.83505487442017
0.96484375,10,92.83782982826233
0.954296875,13,92.84121584892273
0.96484375,10,92.8437147140503
-1,11,92.84702491760254
0.947265625,15,92.85070276260376
0.954296875,13,92.85382676124573
0.961328125,11,92.85708904266357
0.940234375,17,92.86133408546448
0.961328125,11,92.86430597305298
0.9578125,12,92.86735677719116
0.961328125,11,92.87017798423767
0.92265625,22,92.87571287155151
0.95078125,14,92.87900376319885
0.9578125,12,92.88202691078186
-1,1,92.88257384300232
0.96484375,10,92.88535499572754
0.94375,16,92.88924074172974
0.96484375,10,92.89190077781677
0.93671875,18,92.89659786224365
0.94375,16,92.90059399604797
-1,1,92.90105295181274
0.95078125,14,92.90467190742493
-1,8,92.90689373016357
0.96484375,10,92.90932202339172
0.94375,16,92.91290593147278
-1,3,92.91397094726562
0.96484375,10,92.91654396057129
0.9578125,12,92.91964292526245
0.96484375,10,92.92229080200195
0.947265625,15,92.92622113227844
0.9578125,12,92.92925477027893
0.96484375,10,92.93180179595947
0.954296875,13,92.93529868125916
0.940234375,17,92.93977189064026
0.93671875,18,92.94432997703552
0.961328125,11,92.9478747844696
0.919140625,23,92.95381879806519
0.9578125,12,92.95714998245239
0.96484375,10,92.95988774299622
0.94375,16,92.96425175666809
0.926171875,21,92.96933889389038
0.95078125,14,92.97305703163147
-1,1,92.97356295585632
0.919140625,23,92.97884893417358
0.933203125,19,92.98361587524414
0.96484375,10,92.98622393608093
0.9578125,12,92.98968505859375
-1,1,92.99030303955078
0.94375,16,92.99452090263367
0.96484375,10,92.99697685241699
0.9578125,12,92.99985790252686
0.947265625,15,93.00353193283081
0.96484375,10,93.00615406036377
0.9578125,12,93.00919604301453
0.96484375,10,93.01190185546875
0.954296875,13,93.01539087295532
0.95078125,14,93.01950597763062
0.93671875,18,93.02413892745972
0.95078125,14,93.02793502807617
0.961328125,11,93.03109788894653
0.96484375,10,93.033695936203
0.9578125,12,93.036789894104
0.954296875,13,93.04015588760376
0.9578125,12,93.04323482513428
0.96484375,10,93.04563307762146
-1,1,93.0461540222168
0.94375,16,93.0505518913269
-1,3,93.05174088478088
0.961328125,11,93.05479288101196
0.9578125,12,93.0579137802124
0.940234375,17,93.0621428489685
0.912109375,25,93.06875801086426
0.940234375,17,93.07357001304626
0.940234375,17,93.07773995399475
0.961328125,11,93.0805869102478
0.95078125,14,93.08414793014526
0.961328125,11,93.086984872818
0.9578125,12,93.09007787704468
0.94375,16,93.0943329334259
0.96484375,10,93.09687185287476
0.961328125,11,93.0997576713562
-1,2,93.10049295425415
0.954296875,13,93.10371780395508
0.96484375,10,93.10628771781921
0.954296875,13,93.10954594612122
0.9578125,12,93.11300683021545
0.961328125,11,93.11629176139832
0.96484375,10,93.11890983581543
0.9578125,12,93.12208485603333
0.961328125,11,93.12495279312134
0.961328125,11,93.12780690193176
0.919140625,23,93.13290190696716
0.9578125,12,93.13599371910095
0.96484375,10,93.13857889175415
0.954296875,13,93.1415810585022
0.961328125,11,93.14434885978699
0.96484375,10,93.14688277244568
0.9578125,12,93.15036582946777
-1,17,93.15478491783142
0.95078125,14,93.15818810462952
0.96484375,10,93.1607038974762
0.94375,16,93.16435289382935
0.9578125,12,93.16738200187683
0.954296875,13,93.17087578773499
0.96484375,10,93.17409777641296
0.96484375,10,93.17695474624634
0.92265625,22,93.18237805366516
0.9578125,12,93.18554186820984
0.96484375,10,93.1881730556488
0.9296875,20,93.19317507743835
0.947265625,15,93.19703888893127
0.954296875,13,93.20062685012817
0.9578125,12,93.20361590385437
0.933203125,19,93.20838785171509
0.947265625,15,93.21214485168457
0.94375,16,93.2161557674408
0.96484375,10,93.21889209747314
0.93671875,18,93.22362494468689
0.96484375,10,93.22610378265381
0.926171875,21,93.23205304145813
0.96484375,10,93.2345929145813
0.94375,16,93.23864388465881
0.9578125,12,93.24179577827454
0.94375,16,93.24573802947998
0.9578125,12,93.24880576133728
0.961328125,11,93.25186777114868
0.961328125,11,93.25468897819519
0.940234375,17,93.25964188575745
0.961328125,11,93.2624409198761
0.9296875,20,93.26733589172363
0.961328125,11,93.27185106277466
0.961328125,11,93.2767276763916
0.96484375,10,93.28039979934692
0.954296875,13,93.2869520187378
0.94375,16,93.29325079917908
0.93671875,18,93.30035996437073
0.96484375,10,93.30470609664917
0.93671875,18,93.3108229637146
0.9578125,12,93.31538367271423
0.940234375,17,93.3231680393219
0.96484375,10,93.32711386680603
0.96484375,10,93.33040475845337
0.940234375,17,93.33743095397949
-1,16,93.34175682067871
0.96484375,10,93.34434485435486
0.96484375,10,93.3469467163086
0.94375,16,93.35379672050476
0.961328125,11,93.359543800354
0.95078125,14,93.36570072174072
0.96484375,10,93.3706579208374
0.954296875,13,93.37536478042603
0.96484375,10,93.37973976135254
0.96484375,10,93.38240194320679
0.96484375,10,93.38488602638245
0.9578125,12,93.38813591003418
0.961328125,11,93.39145803451538
0.96484375,10,93.39412999153137
-1,1,93.39459466934204
0.940234375,17,93.39923477172852
0.961328125,11,93.40212893486023
0.96484375,10,93.40462899208069
0.96484375,10,93.40712094306946
0.9578125,12,93.41016507148743
0.961328125,11,93.41293287277222
0.961328125,11,93.4156858921051
-1,2,93.41631698608398
0.9578125,12,93.41944289207458
0.96484375,10,93.4219799041748
0.933203125,19,93.42696285247803
0.95078125,14,93.4307279586792
0.96484375,10,93.43331098556519
0.95078125,14,93.43711185455322
0.954296875,13,93.44051790237427
0.961328125,11,93.44328689575195
0.96484375,10,93.44593286514282
0.961328125,11,93.44864797592163
0.96484375,10,93.45126080513
0.954296875,13,93.45438289642334
0.947265625,15,93.45838904380798
0.9578125,12,93.46135878562927
0.961328125,11,93.4642539024353
0.95078125,14,93.46807789802551
0.947265625,15,93.47248888015747
0.954296875,13,93.47557091712952
0.954296875,13,93.4786307811737
0.933203125,19,93.48359179496765
0.947265625,15,93.48764276504517
0.9578125,12,93.49187779426575
0.95078125,14,93.49584984779358
-1,1,93.49630069732666
0.96484375,10,93.49876880645752
0.9578125,12,93.50196504592896
0.95078125,14,93.50555896759033
0.954296875,13,93.50906491279602
0.9578125,12,93.51219391822815
0.9578125,12,93.51529383659363
0.95078125,14,93.51879978179932
0.961328125,11,93.52169489860535
0.961328125,11,93.52473187446594
0.93671875,18,93.52917981147766
-1,10,93.53225088119507
0.961328125,11,93.53497076034546
0.9578125,12,93.53815078735352
0.96484375,10,93.54067468643188
0.947265625,15,93.54454302787781
0.961328125,11,93.54737997055054
0.94375,16,93.55172204971313
0.96484375,10,93.55447196960449
-1,13,93.55831599235535
0.96484375,10,93.56085085868835
0.95078125,14,93.56421566009521
0.961328125,11,93.56723093986511
0.947265625,15,93.57094192504883
0.947265625,15,93.57468700408936
0.95078125,14,93.57876992225647
0.961328125,11,93.58179783821106
0.961328125,11,93.58480596542358
0.95078125,14,93.58890295028687
-1,4,93.59043288230896
0.9578125,12,93.59342098236084
0.96484375,10,93.59605288505554
0.94375,16,93.59994602203369
0.954296875,13,93.603022813797
0.940234375,17,93.6073169708252
0.9578125,12,93.61018896102905
0.96484375,10,93.61272501945496
0.954296875,13,93.61603093147278
0.95078125,14,93.61939406394958
0.926171875,21,93.62466096878052
0.95078125,14,93.6281189918518
0.96484375,10,93.63055276870728
0.95078125,14,93.63406801223755
0.96484375,10,93.63658285140991
0.947265625,15,93.64056873321533
0.940234375,17,93.64801001548767
-1,1,93.64859175682068
0.961328125,11,93.6530077457428
0.96484375,10,93.65669298171997
0.954296875,13,93.66218876838684
0.96484375,10,93.66590070724487
0.9578125,12,93.670982837677
0.940234375,17,93.67742586135864
0.940234375,17,93.68379187583923
0.96484375,10,93.68739795684814
0.961328125,11,93.69117498397827
0.9578125,12,93.69481182098389
0.94375,16,93.70027804374695
0.947265625,15,93.70506191253662
0.954296875,13,93.7094898223877
0.95078125,14,93.7136447429657
0.95078125,14,93.71960496902466
0.961328125,11,93.72311282157898
0.96484375,10,93.72697973251343
0.961328125,11,93.73145079612732
0.9578125,12,93.73584485054016
0.9578125,12,93.74086785316467
0.96484375,10,93.74425888061523
0.9578125,12,93.74907493591309
0.9578125,12,93.75311088562012
0.94375,16,93.75921106338501
0.95078125,14,93.76324987411499
0.94375,16,93.76851296424866
0.947265625,15,93.77296781539917
0.919140625,23,93.77907085418701
0.954296875,13,93.78308391571045
0.954296875,13,93.78741884231567
0.96484375,10,93.79069685935974
0.94375,16,93.79748773574829
0.9578125,12,93.80162191390991
0.95078125,14,93.8064477443695
0.94375,16,93.81143093109131
0.954296875,13,93.8165807723999
0.961328125,11,93.81973195075989
0.954296875,13,93.82410502433777
0.954296875,13,93.82862782478333
0.9578125,12,93.83239078521729
0.961328125,11,93.83627390861511
0.933203125,19,93.84265971183777
0.9578125,12,93.84707880020142
-1,2,93.84795904159546
-1,1,93.84865880012512
-1,6,93.85091590881348
0.9578125,12,93.85519790649414
0.95078125,14,93.8595221042633
0.954296875,13,93.86433792114258
0.947265625,15,93.868812084198
0.96484375,10,93.87273502349854
0.96484375,10,93.87631583213806
0.96484375,10,93.87945175170898
0.94375,16,93.88379192352295
0.96484375,10,93.88647603988647
0.9578125,12,93.88956379890442
0.96484375,10,93.89194297790527
0.96484375,10,93.89449191093445
0.9578125,12,93.89784502983093
0.9578125,12,93.90156078338623
0.947265625,15,93.905357837677
0.954296875,13,93.90871787071228
0.96484375,10,93.91134190559387
0.96484375,10,93.91381978988647
0.9578125,12,93.916996717453
0.954296875,13,93.92048192024231
0.93671875,18,93.92559576034546
0.961328125,11,93.92858290672302
0.95078125,14,93.93224096298218
0.954296875,13,93.93591499328613
0.96484375,10,93.93875002861023
-1,7,93.9411289691925
0.947265625,15,93.94508075714111
0.95078125,14,93.94865894317627
0.96484375,10,93.95131278038025
0.947265625,15,93.95482802391052
0.96484375,10,93.9574658870697
0.933203125,19,93.96211671829224
0.926171875,21,93.96742081642151
0.954296875,13,93.97103595733643
0.93671875,18,93.97579288482666
0.961328125,11,93.97873210906982
0.954296875,13,93.9821629524231
0.9578125,12,93.98533391952515
0.9578125,12,93.9883017539978
0.93671875,18,93.99262595176697
0.940234375,17,93.99706792831421
0.947265625,15,94.00120091438293
0.95078125,14,94.00478172302246
0.947265625,15,94.00865697860718
0.96484375,10,94.0113480091095
0.95078125,14,94.01663589477539
0.947265625,15,94.02045488357544
0.96484375,10,94.02319884300232
0.9296875,20,94.0283739566803
0.947265625,15,94.0325288772583
0.947265625,15,94.03648591041565
0.9578125,12,94.03966903686523
0.95078125,14,94.04326891899109
0.961328125,11,94.04624271392822
0.94375,16,94.05008482933044
0.96484375,10,94.05246996879578
0.96484375,10,94.05501699447632
0.96484375,10,94.05775594711304
0.954296875,13,94.06107807159424
0.9578125,12,94.06407284736633
0.9578125,12,94.06726670265198
0.947265625,15,94.07102990150452
0.961328125,11,94.0737578868866
0.96484375,10,94.07626700401306
0.954296875,13,94.07963395118713
0.933203125,19,94.0843358039856
0.96484375,10,94.08689475059509
0.9578125,12,94.08998775482178
0.96484375,10,94.09249091148376
0.96484375,10,94.09521269798279
-1,1,94.09579181671143
0.947265625,15,94.10002088546753
0.9578125,12,94.1034927368164
0.9578125,12,94.10660409927368
0.961328125,11,94.1095860004425
0.933203125,19,94.11418294906616
0.940234375,17,94.1183717250824
-1,2,94.11923408508301
0.9578125,12,94.12222290039062
0.947265625,15,94.1261339187622
0.96484375,10,94.12893390655518
0.96484375,10,94.13169574737549
0.940234375,17,94.13588094711304
0.94375,16,94.14106798171997
0.954296875,13,94.1451268196106
0.96484375,10,94.14929103851318
0.96484375,10,94.15328788757324
0.95078125,14,94.15886998176575
0.9578125,12,94.16326975822449
0.96484375,10,94.1666088104248
0.947265625,15,94.1724500656128
0.96484375,10,94.17661595344543
-1,19,94.18399596214294
0.954296875,13,94.18840980529785
0.9578125,12,94.19303178787231
0.954296875,13,94.19817185401917
0.961328125,11,94.20267581939697
0.9578125,12,94.20753693580627
0.93671875,18,94.21479606628418
0.961328125,11,94.21817278862
0.954296875,13,94.22374081611633
0.947265625,15,94.22762799263
0.9578125,12,94.23102378845215
0.96484375,10,94.2334668636322
-1,17,94.24016284942627
0.954296875,13,94.24527883529663
0.954296875,13,94.25035381317139
0.94375,16,94.25598382949829
-1,2,94.25668287277222
0.95078125,14,94.26027297973633
0.947265625,15,94.26404476165771
0.93671875,18,94.2685239315033
0.9578125,12,94.27181482315063
0.95078125,14,94.27533388137817
0.954296875,13,94.27863192558289
0.96484375,10,94.28133082389832
0.96484375,10,94.28393292427063
0.947265625,15,94.28791666030884
0.954296875,13,94.29149794578552
0.926171875,21,94.29745101928711
0.961328125,11,94.30028796195984
0.96484375,10,94.3029088973999
0.947265625,15,94.30716705322266
0.9578125,12,94.3102548122406
0.961328125,11,94.31333875656128
0.940234375,17,94.31821489334106
0.95078125,14,94.3218789100647
0.9578125,12,94.32494688034058
0.96484375,10,94.32772994041443
0.961328125,11,94.33042097091675
-1,13,94.33424472808838
0.954296875,13,94.3375780582428
0.961328125,11,94.34046697616577
0.95078125,14,94.34406185150146
0.961328125,11,94.34687376022339
0.9578125,12,94.34980297088623
0.9578125,12,94.35290598869324
0.93671875,18,94.35745310783386
0.96484375,10,94.35991287231445
0.940234375,17,94.36410808563232
0.947265625,15,94.3681857585907
0.9578125,12,94.37136793136597
0.940234375,17,94.37580490112305
0.961328125,11,94.37881588935852
0.954296875,13,94.38232707977295
0.961328125,11,94.38525795936584
0.96484375,10,94.38773393630981
0.96484375,10,94.39031386375427
0.954296875,13,94.39375901222229
0.926171875,21,94.39899706840515
0.95078125,14,94.40263390541077
0.93671875,18,94.40715599060059
0.961328125,11,94.40980672836304
0.9578125,12,94.41286993026733
0.9578125,12,94.41586995124817
0.9578125,12,94.41910886764526
0.9578125,12,94.42244791984558
0.947265625,15,94.42693996429443
0.947265625,15,94.43092393875122
0.940234375,17,94.43552279472351
0.954296875,13,94.43888688087463
0.961328125,11,94.44162893295288
0.954296875,13,94.44494271278381
0.9578125,12,94.44824504852295
0.95078125,14,94.45156979560852
0.954296875,13,94.45490980148315
0.94375,16,94.45890593528748
0.96484375,10,94.46161484718323
0.96484375,10,94.46448087692261
0.94375,16,94.4685697555542
-1,1,94.46914887428284
0.961328125,11,94.47191977500916
0.9578125,12,94.47498488426208
0.961328125,11,94.47776889801025
0.940234375,17,94.48194003105164
0.961328125,11,94.48499393463135
-1,4,94.4863350391388
0.96484375,10,94.48883390426636
0.954296875,13,94.49229168891907
0.9578125,12,94.49524569511414
0.954296875,13,94.4985249042511
-1,9,94.50102496147156
0.954296875,13,94.50434374809265
0.96484375,10,94.5070788860321
0.961328125,11,94.50989294052124
0.940234375,17,94.51427674293518
0.93671875,18,94.51890468597412
0.95078125,14,94.52237010002136
0.96484375,10,94.52507972717285
-1,1,94.5255811214447
0.961328125,11,94.52843976020813
0.96484375,10,94.53085803985596
0.9578125,12,94.53422594070435
0.9296875,20,94.53938674926758
0.96484375,10,94.54211568832397
0.954296875,13,94.54528093338013
0.96484375,10,94.54768681526184
0.954296875,13,94.55091691017151
0.954296875,13,94.55439686775208
0.95078125,14,94.55843782424927
0.961328125,11,94.56147480010986
0.961328125,11,94.56450486183167
0.961328125,11,94.5676748752594
0.94375,16,94.57208776473999
0.96484375,10,94.5744948387146
0.954296875,13,94.5777690410614
-1,2,94.57838892936707
0.940234375,17,94.58265972137451
0.89453125,30,94.59032607078552
0.954296875,13,94.59371900558472
0.9578125,12,94.59667086601257
0.961328125,11,94.59931492805481
0.95078125,14,94.60320997238159
0.96484375,10,94.60598492622375
0.96484375,10,94.60865592956543
0.961328125,11,94.61163091659546
0.95078125,14,94.61511087417603
0.96484375,10,94.61765098571777
0.915625,24,94.62377285957336
0.95078125,14,94.62756395339966
-1,1,94.62818574905396
0.940234375,17,94.63275694847107
0.96484375,10,94.63535284996033
0.9578125,12,94.63897490501404
0.96484375,10,94.64166975021362
0.96484375,10,94.6443419456482
0.96484375,10,94.64710283279419
0.96484375,10,94.64974784851074
0.961328125,11,94.65250778198242
-1,1,94.65293788909912
0.9578125,12,94.65633988380432
0.96484375,10,94.65899181365967
0.961328125,11,94.66166591644287
0.940234375,17,94.66574096679688
0.96484375,10,94.66842079162598
0.9578125,12,94.67146182060242
0.96484375,10,94.6741898059845
0.947265625,15,94.67793202400208
0.9578125,12,94.6815869808197
0.9578125,12,94.68469572067261
0.961328125,11,94.68755984306335
0.933203125,19,94.69256401062012
0.961328125,11,94.69548082351685
-1,10,94.69814395904541
0.961328125,11,94.70129108428955
0.954296875,13,94.70470976829529
0.961328125,11,94.70759892463684
0.9578125,12,94.71068072319031
0.9296875,20,94.71589183807373
0.95078125,14,94.71961879730225
0.954296875,13,94.72311687469482
0.92265625,22,94.72841382026672
0.96484375,10,94.73097586631775
0.947265625,15,94.73498606681824
0.96484375,10,94.7376320362091
0.954296875,13,94.74117398262024
0.9578125,12,94.74431490898132
0.96484375,10,94.74669599533081
0.940234375,17,94.75096774101257
-1,6,94.75281000137329
0.96484375,10,94.75534272193909
0.961328125,11,94.75820899009705
0.947265625,15,94.76202082633972
0.961328125,11,94.76511788368225
0.93671875,18,94.76995587348938
0.9578125,12,94.77344489097595
0.95078125,14,94.7779438495636
0.947265625,15,94.78199982643127
0.96484375,10,94.78462481498718
0.96484375,10,94.78708505630493
0.926171875,21,94.79257988929749
0.961328125,11,94.7956268787384
0.954296875,13,94.7990288734436
0.961328125,11,94.80186891555786
0.9578125,12,94.80487608909607
0.96484375,10,94.8078978061676
0.96484375,10,94.81055474281311
0.96484375,10,94.81309080123901
0.961328125,11,94.8159818649292
0.96484375,10,94.81844782829285
0.954296875,13,94.82183694839478
0.9296875,20,94.82686495780945
0.92265625,22,94.83261895179749
0.96484375,10,94.83519577980042
0.95078125,14,94.83906674385071
0.954296875,13,94.84273791313171
0.954296875,13,94.84615397453308
0.96484375,10,94.84875082969666
0.954296875,13,94.85218095779419
0.95078125,14,94.8558099269867
0.94375,16,94.86041402816772
-1,1,94.86097192764282
0.92265625,22,94.86654591560364
0.96484375,10,94.86916780471802
0.96484375,10,94.87187480926514
0.905078125,27,94.8784167766571
0.94375,16,94.88269996643066
0.961328125,11,94.88550996780396
0.96484375,10,94.88804888725281
0.915625,24,94.89384984970093
0.93671875,18,94.89866495132446
0.96484375,10,94.90146899223328
0.961328125,11,94.9044828414917
0.95078125,14,94.90812087059021
0.94375,16,94.91192197799683
0.933203125,19,94.91670608520508
0.954296875,13,94.92040777206421
0.9578125,12,94.92374396324158
0.947265625,15,94.92753195762634
0.96484375,10,94.93047094345093
0.96484375,10,94.93338894844055
0.95078125,14,94.93695378303528
0.95078125,14,94.94048285484314
0.96484375,10,94.9430878162384
0.9578125,12,94.94605588912964
0.9578125,12,94.94959282875061
0.947265625,15,94.95416593551636
0.926171875,21,94.960453748703
0.933203125,19,94.96545577049255
0.95078125,14,94.96892285346985
0.926171875,21,94.97400283813477
0.95078125,14,94.97774171829224
0.9578125,12,94.98109483718872
0.961328125,11,94.98395705223083
0.961328125,11,94.98670697212219
0.9578125,12,94.9899959564209
0.961328125,11,94.99281883239746
0.96484375,10,94.99544191360474
0.961328125,11,94.99888682365417
0.95078125,14,95.00257205963135
0.96484375,10,95.00511479377747
0.96484375,10,95.00783276557922
0.961328125,11,95.01078295707703
0.961328125,11,95.01370286941528
0.926171875,21,95.01928496360779
0.954296875,13,95.02281498908997
0.94375,16,95.02718782424927
0.96484375,10,95.02991008758545
0.9578125,12,95.03301286697388
0.96484375,10,95.03568267822266
-1,15,95.04030990600586
0.947265625,15,95.04448199272156
0.9578125,12,95.0478367805481
0.92265625,22,95.05326700210571
0.954296875,13,95.0567319393158
0.9578125,12,95.06011486053467
0.961328125,11,95.06322884559631
0.954296875,13,95.06686496734619
0.947265625,15,95.07064294815063
0.95078125,14,95.07462882995605
0.9578125,12,95.07781100273132
0.94375,16,95.0822069644928
0.96484375,10,95.08485507965088
0.954296875,13,95.08800482749939
0.9578125,12,95.09110188484192
0.961328125,11,95.09394311904907
0.9578125,12,95.09692192077637
0.96484375,10,95.09969592094421
0.9578125,12,95.10290193557739
0.947265625,15,95.10680079460144
0.954296875,13,95.11030292510986
0.9578125,12,95.1136999130249
0.947265625,15,95.11769795417786
0.93671875,18,95.12244296073914
0.961328125,11,95.12562489509583
0.947265625,15,95.12943482398987
0.947265625,15,95.13337278366089
0.96484375,10,95.13588690757751
0.961328125,11,95.13877773284912
0.9296875,20,95.14516568183899
0.95078125,14,95.15024781227112
0.961328125,11,95.15503597259521
0.93671875,18,95.16281700134277
0.961328125,11,95.16853785514832
0.95078125,14,95.17420697212219
0.926171875,21,95.18267583847046
0.9578125,12,95.18751096725464
0.961328125,11,95.19216990470886
0.93671875,18,95.19922685623169
0.9578125,12,95.20464587211609
0.9578125,12,95.20940375328064
0.96484375,10,95.21344089508057
0.96484375,10,95.21776390075684
0.96484375,10,95.22168707847595
0.96484375,10,95.22595691680908
0.947265625,15,95.2312970161438
0.947265625,15,95.2370879650116
0.94375,16,95.24405789375305
0.94375,16,95.24999284744263
0.9578125,12,95.25556087493896
0.912109375,25,95.2618260383606
0.947265625,15,95.26548099517822
0.9578125,12,95.26854991912842
0.961328125,11,95.27168679237366
0.961328125,11,95.27496600151062
0.947265625,15,95.27878499031067
0.9578125,12,95.28189897537231
0.94375,16,95.28621578216553
0.96484375,10,95.28883290290833
0.947265625,15,95.29275965690613
0.961328125,11,95.2956337928772
0.954296875,13,95.29896783828735
0.9578125,12,95.30204176902771
0.96484375,10,95.30458807945251
0.94375,16,95.30898189544678
0.9578125,12,95.31206202507019
0.96484375,10,95.31471991539001
0.947265625,15,95.31850981712341
0.96484375,10,95.3212480545044
0.933203125,19,95.32587599754333
0.9296875,20,95.33114790916443
0.96484375,10,95.33388376235962
0.940234375,17,95.33854579925537
0.961328125,11,95.34151983261108
0.96484375,10,95.34412908554077
-1,1,95.34458088874817
0.9578125,12,95.34780073165894
0.961328125,11,95.35085391998291
0.95078125,14,95.35406804084778
0.961328125,11,95.35695576667786
0.919140625,23,95.36287903785706
0.947265625,15,95.36674308776855
0.96484375,10,95.36935710906982
0.961328125,11,95.37257289886475
-1,1,95.37312984466553
0.96484375,10,95.37569880485535
0.96484375,10,95.3782410621643
0.9578125,12,95.38218879699707
0.95078125,14,95.38611888885498
0.961328125,11,95.38923501968384
0.9578125,12,95.39239406585693
0.95078125,14,95.39596486091614
0.961328125,11,95.3989748954773
0.96484375,10,95.40142488479614
0.947265625,15,95.40539598464966
0.9578125,12,95.40861701965332
0.961328125,11,95.41155099868774
0.9578125,12,95.41459679603577
0.961328125,11,95.41754293441772
0.96484375,10,95.42023301124573
0.933203125,19,95.42520499229431
0.96484375,10,95.42764806747437
0.96484375,10,95.43070006370544
0.947265625,15,95.43497586250305
0.961328125,11,95.43778371810913
0.96484375,10,95.44022297859192
0.9296875,20,95.44533395767212
0.96484375,10,95.44791293144226
0.954296875,13,95.45104789733887
0.95078125,14,95.45461678504944
0.961328125,11,95.45766401290894
0.954296875,13,95.4609968662262
0.954296875,13,95.46422290802002
0.961328125,11,95.46726775169373
0.9578125,12,95.47066974639893
0.954296875,13,95.4738130569458
0.961328125,11,95.47665476799011
0.9578125,12,95.47970986366272
0.9578125,12,95.48273491859436
0.954296875,13,95.48687291145325
0.96484375,10,95.49006271362305
0.9578125,12,95.49331998825073
0.96484375,10,95.49633193016052
0.954296875,13,95.49975872039795
0.961328125,11,95.50274777412415
0.95078125,14,95.50665283203125
0.9578125,12,95.51017594337463
0.954296875,13,95.5133728981018
0.96484375,10,95.51578903198242
-1,12,95.51889491081238
0.96484375,10,95.5213828086853
0.961328125,11,95.5242829322815
-1,2,95.52512288093567
0.95078125,14,95.52873396873474
0.94375,16,95.53290390968323
0.961328125,11,95.53578186035156
0.94375,16,95.53989791870117
0.9578125,12,95.54279398918152
0.96484375,10,95.54543900489807
0.9578125,12,95.54882478713989
0.947265625,15,95.5525267124176
0.96484375,10,95.55516481399536
0.961328125,11,95.55831384658813
0.961328125,11,95.56125378608704
0.954296875,13,95.564532995224
0.940234375,17,95.5690758228302
0.96484375,10,95.57174611091614
0.961328125,11,95.57465696334839
0.94375,16,95.57865881919861
0.940234375,17,95.58287596702576
0.954296875,13,95.5865089893341
0.947265625,15,95.59037899971008
0.9578125,12,95.59381580352783
0.940234375,17,95.59838008880615
0.9578125,12,95.6013298034668
0.96484375,10,95.6038589477539
0.954296875,13,95.60735583305359
0.95078125,14,95.61106300354004
0.961328125,11,95.61396098136902
0.961328125,11,95.61685085296631
0.961328125,11,95.61968779563904
0.9578125,12,95.6226749420166
0.9578125,12,95.62589907646179
0.95078125,14,95.62944793701172
0.9578125,12,95.63258385658264
0.94375,16,95.6367118358612
0.961328125,11,95.63987398147583
0.96484375,10,95.6426477432251
-1,6,95.64485573768616
0.96484375,10,95.64740896224976
0.933203125,19,95.65217900276184
0.96484375,10,95.65488481521606
0.94375,16,95.65890312194824
0.9578125,12,95.66226983070374
0.93671875,18,95.66706085205078
0.95078125,14,95.67096400260925
0.95078125,14,95.67460083961487
0.961328125,11,95.67751789093018
0.9578125,12,95.68244981765747
0.9578125,12,95.6855719089508
0.96484375,10,95.68806886672974
0.9578125,12,95.69170880317688
0.94375,16,95.6963939666748
0.94375,16,95.70090293884277
0.947265625,15,95.70507502555847
-1,1,95.70557188987732
0.947265625,15,95.70945382118225
0.95078125,14,95.71367979049683
0.96484375,10,95.71633982658386
0.954296875,13,95.71973299980164
0.96484375,10,95.72236180305481
0.954296875,13,95.72561693191528
0.954296875,13,95.72913193702698
0.954296875,13,95.732990026474
0.92265625,22,95.7391209602356
0.961328125,11,95.74228692054749
0.96484375,10,95.74501299858093
0.961328125,11,95.74780797958374
0.93671875,18,95.75278496742249
0.954296875,13,95.75648784637451
0.947265625,15,95.76018571853638
0.9578125,12,95.76333379745483
0.96484375,10,95.76622700691223
0.96484375,10,95.76877999305725
0.96484375,10,95.77131700515747
0.9578125,12,95.77447080612183
0.96484375,10,95.7771966457367
0.9578125,12,95.78025197982788
0.96484375,10,95.78262686729431
0.954296875,13,95.78604793548584
0.954296875,13,95.78948473930359
0.95078125,14,95.7931137084961
0.94375,16,95.79782509803772
0.961328125,11,95.80080103874207
0.940234375,17,95.80544209480286
0.947265625,15,95.80955791473389
0.947265625,15,95.81346297264099
0.94375,16,95.8175048828125
0.93671875,18,95.82199597358704
0.961328125,11,95.8253288269043
0.95078125,14,95.82927107810974
0.9578125,12,95.83239984512329
-1,1,95.83292698860168
0.96484375,10,95.83560609817505
0.93671875,18,95.84020566940308
0.95078125,14,95.84342408180237
0.94375,16,95.84763383865356
0.947265625,15,95.85174775123596
0.947265625,15,95.8554139137268
0.96484375,10,95.85803890228271
0.954296875,13,95.86137795448303
0.95078125,14,95.8650450706482
0.96484375,10,95.86764073371887
0.96484375,10,95.87021589279175
0.94375,16,95.8745129108429
0.96484375,10,95.87720394134521
0.96484375,10,95.87961888313293
0.954296875,13,95.88281989097595
0.96484375,10,95.88546586036682
-1,10,95.88826584815979
0.96484375,10,95.89113187789917
-1,16,95.89578795433044
0.947265625,15,95.89981484413147
0.961328125,11,95.90268993377686
0.947265625,15,95.90693306922913
0.9578125,12,95.91006374359131
0.96484375,10,95.91264390945435
0.9578125,12,95.91578388214111
0.94375,16,95.92006611824036
0.961328125,11,95.92305374145508
-1,1,95.9236810207367
0.96484375,10,95.92635488510132
0.95078125,14,95.93010473251343
0.961328125,11,95.9330849647522
0.961328125,11,95.9359381198883
0.961328125,11,95.93860101699829
0.9296875,20,95.94487977027893
0.954296875,13,95.94872498512268
0.93671875,18,95.95367503166199
0.933203125,19,95.95854902267456
0.905078125,27,95.96501874923706
0.954296875,13,95.96818590164185
0.9578125,12,95.97137379646301
0.9578125,12,95.97483396530151
0.96484375,10,95.97723698616028
0.96484375,10,95.97987294197083
0.961328125,11,95.98298072814941
0.96484375,10,95.9856379032135
0.96484375,10,95.98837399482727
0.9578125,12,95.99197697639465
0.954296875,13,95.99546599388123
0.926171875,21,96.0008020401001
0.95078125,14,96.0044937133789
0.96484375,10,96.00709772109985
0.940234375,17,96.01158666610718
0.95078125,14,96.0155668258667
0.94375,16,96.01951289176941
0.9578125,12,96.02651071548462
0.9578125,12,96.031986951828
0.96484375,10,96.03596591949463
0.961328125,11,96.04097986221313
0.96484375,10,96.04449200630188
0.96484375,10,96.04841589927673
0.96484375,10,96.05103278160095
0.95078125,14,96.05453395843506
0.954296875,13,96.05951380729675
0.954296875,13,96.0647349357605
0.96484375,10,96.06823301315308
0.954296875,13,96.07343173027039
0.93671875,18,96.08084392547607
0.933203125,19,96.08783268928528
0.96484375,10,96.09193086624146
0.95078125,14,96.09648275375366
0.947265625,15,96.10270380973816
0.96484375,10,96.10712504386902
0.95078125,14,96.11213803291321
0.95078125,14,96.11724901199341
0.9578125,12,96.1226658821106
0.954296875,13,96.12653183937073
0.96484375,10,96.13069796562195
0.93671875,18,96.13506293296814
0.954296875,13,96.13847088813782
0.947265625,15,96.1427309513092
0.9578125,12,96.14587497711182
0.96484375,10,96.14827704429626
0.954296875,13,96.15179586410522
-1,12,96.15545606613159
0.933203125,19,96.1602828502655
0.9578125,12,96.16344785690308
0.95078125,14,96.16719794273376
0.961328125,11,96.17012286186218
0.961328125,11,96.1729109287262
0.94375,16,96.17688179016113
0.96484375,10,96.17961287498474
0.96484375,10,96.1822919845581
0.9578125,12,96.18538498878479
0.96484375,10,96.18817901611328
0.926171875,21,96.1935167312622
0.96484375,10,96.19612908363342
0.9578125,12,96.19929885864258
0.96484375,10,96.2018928527832
0.961328125,11,96.20486879348755
0.9578125,12,96.20807981491089
0.96484375,10,96.21059203147888
0.9578125,12,96.21370077133179
0.95078125,14,96.21736884117126
0.96484375,10,96.22004103660583
0.96484375,10,96.22272801399231
0.954296875,13,96.22626900672913
0.933203125,19,96.23120474815369
0.940234375,17,96.235524892807
0.954296875,13,96.23892092704773
0.954296875,13,96.24218988418579
-1,2,96.2429518699646
0.926171875,21,96.24871706962585
0.9578125,12,96.25193691253662
0.954296875,13,96.25546073913574
0.96484375,10,96.2582619190216
0.954296875,13,96.26182079315186
-1,9,96.26439595222473
0.9578125,12,96.26737475395203
0.961328125,11,96.27032494544983
-1,8,96.27294182777405
0.96484375,10,96.2757019996643
0.940234375,17,96.28003191947937
0.9578125,12,96.28345084190369
0.947265625,15,96.28740692138672
0.93671875,18,96.2917709350586
0.96484375,10,96.29457998275757
0.954296875,13,96.29781079292297
0.96484375,10,96.30038976669312
0.96484375,10,96.30308890342712
-1,4,96.30459189414978
0.954296875,13,96.3082709312439
0.954296875,13,96.31149077415466
0.92265625,22,96.3172390460968
0.940234375,17,96.32149505615234
0.926171875,21,96.32785367965698
0.96484375,10,96.33053493499756
0.933203125,19,96.33566069602966
0.96484375,10,96.33839106559753
0.961328125,11,96.3415858745575
0.9578125,12,96.34479475021362
0.96484375,10,96.34733390808105
0.961328125,11,96.3502459526062
0.954296875,13,96.35340595245361
0.947265625,15,96.35752081871033
0.933203125,19,96.36269783973694
0.961328125,11,96.36548185348511
0.947265625,15,96.36952781677246
0.95078125,14,96.3733298778534
0.9578125,12,96.37633109092712
-1,9,96.3788468837738
0.96484375,10,96.38174796104431
-1,5,96.38337206840515
0.940234375,17,96.38773083686829
0.9578125,12,96.39068293571472
0.93671875,18,96.39526510238647
0.954296875,13,96.39863681793213
0.954296875,13,96.40208983421326
0.94375,16,96.40607380867004
0.961328125,11,96.40901398658752
0.96484375,10,96.41168093681335
0.95078125,14,96.41516184806824
0.9578125,12,96.41835284233093
0.961328125,11,96.42143273353577
0.94375,16,96.4256420135498
0.954296875,13,96.42919397354126
0.947265625,15,96.43329691886902
0.96484375,10,96.4359917640686
0.9578125,12,96.43878507614136
0.94375,16,96.44381785392761
0.96484375,10,96.44633793830872
0.954296875,13,96.44959783554077
0.961328125,11,96.45248579978943
0.9578125,12,96.4556930065155
0.954296875,13,96.45914387702942
0.961328125,11,96.46213793754578
0.9578125,12,96.46545100212097
0.95078125,14,96.46937870979309
0.96484375,10,96.47199988365173
0.96484375,10,96.47468185424805
0.961328125,11,96.4777820110321
0.96484375,10,96.48065090179443
0.95078125,14,96.48456692695618
0.9578125,12,96.48813700675964
0.96484375,10,96.49109983444214
0.93671875,18,96.49596071243286
0.961328125,11,96.49887681007385
0.954296875,13,96.50219893455505
0.926171875,21,96.50770878791809
0.961328125,11,96.51085186004639
0.961328125,11,96.51387071609497
0.93671875,18,96.51871109008789
0.95078125,14,96.52260875701904
0.93671875,18,96.52694392204285
0.954296875,13,96.53006482124329
0.961328125,11,96.53284978866577
0.947265625,15,96.53653979301453
0.96484375,10,96.53916692733765
0.954296875,13,96.54277086257935
0.96484375,10,96.54550981521606
0.96484375,10,96.54802894592285
0.954296875,13,96.5515398979187
0.961328125,11,96.55450701713562
0.95078125,14,96.55847501754761
0.954296875,13,96.56177473068237
0.954296875,13,96.56518197059631
0.96484375,10,96.56783390045166
0.940234375,17,96.57194972038269
0.961328125,11,96.57493782043457
-1,17,96.57997012138367
0.954296875,13,96.58363795280457
0.9578125,12,96.58682179450989
0.9578125,12,96.5903217792511
0.9578125,12,96.59357380867004
0.947265625,15,96.59746980667114
0.9578125,12,96.60050106048584
0.95078125,14,96.6041407585144
0.96484375,10,96.60697793960571
0.961328125,11,96.6098837852478
0.933203125,19,96.61584782600403
0.9578125,12,96.62048578262329
-1,16,96.6251950263977
0.947265625,15,96.62917566299438
0.961328125,11,96.63203477859497
0.961328125,11,96.63549494743347
0.9578125,12,96.6388349533081
0.96484375,10,96.65747404098511
0.954296875,13,96.66096091270447
0.940234375,17,96.67475199699402
0.94375,16,96.68428182601929
0.96484375,10,96.69001483917236
0.9578125,12,96.69314002990723
0.9578125,12,96.6962628364563
-1,12,96.6996238231659
0.96484375,10,96.70564794540405
0.96484375,10,96.70904183387756
0.915625,24,96.71538305282593
0.961328125,11,96.72101092338562
0.961328125,11,96.7274239063263
0.96484375,10,96.73214173316956
0.947265625,15,96.74547982215881
0.96484375,10,96.75046396255493
0.954296875,13,96.75627899169922
0.9578125,12,96.75942611694336
0.94375,16,96.76360177993774
0.96484375,10,96.76626586914062
-1,2,96.7670259475708
0.9578125,12,96.77034091949463
0.9578125,12,96.77373790740967
0.96484375,10,96.77632212638855
0.947265625,15,96.78010892868042
0.954296875,13,96.78395700454712
0.93671875,18,96.78873491287231
0.96484375,10,96.79152369499207
0.95078125,14,96.79558086395264
0.961328125,11,96.79883193969727
0.95078125,14,96.80241584777832
-1,3,96.8035819530487
0.96484375,10,96.80642366409302
0.96484375,10,96.80909085273743
0.95078125,14,96.81273698806763
0.96484375,10,96.81523299217224
0.96484375,10,96.81782603263855
0.96484375,10,96.82058382034302
0.96484375,10,96.82343292236328
0.94375,16,96.82787680625916
0.9578125,12,96.83106684684753
0.947265625,15,96.83487796783447
0.95078125,14,96.83821702003479
0.961328125,11,96.8410906791687
0.93671875,18,96.84581875801086
0.961328125,11,96.84895586967468
0.9578125,12,96.85248899459839
0.96484375,10,96.85521006584167
0.96484375,10,96.85770297050476
-1,3,96.85859489440918
0.94375,16,96.86258482933044
0.96484375,10,96.86512780189514
0.96484375,10,96.8676688671112
0.96484375,10,96.87040996551514
-1,1,96.87090682983398
0.96484375,10,96.87377572059631
0.947265625,15,96.87761092185974
0.933203125,19,96.88274002075195
-1,11,96.88643980026245
0.954296875,13,96.89134168624878
0.9578125,12,96.8962049484253
0.96484375,10,96.90037393569946
0.9578125,12,96.90493988990784
0.94375,16,96.910964012146
0.9578125,12,96.91516590118408
0.95078125,14,96.9200348854065
0.95078125,14,96.92491888999939
-1,1,96.9254720211029
0.933203125,19,96.9334728717804
0.94375,16,96.93877387046814
0.9015625,28,96.94948983192444
0.954296875,13,96.9544677734375
0.93671875,18,96.96172499656677
0.912109375,25,96.97172784805298
0.96484375,10,96.97720766067505
0.940234375,17,96.9863018989563
0.961328125,11,96.99003791809082
0.940234375,17,96.99653506278992
0.96484375,10,96.99976301193237
0.940234375,17,97.00652480125427
0.9578125,12,97.0097279548645
0.9578125,12,97.01267576217651
0.940234375,17,97.01714587211609
0.9578125,12,97.02054595947266
-1,12,97.02385997772217
0.96484375,10,97.02648782730103
0.961328125,11,97.02922868728638
0.93671875,18,97.03452491760254
0.96484375,10,97.03723192214966
0.933203125,19,97.04199385643005
0.95078125,14,97.04597568511963
0.961328125,11,97.04876494407654
0.915625,24,97.05474090576172
0.9578125,12,97.05811786651611
0.961328125,11,97.0611960887909
0.9578125,12,97.0642318725586
0.9578125,12,97.06734800338745
0.954296875,13,97.0709478855133
0.961328125,11,97.07389688491821
0.96484375,10,97.0765278339386
0.961328125,11,97.07947087287903
0.9578125,12,97.08277893066406
0.961328125,11,97.08587694168091
0.93671875,18,97.09079194068909
0.9578125,12,97.09414100646973
-1,5,97.09597897529602
0.92265625,22,97.10203909873962
0.94375,16,97.10681796073914
0.954296875,13,97.11024785041809
0.9578125,12,97.1135847568512
0.9578125,12,97.11695384979248
0.96484375,10,97.11961197853088
0.96484375,10,97.12226295471191
0.947265625,15,97.12594676017761
0.954296875,13,97.12926697731018
0.954296875,13,97.13275480270386
0.9578125,12,97.13589668273926
0.96484375,10,97.1385428905487
0.9578125,12,97.1419849395752
0.96484375,10,97.14484190940857
0.954296875,13,97.14806389808655
0.96484375,10,97.15083289146423
0.954296875,13,97.15428590774536
0.940234375,17,97.15866494178772
0.954296875,13,97.16229200363159
0.954296875,13,97.16576790809631
0.961328125,11,97.16881799697876
0.96484375,10,97.17152190208435
0.93671875,18,97.17631888389587
0.954296875,13,97.17972087860107
0.940234375,17,97.1839988231659
0.95078125,14,97.18789792060852
0.947265625,15,97.19216108322144
0.95078125,14,97.1960198879242
0.94375,16,97.20029067993164
0.905078125,27,97.20734691619873
0.954296875,13,97.21080708503723
0.9296875,20,97.21592497825623
0.961328125,11,97.21882486343384
0.96484375,10,97.2213819026947
0.954296875,13,97.22490501403809
0.9578125,12,97.22809886932373
0.9578125,12,97.2313437461853
0.95078125,14,97.23521208763123
0.95078125,14,97.23893570899963
0.947265625,15,97.24287581443787
0.96484375,10,97.24559998512268
0.961328125,11,97.24859976768494
0.96484375,10,97.25124001502991
-1,13,97.25507092475891
0.961328125,11,97.25806903839111
0.933203125,19,97.26270484924316
0.96484375,10,97.26535487174988
0.961328125,11,97.26825499534607
0.95078125,14,97.27257299423218
0.933203125,19,97.27787399291992
0.96484375,10,97.28064203262329
0.96484375,10,97.28324103355408
0.96484375,10,97.28586196899414
0.961328125,11,97.28955483436584
0.9578125,12,97.29309701919556
0.9578125,12,97.29649376869202
0.95078125,14,97.30016779899597
0.947265625,15,97.30413889884949
0.954296875,13,97.30761504173279
0.95078125,14,97.31148290634155
0.96484375,10,97.31418490409851
0.96484375,10,97.31687712669373
-1,1,97.31725072860718
0.9578125,12,97.32046175003052
0.93671875,18,97.32510375976562
0.96484375,10,97.32778286933899
0.961328125,11,97.33071494102478
0.95078125,14,97.3347110748291
0.933203125,19,97.33990287780762
0.94375,16,97.34424591064453
0.96484375,10,97.34691190719604
0.96484375,10,97.34946584701538
0.954296875,13,97.35292887687683
0.96484375,10,97.35564589500427
0.9578125,12,97.35896301269531
0.915625,24,97.36519503593445
0.95078125,14,97.36903595924377
0.93671875,18,97.3738260269165
0.9578125,12,97.37736773490906
0.961328125,11,97.3805079460144
0.96484375,10,97.38303184509277
0.940234375,17,97.3875138759613
0.933203125,19,97.39270877838135
0.96484375,10,97.39515686035156
0.95078125,14,97.39880704879761
0.95078125,14,97.4028069972992
0.947265625,15,97.40690469741821
0.9578125,12,97.41015076637268
0.933203125,19,97.41522097587585
0.9578125,12,97.41833281517029
0.919140625,23,97.42441391944885
0.96484375,10,97.4269449710846
0.95078125,14,97.43073105812073
0.919140625,23,97.43687987327576
0.947265625,15,97.44153881072998
0.961328125,11,97.44464898109436
0.961328125,11,97.44750905036926
0.96484375,10,97.45011401176453
0.96484375,10,97.45275378227234
0.947265625,15,97.4567198753357
0.9578125,12,97.45977592468262
0.95078125,14,97.46328496932983
0.96484375,10,97.46602606773376
0.96484375,10,97.46864986419678
0.954296875,13,97.47242093086243
0.954296875,13,97.47610592842102
0.954296875,13,97.47991490364075
-1,3,97.48138809204102
0.96484375,10,97.48434209823608
0.961328125,11,97.48724794387817
0.961328125,11,97.49016284942627
0.96484375,10,97.49301409721375
0.940234375,17,97.49753975868225
0.96484375,10,97.5003879070282
0.95078125,14,97.50453400611877
0.96484375,10,97.50718474388123
0.954296875,13,97.51060891151428
0.9578125,12,97.51387286186218
0.95078125,14,97.51743698120117
0.92265625,22,97.5238127708435
0.9578125,12,97.52706694602966
0.9578125,12,97.53050708770752
0.9578125,12,97.53411483764648
0.940234375,17,97.53855800628662
0.9578125,12,97.54174375534058
0.96484375,10,97.54441809654236
0.954296875,13,97.54788398742676
0.9578125,12,97.55102682113647
0.94375,16,97.55523085594177
0.954296875,13,97.55887269973755
0.947265625,15,97.56270790100098
0.954296875,13,97.56629204750061
0.95078125,14,97.56975102424622
0.9578125,12,97.57296586036682
0.9578125,12,97.57622385025024
0.96484375,10,97.57889580726624
0.954296875,13,97.58219909667969
0.9578125,12,97.58526277542114
0.947265625,15,97.58947777748108
0.9578125,12,97.59278178215027
0.9578125,12,97.59601283073425
0.95078125,14,97.59975099563599
0.9578125,12,97.60296607017517
0.96484375,10,97.60564875602722
-1,1,97.60632991790771
0.96484375,10,97.60910105705261
0.954296875,13,97.61232900619507
0.961328125,11,97.6153929233551
0.94375,16,97.61962389945984
0.933203125,19,97.62460803985596
0.940234375,17,97.62903189659119
0.961328125,11,97.63174986839294
0.96484375,10,97.63420796394348
0.954296875,13,97.63824796676636
0.94375,16,97.64237189292908
0.95078125,14,97.64632391929626
0.961328125,11,97.65104389190674
0.954296875,13,97.65711784362793
-1,2,97.65830302238464
0.96484375,10,97.66260194778442
0.9578125,12,97.66796898841858
0.9578125,12,97.67132377624512
0.9578125,12,97.67459082603455
0.961328125,11,97.6775770187378
0.954296875,13,97.69016695022583
0.9578125,12,97.69683980941772
0.94375,16,97.7010018825531
0.919140625,23,97.71115398406982
0.9578125,12,97.71877408027649
0.9296875,20,97.7283787727356
-1,1,97.72984385490417
0.9578125,12,97.73716306686401
0.95078125,14,97.74394488334656
0.95078125,14,97.7505578994751
0.933203125,19,97.75818705558777
0.96484375,10,97.76087665557861
0.9578125,12,97.76417088508606
0.961328125,11,97.76704692840576
0.96484375,10,97.76951885223389
0.947265625,15,97.77362895011902
0.954296875,13,97.77685976028442
0.933203125,19,97.78187894821167
0.96484375,10,97.78470301628113
0.95078125,14,97.78959107398987
0.954296875,13,97.79297375679016
0.947265625,15,97.79662275314331
0.96484375,10,97.79936289787292
0.961328125,11,97.80310082435608
0.96484375,10,97.8058807849884
0.947265625,15,97.80965685844421
-1,5,97.81145811080933
0.9578125,12,97.81466603279114
0.96484375,10,97.81752490997314
0.961328125,11,97.82048678398132
0.95078125,14,97.82458972930908
0.961328125,11,97.82771897315979
0.96484375,10,97.83026695251465
0.95078125,14,97.8341109752655
0.9578125,12,97.8375928401947
0.961328125,11,97.8406457901001
0.9578125,12,97.84383583068848
0.947265625,15,97.84763789176941
0.9578125,12,97.85106301307678
0.954296875,13,97.85461568832397
0.954296875,13,97.85804080963135
0.96484375,10,97.86054682731628
0.954296875,13,97.86427283287048
0.96484375,10,97.86709976196289
0.9578125,12,97.87024283409119
0.96484375,10,97.87303972244263
0.96484375,10,97.87594866752625
0.94375,16,97.88028907775879
0.954296875,13,97.8835859298706
0.954296875,13,97.88701176643372
0.95078125,14,97.89098286628723
0.96484375,10,97.8935387134552
0.9578125,12,97.8967297077179
0.95078125,14,97.90091395378113
0.94375,16,97.90586495399475
-1,1,97.90649390220642
0.96484375,10,97.9090690612793
0.96484375,10,97.91165900230408
0.9578125,12,97.9146637916565
0.954296875,13,97.9181158542633
0.940234375,17,97.92211198806763
0.961328125,11,97.92552876472473
0.96484375,10,97.92831110954285
0.96484375,10,97.93092679977417
0.940234375,17,97.93524885177612
0.961328125,11,97.93817591667175
0.94375,16,97.94213771820068
0.947265625,15,97.94572806358337
0.96484375,10,97.94844174385071
0.96484375,10,97.95104193687439
0.9578125,12,97.95409798622131
0.96484375,10,97.95656991004944
0.96484375,10,97.95907998085022
0.961328125,11,97.96205496788025
0.961328125,11,97.96507501602173
0.954296875,13,97.96862697601318
0.961328125,11,97.97145485877991
0.954296875,13,97.97508573532104
0.96484375,10,97.97792482376099
0.933203125,19,97.98264384269714
0.9578125,12,97.98591589927673
0.954296875,13,97.98955988883972
0.93671875,18,97.99405074119568
0.961328125,11,97.99699783325195
0.94375,16,98.00096368789673
0.94375,16,98.00517296791077
0.94375,16,98.0112247467041
0.96484375,10,98.01481604576111
-1,5,98.01730585098267
0.96484375,10,98.02181506156921
0.96484375,10,98.02536392211914
0.9578125,12,98.02934408187866
0.95078125,14,98.03676795959473
0.961328125,11,98.04174280166626
0.95078125,14,98.04583597183228
0.940234375,17,98.05006003379822
0.96484375,10,98.05251407623291
0.96484375,10,98.05506682395935
0.9578125,12,98.05898976325989
0.9296875,20,98.06692409515381
0.96484375,10,98.06927180290222
0.93671875,18,98.07752299308777
0.961328125,11,98.08090591430664
0.947265625,15,98.08444690704346
0.961328125,11,98.08719491958618
0.961328125,11,98.09249782562256
0.961328125,11,98.09910297393799
0.9578125,12,98.10586500167847
-1,1,98.10666489601135
-1,7,98.10920596122742
0.954296875,13,98.11559700965881
0.919140625,23,98.12528204917908
-1,1,98.12589073181152
0.933203125,19,98.13122367858887
0.954296875,13,98.13448882102966
0.93671875,18,98.1393690109253
0.9578125,12,98.14241194725037
0.9578125,12,98.14559388160706
0.926171875,21,98.150958776474
0.961328125,11,98.15373992919922
0.96484375,10,98.15615892410278
0.961328125,11,98.15897297859192
0.96484375,10,98.16145277023315
0.9578125,12,98.16435098648071
0.95078125,14,98.16808891296387
0.961328125,11,98.1711847782135
0.940234375,17,98.17569375038147
0.954296875,13,98.1791250705719
0.954296875,13,98.18254804611206
0.96484375,10,98.18543481826782
0.96484375,10,98.18807673454285
0.961328125,11,98.19106888771057
0.919140625,23,98.19739174842834
0.961328125,11,98.20052671432495
-1,15,98.20465207099915
0.9578125,12,98.20787310600281
0.9578125,12,98.21108889579773
0.93671875,18,98.21600103378296
0.95078125,14,98.21969485282898
0.9578125,12,98.22326183319092
0.954296875,13,98.2266960144043
0.961328125,11,98.22945094108582
0.961328125,11,98.2327287197113
0.96484375,10,98.23544979095459
0.9578125,12,98.23850297927856
0.954296875,13,98.2427248954773
0.96484375,10,98.24560689926147
0.96484375,10,98.2482979297638
0.96484375,10,98.25081396102905
0.954296875,13,98.25411987304688
0.95078125,14,98.25799989700317
0.96484375,10,98.2606909275055
0.947265625,15,98.26444387435913
0.94375,16,98.26875972747803
0.95078125,14,98.27244591712952
0.94375,16,98.27649998664856
0.961328125,11,98.27940893173218
0.9578125,12,98.28275084495544
0.961328125,11,98.28581094741821
0.947265625,15,98.28983497619629
0.96484375,10,98.29267573356628
0.961328125,11,98.29569578170776
-1,4,98.29717588424683
0.954296875,13,98.3002917766571
0.96484375,10,98.30294489860535
0.947265625,15,98.30705189704895
0.95078125,14,98.31069993972778
0.9578125,12,98.31376481056213
0.954296875,13,98.31713199615479
0.96484375,10,98.31984782218933
0.947265625,15,98.32401275634766
0.961328125,11,98.32701802253723
0.926171875,21,98.33250880241394
0.9578125,12,98.33563590049744
0.9578125,12,98.3388729095459
0.96484375,10,98.34171605110168
0.9578125,12,98.3451189994812
0.95078125,14,98.34888291358948
0.96484375,10,98.35150289535522
0.95078125,14,98.35526394844055
0.961328125,11,98.3583197593689
0.95078125,14,98.36211395263672
0.95078125,14,98.36599683761597
0.9578125,12,98.36929893493652
0.95078125,14,98.37296199798584
0.94375,16,98.37717580795288
0.96484375,10,98.37990403175354
0.947265625,15,98.38358688354492
0.926171875,21,98.3891830444336
0.9578125,12,98.39426684379578
0.96484375,10,98.3990228176117
0.961328125,11,98.40299701690674
0.954296875,13,98.40711712837219
0.95078125,14,98.41241979598999
0.954296875,13,98.41680693626404
0.94375,16,98.42308306694031
0.947265625,15,98.42809796333313
0.961328125,11,98.43203592300415
0.954296875,13,98.4390778541565
0.961328125,11,98.44524192810059
0.96484375,10,98.45044302940369
0.96484375,10,98.45432591438293
0.96484375,10,98.45936489105225
0.96484375,10,98.46568870544434
-1,3,98.4667899608612
0.961328125,11,98.46953296661377
0.947265625,15,98.47349095344543
0.940234375,17,98.48071384429932
0.947265625,15,98.48666286468506
0.954296875,13,98.49146389961243
0.96484375,10,98.4960298538208
0.954296875,13,98.50130200386047
0.96484375,10,98.50686883926392
0.933203125,19,98.51326584815979
0.96484375,10,98.51782989501953
0.90859375,26,98.52740097045898
0.947265625,15,98.53345108032227
0.961328125,11,98.53679490089417
0.96484375,10,98.53945279121399
0.947265625,15,98.54321789741516
0.94375,16,98.54705286026001
0.9578125,12,98.55024194717407
0.940234375,17,98.55663180351257
0.93671875,18,98.56324791908264
0.96484375,10,98.567373752594
0.93671875,18,98.57645273208618
0.9578125,12,98.58062171936035
0.954296875,13,98.58677291870117
0.954296875,13,98.59271383285522
0.961328125,11,98.59635400772095
0.96484375,10,98.6005208492279
0.954296875,13,98.60488295555115
0.9578125,12,98.60808300971985
0.947265625,15,98.61190986633301
0.9578125,12,98.61474084854126
0.961328125,11,98.61880493164062
0.9578125,12,98.6237998008728
0.940234375,17,98.62801194190979
0.96484375,10,98.63052582740784
0.96484375,10,98.63333296775818
0.954296875,13,98.63671088218689
-1,1,98.63717579841614
0.94375,16,98.64161586761475
0.933203125,19,98.64731907844543
0.9578125,12,98.65050601959229
0.95078125,14,98.65406489372253
0.96484375,10,98.65713381767273
0.9578125,12,98.66049385070801
0.961328125,11,98.66331171989441
0.947265625,15,98.66733384132385
0.96484375,10,98.66999769210815
0.947265625,15,98.67383790016174
0.92265625,22,98.67948293685913
0.947265625,15,98.68380284309387
0.96484375,10,98.68659687042236
0.947265625,15,98.69072198867798
0.947265625,15,98.69462990760803
0.95078125,14,98.69830083847046
0.95078125,14,98.70178484916687
0.96484375,10,98.70425605773926
0.926171875,21,98.70958495140076
0.95078125,14,98.71348094940186
0.95078125,14,98.7173798084259
0.933203125,19,98.72241687774658
0.954296875,13,98.72595405578613
0.954296875,13,98.72928094863892
0.95078125,14,98.73312783241272
0.96484375,10,98.73593401908875
0.9578125,12,98.73889684677124
0.96484375,10,98.74142169952393
0.961328125,11,98.74420690536499
0.954296875,13,98.74822878837585
0.95078125,14,98.75188994407654
0.947265625,15,98.75594973564148
0.96484375,10,98.75877404212952
0.9578125,12,98.76219081878662
0.96484375,10,98.7647590637207
0.94375,16,98.76913595199585
0.961328125,11,98.7719738483429
0.96484375,10,98.77466082572937
0.9578125,12,98.77798080444336
0.9578125,12,98.78133082389832
0.961328125,11,98.78436398506165
0.961328125,11,98.78739404678345
0.9578125,12,98.79060196876526
0.96484375,10,98.79345202445984
0.96484375,10,98.7961528301239
0.954296875,13,98.79975080490112
0.961328125,11,98.80277991294861
0.96484375,10,98.80545473098755
0.96484375,10,98.80818486213684
0.96484375,10,98.81603288650513
0.9578125,12,98.820387840271
0.961328125,11,98.82320475578308
0.95078125,14,98.82642483711243
0.940234375,17,98.83094501495361
0.96484375,10,98.83405900001526
0.933203125,19,98.83927297592163
0.96484375,10,98.84200501441956
0.9578125,12,98.84524178504944
0.95078125,14,98.84873986244202
0.96484375,10,98.8513388633728
0.96484375,10,98.85394382476807
0.947265625,15,98.85826301574707
0.954296875,13,98.86166596412659
0.961328125,11,98.8646469116211
0.95078125,14,98.86846280097961
0.954296875,13,98.87181901931763
0.9578125,12,98.87543487548828
0.9578125,12,98.87886786460876
0.9578125,12,98.88211393356323
0.96484375,10,98.88457608222961
0.954296875,13,98.88813066482544
0.95078125,14,98.89185380935669
0.9015625,28,98.89880394935608
0.95078125,14,98.90279078483582
0.96484375,10,98.9054217338562
0.95078125,14,98.90951085090637
0.898046875,29,98.91682291030884
0.95078125,14,98.92043685913086
0.96484375,10,98.92306590080261
0.961328125,11,98.92610788345337
0.9578125,12,98.9293098449707
0.96484375,10,98.93214988708496
0.947265625,15,98.93626689910889
0.96484375,10,98.93909287452698
0.95078125,14,98.94279599189758
0.947265625,15,98.94638180732727
0.961328125,11,98.94940996170044
0.9578125,12,98.95276284217834
0.95078125,14,98.95642185211182
0.9578125,12,98.95960092544556
0.95078125,14,98.96414279937744
0.954296875,13,98.96780586242676
0.9296875,20,98.97345304489136
0.9578125,12,98.97698879241943
0.961328125,11,98.97998380661011
0.96484375,10,98.98258209228516
0.961328125,11,98.98597407341003
0.940234375,17,98.99027466773987
0.96484375,10,98.99303984642029
0.95078125,14,98.9965808391571
0.961328125,11,98.99969291687012
0.95078125,14,99.00362801551819
0.961328125,11,99.00647711753845
-1,6,99.00843906402588
0.9578125,12,99.01156091690063
0.96484375,10,99.01441311836243
0.96484375,10,99.01694393157959
0.961328125,11,99.01975989341736
-1,13,99.02312970161438
0.954296875,13,99.02660775184631
0.961328125,11,99.0295250415802
0.9578125,12,99.0324637889862
0.9578125,12,99.03566288948059
0.9296875,20,99.04076910018921
0.95078125,14,99.04452681541443
0.9578125,12,99.04784107208252
0.96484375,10,99.05059289932251
0.954296875,13,99.05521583557129
0.96484375,10,99.05805397033691
0.96484375,10,99.06118297576904
0.96484375,10,99.06429386138916
0.92265625,22,99.07016396522522
0.95078125,14,99.07427191734314
0.9578125,12,99.07737970352173
0.9578125,12,99.08044910430908
0.9578125,12,99.08390688896179
0.96484375,10,99.0865888595581
0.96484375,10,99.08902597427368
0.947265625,15,99.09307909011841
0.961328125,11,99.09602570533752
0.940234375,17,99.10053396224976
0.96484375,10,99.10319185256958
0.9578125,12,99.10639381408691
0.9578125,12,99.10992193222046
0.96484375,10,99.11251187324524
0.947265625,15,99.11644077301025
0.954296875,13,99.12007284164429
0.96484375,10,99.12272095680237
0.954296875,13,99.12616086006165
0.96484375,10,99.12886190414429
0.9578125,12,99.13227987289429
0.954296875,13,99.13550996780396
0.940234375,17,99.14016199111938
0.9578125,12,99.1438479423523
0.954296875,13,99.14762496948242
0.954296875,13,99.1518337726593
0.940234375,17,99.1572060585022
0.9578125,12,99.16162085533142
0.947265625,15,99.17101001739502
0.96484375,10,99.17615795135498
0.96484375,10,99.18038082122803
0.947265625,15,99.18776178359985
0.96484375,10,99.19171690940857
0.96484375,10,99.19574403762817
0.954296875,13,99.2024998664856
0.954296875,13,99.20880103111267
0.96484375,10,99.21291089057922
0.961328125,11,99.21755981445312
0.96484375,10,99.22136497497559
0.947265625,15,99.22970795631409
0.954296875,13,99.23747682571411
0.961328125,11,99.24287390708923
0.954296875,13,99.24948978424072
0.95078125,14,99.25479197502136
0.961328125,11,99.2601170539856
0.96484375,10,99.26400780677795
0.94375,16,99.26981568336487
0.96484375,10,99.27598476409912
0.961328125,11,99.28086686134338
0.96484375,10,99.28513884544373
0.94375,16,99.29372906684875
0.9578125,12,99.30057883262634
0.954296875,13,99.30592489242554
0.95078125,14,99.31318688392639
0.9578125,12,99.3177719116211
0.961328125,11,99.32321882247925
0.961328125,11,99.3282470703125
0.96484375,10,99.33250188827515
0.947265625,15,99.33838391304016
0.96484375,10,99.3426308631897
0.95078125,14,99.34817481040955
0.96484375,10,99.3534619808197
0.96484375,10,99.3606629371643
0.961328125,11,99.36545085906982
0.961328125,11,99.37002086639404
0.9578125,12,99.37606287002563
0.96484375,10,99.38006687164307
0.94375,16,99.3847177028656
0.919140625,23,99.3905348777771
0.940234375,17,99.39522981643677
0.9578125,12,99.39859390258789
0.954296875,13,99.40196299552917
0.961328125,11,99.4048159122467
0.954296875,13,99.40850472450256
0.961328125,11,99.41129398345947
0.947265625,15,99.41527485847473
0.961328125,11,99.4183259010315
0.9578125,12,99.42154693603516
0.940234375,17,99.42589282989502
0.8875,32,99.4346649646759
0.93671875,18,99.43966698646545
0.93671875,18,99.44439387321472
0.9578125,12,99.44757199287415
0.94375,16,99.45193600654602
0.89453125,30,99.46033692359924
0.940234375,17,99.46489977836609
0.96484375,10,99.46761798858643
0.926171875,21,99.47310781478882
0.9578125,12,99.47635102272034
0.9578125,12,99.4796507358551
0.9578125,12,99.48280191421509
0.961328125,11,99.48585176467896
0.96484375,10,99.48865675926208
0.95078125,14,99.49270606040955
0.954296875,13,99.49644899368286
0.96484375,10,99.49942994117737
0.96484375,10,99.5023250579834
0.96484375,10,99.50500297546387
0.96484375,10,99.50896692276001
0.96484375,10,99.51421594619751
0.961328125,11,99.5183699131012
0.95078125,14,99.5236599445343
0.940234375,17,99.53327989578247
0.96484375,10,99.53632092475891
0.961328125,11,99.53919792175293
0.926171875,21,99.54431486129761
0.96484375,10,99.54865193367004
0.954296875,13,99.55461096763611
0.954296875,13,99.56067204475403
0.95078125,14,99.56732177734375
0.947265625,15,99.57353281974792
0.96484375,10,99.5778968334198
0.96484375,10,99.58180093765259
0.961328125,11,99.5851137638092
0.947265625,15,99.59379410743713
0.961328125,11,99.60041975975037
0.9578125,12,99.60537075996399
0.95078125,14,99.61220479011536
0.933203125,19,99.61970686912537
0.9578125,12,99.62549567222595
0.95078125,14,99.63047981262207
0.96484375,10,99.63319087028503
0.93671875,18,99.63783884048462
0.96484375,10,99.64053678512573
0.9578125,12,99.64351677894592
0.954296875,13,99.64681887626648
0.961328125,11,99.65023493766785
0.940234375,17,99.65486001968384
0.96484375,10,99.6575219631195
0.94375,16,99.66168689727783
0.961328125,11,99.66755390167236
0.961328125,11,99.67032599449158
0.96484375,10,99.67305493354797
0.9578125,12,99.67613077163696
0.9578125,12,99.67897176742554
0.961328125,11,99.68170809745789
0.940234375,17,99.68664598464966
0.961328125,11,99.68981504440308
0.96484375,10,99.69241094589233
-1,10,99.69560694694519
0.961328125,11,99.69866585731506
0.9578125,12,99.7023229598999
0.95078125,14,99.70612978935242
0.96484375,10,99.70873808860779
0.940234375,17,99.71307802200317
0.9578125,12,99.71611285209656
0.954296875,13,99.71956992149353
-1,1,99.72014904022217
0.954296875,13,99.72403001785278
0.919140625,23,99.7301299571991
0.96484375,10,99.73275685310364
0.96484375,10,99.7355089187622
0.954296875,13,99.73888778686523
0.9578125,12,99.74212980270386
0.961328125,11,99.74521493911743
0.947265625,15,99.74941492080688
0.93671875,18,99.75403499603271
0.94375,16,99.75865387916565
0.9578125,12,99.76163411140442
0.94375,16,99.76597571372986
0.954296875,13,99.76948571205139
0.95078125,14,99.77324891090393
0.954296875,13,99.77677011489868
0.926171875,21,99.78221583366394
0.926171875,21,99.78811073303223
0.95078125,14,99.79186582565308
0.96484375,10,99.79443097114563
0.954296875,13,99.79787182807922
0.961328125,11,99.80099105834961
0.954296875,13,99.80450367927551
0.95078125,14,99.8083598613739
-1,12,99.81201100349426
0.96484375,10,99.81493091583252
0.954296875,13,99.81830668449402
0.940234375,17,99.82246589660645
0.961328125,11,99.82573580741882
0.95078125,14,99.8293068408966
0.947265625,15,99.83345985412598
0.9578125,12,99.83664584159851
0.947265625,15,99.84065580368042
0.94375,16,99.84449982643127
0.9578125,12,99.84760689735413
0.954296875,13,99.85099172592163
0.9578125,12,99.85408210754395
-1,1,99.85462284088135
0.9578125,12,99.85789275169373
0.9578125,12,99.8612117767334
0.96484375,10,99.86387586593628
0.96484375,10,99.86650967597961
-1,1,99.86689305305481
0.961328125,11,99.86971807479858
0.9578125,12,99.87270402908325
0.96484375,10,99.87507390975952
0.94375,16,99.8791868686676
0.961328125,11,99.88235092163086
0.9578125,12,99.88551497459412
-1,1,99.88611793518066
-1,10,99.88869404792786
-1,8,99.89102387428284
0.940234375,17,99.89493489265442
0.96484375,10,99.89750599861145
0.947265625,15,99.90132689476013
0.961328125,11,99.90431785583496
0.96484375,10,99.90693783760071
0.9296875,20,99.91245007514954
0.94375,16,99.91634368896484
0.9578125,12,99.9194278717041
0.96484375,10,99.92207169532776
0.95078125,14,99.92605376243591
0.947265625,15,99.93001198768616
0.96484375,10,99.932452917099
0.96484375,10,99.93797779083252
0.96484375,10,99.94068193435669
0.96484375,10,99.9432258605957
0.93671875,18,99.94818687438965
0.96484375,10,99.95085287094116
0.95078125,14,99.9541687965393
0.933203125,19,99.95918107032776
0.954296875,13,99.96253395080566
0.954296875,13,99.96588587760925
0.9578125,12,99.96951675415039
0.96484375,10,99.97222399711609
-1,1,99.9725968837738
0.9578125,12,99.97540879249573
0.9578125,12,99.97888088226318
0.940234375,17,99.98366785049438
0.95078125,14,99.98719692230225
0.96484375,10,99.98956274986267
0.954296875,13,99.99280190467834
0.961328125,11,99.99566793441772
0.96484375,10,99.99821996688843
0.95078125,14,100.00192284584045
0.93671875,18,100.00672578811646
0.961328125,11,100.00965404510498
0.947265625,15,100.0145800113678
0.96484375,10,100.01745271682739
0.96484375,10,100.0199990272522
0.9578125,12,100.02308297157288
0.96484375,10,100.02576208114624
0.9578125,12,100.02888703346252
0.954296875,13,100.03204464912415
0.947265625,15,100.0363118648529
0.94375,16,100.04037094116211
0.96484375,10,100.04302906990051
0.96484375,10,100.04554867744446
0.926171875,21,100.0510778427124
0.9578125,12,100.05408096313477
0.9578125,12,100.0570638179779
0.954296875,13,100.06068396568298
0.9578125,12,100.06372094154358
0.9578125,12,100.0668408870697
0.94375,16,100.07120990753174
0.961328125,11,100.07406282424927
0.9578125,12,100.07711577415466
0.9578125,12,100.08024382591248
0.94375,16,100.08440709114075
0.9578125,12,100.08734679222107
0.947265625,15,100.09165477752686
0.96484375,10,100.09419798851013
0.96484375,10,100.0967607498169
0.954296875,13,100.09992599487305
0.954296875,13,100.10340476036072
0.947265625,15,100.10720372200012
0.947265625,15,100.11112594604492
0.9578125,12,100.11398100852966
0.954296875,13,100.11731886863708
0.954296875,13,100.12085580825806
0.954296875,13,100.1247386932373
0.961328125,11,100.1277687549591
0.96484375,10,100.13039112091064
0.96484375,10,100.13299202919006
0.947265625,15,100.13647794723511
0.96484375,10,100.13892793655396
0.9578125,12,100.142404794693
0.96484375,10,100.14496779441833
0.940234375,17,100.1495349407196
0.92265625,22,100.15527606010437
0.93671875,18,100.1601767539978
0.9578125,12,100.16357183456421
0.95078125,14,100.16727590560913
0.96484375,10,100.16973686218262
0.96484375,10,100.17220687866211
0.96484375,10,100.17472100257874
0.96484375,10,100.17719078063965
0.96484375,10,100.18193697929382
0.96484375,10,100.1846559047699
0.954296875,13,100.18804502487183
0.96484375,10,100.19046092033386
0.95078125,14,100.19416189193726
0.96484375,10,100.19725894927979
0.961328125,11,100.20004391670227
0.94375,16,100.20408082008362
0.96484375,10,100.20668482780457
0.96484375,10,100.20928883552551
0.96484375,10,100.2117509841919
0.95078125,14,100.2151837348938
0.947265625,15,100.21884179115295
0.954296875,13,100.22222185134888
0.96484375,10,100.22505593299866
0.95078125,14,100.22849583625793
0.96484375,10,100.23112869262695
0.961328125,11,100.23434281349182
0.961328125,11,100.23715782165527
0.9578125,12,100.24012279510498
0.96484375,10,100.24272894859314
0.940234375,17,100.24771571159363
0.96484375,10,100.25050282478333
0.961328125,11,100.25337290763855
0.93671875,18,100.25809574127197
0.961328125,11,100.26114678382874
0.954296875,13,100.2649998664856
0.94375,16,100.26952290534973
0.9578125,12,100.27265691757202
0.9578125,12,100.27599382400513
0.96484375,10,100.28230667114258
0.961328125,11,100.29027986526489
0.96484375,10,100.296541929245
0.919140625,23,100.30922389030457
0.961328125,11,100.31574773788452
0.954296875,13,100.3189549446106
0.961328125,11,100.32401990890503
0.96484375,10,100.32983994483948
0.933203125,19,100.33740186691284
0.9578125,12,100.34252190589905
0.954296875,13,100.34967994689941
0.95078125,14,100.35574078559875
0.93671875,18,100.3631010055542
0.954296875,13,100.36845374107361
0.954296875,13,100.373605966568
0.961328125,11,100.37801194190979
0.947265625,15,100.3826539516449
0.954296875,13,100.38612294197083
0.9296875,20,100.39074897766113
-1,3,100.39187574386597
0.93671875,18,100.39647579193115
0.961328125,11,100.39926385879517
0.94375,16,100.40307784080505
0.961328125,11,100.40589594841003
0.9296875,20,100.4114158153534
0.947265625,15,100.41567373275757
0.9578125,12,100.41873383522034
0.9578125,12,100.42195200920105
0.940234375,17,100.42604398727417
0.9578125,12,100.4289698600769
0.96484375,10,100.43141388893127
0.947265625,15,100.43538570404053
0.96484375,10,100.43808007240295
0.95078125,14,100.44184970855713
0.96484375,10,100.44466996192932
0.96484375,10,100.44733691215515
0.95078125,14,100.45099902153015
0.9578125,12,100.45407485961914
0.961328125,11,100.45716404914856
0.9578125,12,100.4601149559021
0.961328125,11,100.46268701553345
0.954296875,13,100.46597790718079
0.961328125,11,100.46891689300537
0.954296875,13,100.47218370437622
0.9578125,12,100.4754569530487
0.94375,16,100.47958779335022
0.926171875,21,100.48505401611328
0.9578125,12,100.48820304870605
0.96484375,10,100.49097871780396
0.95078125,14,100.494384765625
0.961328125,11,100.49718499183655
0.954296875,13,100.50054979324341
0.947265625,15,100.50450682640076
0.95078125,14,100.50833582878113
0.92265625,22,100.51741480827332
0.954296875,13,100.52199506759644
0.96484375,10,100.52483677864075
0.9578125,12,100.53053593635559
0.9578125,12,100.53499388694763
0.961328125,11,100.54126596450806
0.96484375,10,100.54676103591919
0.954296875,13,100.55134081840515
0.9578125,12,100.55646991729736
0.926171875,21,100.56370997428894
0.9578125,12,100.5689148902893
0.961328125,11,100.57300567626953
0.9578125,12,100.5774838924408
0.954296875,13,100.5822217464447
-1,13,100.58760404586792
0.961328125,11,100.59249591827393
0.954296875,13,100.59754872322083
0.947265625,15,100.60326385498047
0.961328125,11,100.6071629524231
0.96484375,10,100.6110258102417
0.961328125,11,100.61509394645691
0.96484375,10,100.61902904510498
0.954296875,13,100.62402200698853
0.9578125,12,100.6285650730133
0.933203125,19,100.63412499427795
0.9578125,12,100.63706183433533
0.95078125,14,100.6408109664917
0.954296875,13,100.64402890205383
0.940234375,17,100.6488127708435
0.954296875,13,100.65216994285583
0.96484375,10,100.65495085716248
0.95078125,14,100.65885901451111
0.9578125,12,100.66188597679138
0.940234375,17,100.66624474525452
0.940234375,17,100.67048788070679
0.96484375,10,100.67300081253052
0.96484375,10,100.67561388015747
0.961328125,11,100.6785979270935
0.9578125,12,100.68161797523499
0.9578125,12,100.68480801582336
0.95078125,14,100.68844485282898
0.961328125,11,100.69164896011353
0.961328125,11,100.6946029663086
0.9578125,12,100.69778084754944
0.9578125,12,100.70068001747131
-1,1,100.70116686820984
0.9578125,12,100.70425605773926
0.96484375,10,100.7069308757782
0.96484375,10,100.70942997932434
0.954296875,13,100.71249580383301
0.954296875,13,100.71582794189453
0.96484375,10,100.71852684020996
0.954296875,13,100.72174596786499
0.9578125,12,100.72497582435608
0.961328125,11,100.72816205024719
0.96484375,10,100.73087477684021
0.940234375,17,100.73500895500183
0.9296875,20,100.7401819229126
0.96484375,10,100.74271178245544
0.954296875,13,100.7459168434143
0.961328125,11,100.74885392189026
0.95078125,14,100.75303888320923
0.940234375,17,100.75759267807007
0.96484375,10,100.76029086112976
0.926171875,21,100.76574897766113
0.96484375,10,100.76829600334167
0.940234375,17,100.77250981330872
0.933203125,19,100.77767777442932
0.961328125,11,100.7807068824768
0.95078125,14,100.7843918800354
0.961328125,11,100.78734493255615
0.961328125,11,100.79027390480042
0.961328125,11,100.7933189868927
0.940234375,17,100.79767680168152
0.96484375,10,100.80026698112488
0.95078125,14,100.80391192436218
0.9578125,12,100.80690693855286
0.940234375,17,100.81166005134583
-1,1,100.81228280067444
-1,2,100.81296992301941
0.96484375,10,100.81548070907593
0.9578125,12,100.81874680519104
0.94375,16,100.82304692268372
0.9578125,12,100.82609581947327
0.95078125,14,100.82942080497742
0.954296875,13,100.83309888839722
0.96484375,10,100.8357048034668
0.96484375,10,100.83812689781189
0.954296875,13,100.84138584136963
0.961328125,11,100.8444128036499
-1,2,100.84506583213806
0.954296875,13,100.84826707839966
0.96484375,10,100.85077095031738
0.96484375,10,100.8534049987793
0.95078125,14,100.85718488693237
0.96484375,10,100.85977482795715
0.954296875,13,100.86373782157898
0.9578125,12,100.86690187454224
0.9578125,12,100.87000179290771
0.96484375,10,100.87251591682434
0.933203125,19,100.87755489349365
0.96484375,10,100.88017988204956
0.94375,16,100.88462591171265
0.94375,16,100.88896679878235
0.947265625,15,100.89316487312317
0.961328125,11,100.89600110054016
0.9578125,12,100.89879393577576
-1,1,100.89918279647827
0.9578125,12,100.90225195884705
0.95078125,14,100.9061529636383
-1,10,100.90895891189575
0.9578125,12,100.91181683540344
0.94375,16,100.91595482826233
0.954296875,13,100.91962480545044
0.96484375,10,100.92226791381836
0.9578125,12,100.92543387413025
0.954296875,13,100.92900466918945
0.947265625,15,100.93274688720703
0.9578125,12,100.93581008911133
0.947265625,15,100.93988990783691
0.96484375,10,100.9425139427185
0.9578125,12,100.94553279876709
0.947265625,15,100.94937801361084
0.95078125,14,100.95344471931458
0.940234375,17,100.95769691467285
-1,1,100.95818281173706
0.947265625,15,100.9619688987732
0.961328125,11,100.96486973762512
0.96484375,10,100.96825194358826
0.961328125,11,100.97113299369812
0.954296875,13,100.97464609146118
0.96484375,10,100.97738885879517
0.9578125,12,100.98050570487976
0.9578125,12,100.98341202735901
0.947265625,15,100.98716592788696
0.95078125,14,100.99095892906189
0.954296875,13,100.99440884590149
0.95078125,14,100.99830079078674
0.9578125,12,101.00164294242859
0.933203125,19,101.00651788711548
0.9578125,12,101.00967788696289
0.9578125,12,101.0127580165863
0.9578125,12,101.01652884483337
0.926171875,21,101.02187275886536
0.9578125,12,101.02489280700684
0.961328125,11,101.02786087989807
0.96484375,10,101.03064393997192
-1,2,101.03149890899658
0.96484375,10,101.03408193588257
0.954296875,13,101.03748083114624
0.961328125,11,101.04037880897522
0.94375,16,101.04452776908875
0.940234375,17,101.04886388778687
0.9578125,12,101.05209803581238
0.9578125,12,101.05527687072754
0.954296875,13,101.05871105194092
0.926171875,21,101.06420588493347
0.940234375,17,101.068363904953
0.90859375,26,101.0748119354248
0.96484375,10,101.07772278785706
0.96484375,10,101.0805938243866
0.947265625,15,101.08430600166321
0.954296875,13,101.08787488937378
0.96484375,10,101.09061288833618
0.94375,16,101.09503269195557
-1,1,101.09556674957275
0.954296875,13,101.09883499145508
0.9578125,12,101.1018328666687
0.96484375,10,101.10433888435364
0.954296875,13,101.10796189308167
0.96484375,10,101.11057901382446
0.954296875,13,101.11464285850525
0.93671875,18,101.11924886703491
0.954296875,13,101.12283897399902
0.947265625,15,101.12657594680786
0.94375,16,101.1305627822876
0.954296875,13,101.13405013084412
0.9578125,12,101.13735771179199
0.94375,16,101.14309287071228
0.96484375,10,101.14706683158875
0.96484375,10,101.15062689781189
0.92265625,22,101.15806007385254
0.96484375,10,101.16142702102661
0.954296875,13,101.16601490974426
0.954296875,13,101.1709189414978
0.9578125,12,101.17566394805908
0.96484375,10,101.17834401130676
0.947265625,15,101.18208193778992
0.961328125,11,101.18819999694824
0.961328125,11,101.19224286079407
0.9578125,12,101.19677591323853
0.961328125,11,101.20144581794739
0.961328125,11,101.20543479919434
0.96484375,10,101.21026301383972
0.96484375,10,101.21483969688416
0.9578125,12,101.22003197669983
0.9578125,12,101.22502875328064
0.954296875,13,101.22983503341675
0.9578125,12,101.23458695411682
0.9578125,12,101.23758888244629
0.961328125,11,101.24051475524902
0.9578125,12,101.24365186691284
0.9578125,12,101.24666595458984
0.96484375,10,101.24921798706055
0.947265625,15,101.25282382965088
0.9578125,12,101.25605392456055
0.961328125,11,101.25910687446594
0.954296875,13,101.26253700256348
0.947265625,15,101.26651382446289
0.96484375,10,101.26934885978699
0.95078125,14,101.27265191078186
0.947265625,15,101.27649879455566
0.940234375,17,101.28149509429932
0.96484375,10,101.2841968536377
0.940234375,17,101.28851580619812
0.919140625,23,101.29489994049072
0.96484375,10,101.29766893386841
0.961328125,11,101.30060887336731
0.92265625,22,101.30594205856323
0.96484375,10,101.30873084068298
0.9578125,12,101.3118348121643
0.96484375,10,101.3145227432251
0.961328125,11,101.31734991073608
0.9578125,12,101.32053565979004
0.95078125,14,101.32398581504822
-1,1,101.32449793815613
0.919140625,23,101.33002972602844
0.95078125,14,101.33367872238159
0.92265625,22,101.33920788764954
0.9578125,12,101.34244203567505
0.96484375,10,101.34498572349548
0.933203125,19,101.35021376609802
0.961328125,11,101.35323786735535
0.94375,16,101.35722494125366
0.96484375,10,101.35988306999207
0.9578125,12,101.36300992965698
0.961328125,11,101.36577892303467
0.961328125,11,101.36849880218506
0.95078125,14,101.37216210365295
0.954296875,13,101.37574791908264
0.95078125,14,101.37944388389587
0.947265625,15,101.38323879241943
0.9578125,12,101.38638997077942
0.954296875,13,101.39011287689209
0.95078125,14,101.39372396469116
0.95078125,14,101.39721083641052
0.9578125,12,101.40026187896729
0.96484375,10,101.40286684036255
0.95078125,14,101.40680384635925
0.961328125,11,101.41053891181946
0.96484375,10,101.41331791877747
0.95078125,14,101.41682696342468
0.954296875,13,101.42008876800537
0.961328125,11,101.42300391197205
0.95078125,14,101.42673778533936
0.96484375,10,101.42921495437622
0.933203125,19,101.4341356754303
0.9578125,12,101.43740582466125
0.96484375,10,101.44002890586853
0.947265625,15,101.44393396377563
0.940234375,17,101.44881200790405
0.9578125,12,101.45179390907288
0.954296875,13,101.45502781867981
0.947265625,15,101.45909404754639
0.9578125,12,101.46216869354248
0.961328125,11,101.46482992172241
0.915625,24,101.47077083587646
0.9578125,12,101.47414302825928
0.96484375,10,101.4766058921814
0.96484375,10,101.47917699813843
-1,7,101.48117399215698
0.961328125,11,101.4839699268341
-1,1,101.48452305793762
0.9578125,12,101.48739886283875
0.96484375,10,101.4902458190918
0.954296875,13,101.49387502670288
0.94375,16,101.49818181991577
0.96484375,10,101.50074481964111
0.905078125,27,101.50734496116638
0.96484375,10,101.50999665260315
0.96484375,10,101.5126531124115
0.9578125,12,101.51572585105896
0.961328125,11,101.51882600784302
0.95078125,14,101.52254009246826
0.96484375,10,101.52509188652039
0.940234375,17,101.52943181991577
-1,4,101.53099584579468
0.961328125,11,101.53386974334717
0.954296875,13,101.53697371482849
0.96484375,10,101.53946495056152
0.96484375,10,101.54230403900146
0.947265625,15,101.54601192474365
0.96484375,10,101.5484209060669
0.954296875,13,101.55207705497742
0.940234375,17,101.55687594413757
0.954296875,13,101.56021189689636
0.93671875,18,101.56501889228821
0.961328125,11,101.56784677505493
0.96484375,10,101.57040286064148
0.961328125,11,101.57341170310974
0.961328125,11,101.57641696929932
0.95078125,14,101.58028173446655
0.9578125,12,101.58352279663086
0.954296875,13,101.58672285079956
0.9296875,20,101.59194707870483
0.9578125,12,101.59535598754883
0.92265625,22,101.60112476348877
0.947265625,15,101.60530209541321
0.961328125,11,101.60822606086731
0.92265625,22,101.61381673812866
0.96484375,10,101.61656785011292
0.96484375,10,101.6189067363739
0.961328125,11,101.62173080444336
0.940234375,17,101.6265857219696
0.95078125,14,101.63026094436646
0.954296875,13,101.63381576538086
0.96484375,10,101.63643789291382
0.9296875,20,101.64182305335999
0.9578125,12,101.64525389671326
0.954296875,13,101.64879179000854
0.947265625,15,101.65300583839417
0.96484375,10,101.65558385848999
0.94375,16,101.65991592407227
0.9578125,12,101.6632149219513
0.940234375,17,101.66761708259583
0.961328125,11,101.67042374610901
0.96484375,10,101.6730899810791
0.96484375,10,101.67581391334534
0.96484375,10,101.67855477333069
0.94375,16,101.6823239326477
0.954296875,13,101.68593096733093
0.9578125,12,101.6891930103302
0.961328125,11,101.69178891181946
0.898046875,29,101.69888591766357
0.954296875,13,101.70259308815002
0.94375,16,101.70694494247437
0.96484375,10,101.70994305610657
0.96484375,10,101.71257591247559
0.95078125,14,101.71601104736328
0.96484375,10,101.71849083900452
0.96484375,10,101.72112894058228
0.954296875,13,101.72463989257812
0.93671875,18,101.7290587425232
0.9578125,12,101.73228597640991
0.919140625,23,101.73833990097046
0.96484375,10,101.74108171463013
0.96484375,10,101.74371480941772
0.9578125,12,101.74692296981812
0.9578125,12,101.74997091293335
0.933203125,19,101.75492691993713
0.947265625,15,101.7587788105011
0.94375,16,101.7625777721405
0.96484375,10,101.76512479782104
0.954296875,13,101.76842379570007
-1,4,101.76986289024353
0.96484375,10,101.77253293991089
0.947265625,15,101.77644395828247
0.940234375,17,101.78082489967346
0.961328125,11,101.78392291069031
0.95078125,14,101.78742098808289
0.96484375,10,101.79019594192505
0.96484375,10,101.79299783706665
0.933203125,19,101.79761099815369
0.9578125,12,101.80074071884155
0.93671875,18,101.80516982078552
0.940234375,17,101.80912280082703
0.961328125,11,101.81200885772705
0.961328125,11,101.81503796577454
0.9578125,12,101.81835603713989
0.9578125,12,101.8213849067688
0.954296875,13,101.824786901474
0.940234375,17,101.82945895195007
0.94375,16,101.83351874351501
0.9578125,12,101.8363938331604
0.96484375,10,101.83891487121582
0.94375,16,101.84305191040039
0.961328125,11,101.84573578834534
0.96484375,10,101.84826707839966
0.96484375,10,101.85079193115234
0.961328125,11,101.85390996932983
-1,1,101.85457587242126
0.961328125,11,101.85748887062073
0.954296875,13,101.8607349395752
0.94375,16,101.86506295204163
0.954296875,13,101.86822605133057
0.96484375,10,101.87081384658813
0.94375,16,101.8749189376831
0.96484375,10,101.87766981124878
0.95078125,14,101.88147306442261
0.9578125,12,101.88464283943176
0.9578125,12,101.88807702064514
0.9578125,12,101.89142990112305
0.9578125,12,101.89450597763062
0.961328125,11,101.89760494232178
0.95078125,14,101.90128493309021
0.947265625,15,101.90511393547058
0.961328125,11,101.90783381462097
0.947265625,15,101.91175603866577
0.954296875,13,101.91570091247559
0.954296875,13,101.91973090171814
0.96484375,10,101.92246079444885
0.9578125,12,101.92582297325134
0.94375,16,101.93007493019104
0.90859375,26,101.93677186965942
0.95078125,14,101.94067478179932
0.96484375,10,101.943274974823
0.9578125,12,101.94790887832642
0.954296875,13,101.95103693008423
0.96484375,10,101.95348691940308
0.94375,16,101.95753812789917
-1,1,101.95817589759827
0.961328125,11,101.96116495132446
-1,1,101.96161389350891
0.961328125,11,101.96455979347229
0.9296875,20,101.96899104118347
0.9578125,12,101.97221875190735
0.912109375,25,101.97910594940186
-1,9,101.98177003860474
0.96484375,10,101.98460698127747
0.961328125,11,101.98763084411621
0.96484375,10,101.99004602432251
0.961328125,11,101.99283576011658
0.940234375,17,101.99718689918518
0.96484375,10,101.99980282783508
0.9578125,12,102.0028727054596
-1,1,102.00332593917847
0.961328125,11,102.00632095336914
-1,2,102.00706481933594
0.9578125,12,102.01073098182678
0.96484375,10,102.01333093643188
0.961328125,11,102.01612281799316
0.919140625,23,102.02184200286865
0.96484375,10,102.02480578422546
0.933203125,19,102.02988171577454
0.954296875,13,102.03340077400208
0.940234375,17,102.03789067268372
0.96484375,10,102.04045701026917
0.96484375,10,102.0430018901825
0.93671875,18,102.04826283454895
0.96484375,10,102.05099487304688
0.93671875,18,102.05600190162659
-1,2,102.05684781074524
0.96484375,10,102.05956888198853
0.961328125,11,102.06237483024597
0.94375,16,102.06666398048401
0.9578125,12,102.0698139667511
0.947265625,15,102.07359480857849
0.954296875,13,102.07681488990784
0.954296875,13,102.08026790618896
0.96484375,10,102.08282899856567
0.905078125,27,102.09008693695068
0.9578125,12,102.0933678150177
0.9578125,12,102.09649205207825
0.96484375,10,102.09944081306458
-1,10,102.1022698879242
0.96484375,10,102.10494804382324
0.947265625,15,102.10887289047241
0.954296875,13,102.11210989952087
0.96484375,10,102.11479783058167
0.954296875,13,102.11805891990662
0.9578125,12,102.1212170124054
0.9578125,12,102.12423610687256
0.947265625,15,102.12871885299683
0.96484375,10,102.13142395019531
0.961328125,11,102.13422894477844
0.96484375,10,102.13670992851257
0.954296875,13,102.14031481742859
0.9578125,12,102.14344191551208
0.96484375,10,102.14605498313904
0.96484375,10,102.14895582199097
0.9578125,12,102.15227699279785
0.96484375,10,102.15476512908936
0.954296875,13,102.15797400474548
0.96484375,10,102.16058492660522
0.94375,16,102.16495490074158
0.961328125,11,102.16780591011047
0.947265625,15,102.17223286628723
0.93671875,18,102.1771879196167
0.95078125,14,102.18092083930969
0.961328125,11,102.18392992019653
0.9578125,12,102.18708086013794
0.95078125,14,102.19101071357727
0.94375,16,102.19560289382935
0.961328125,11,102.19871187210083
0.961328125,11,102.20154595375061
0.96484375,10,102.20428490638733
0.95078125,14,102.20790386199951
0.96484375,10,102.21068596839905
0.96484375,10,102.21326684951782
0.926171875,21,102.21848177909851
0.95078125,14,102.2227509021759
0.954296875,13,102.22623682022095
0.961328125,11,102.2289788722992
0.96484375,10,102.23150587081909
0.961328125,11,102.23454999923706
0.933203125,19,102.23909306526184
0.954296875,13,102.2426450252533
0.9578125,12,102.24578380584717
0.95078125,14,102.24944686889648
0.926171875,21,102.25456881523132
0.961328125,11,102.25776267051697
0.9578125,12,102.26090979576111
0.96484375,10,102.2635509967804
0.96484375,10,102.26632404327393
0.954296875,13,102.27024269104004
0.954296875,13,102.2738528251648
0.94375,16,102.2779541015625
0.9578125,12,102.28125476837158
0.961328125,11,102.28442192077637
0.96484375,10,102.28686094284058
0.961328125,11,102.28979301452637
0.961328125,11,102.29260802268982
0.933203125,19,102.2975537776947
0.96484375,10,102.30019187927246
0.961328125,11,102.30326771736145
0.9578125,12,102.3068859577179
0.961328125,11,102.30997896194458
0.95078125,14,102.31360387802124
0.954296875,13,102.3172869682312
0.961328125,11,102.32033681869507
0.96484375,10,102.32307577133179
0.96484375,10,102.32575178146362
0.947265625,15,102.3303496837616
0.96484375,10,102.33303594589233
0.961328125,11,102.33589887619019
0.9578125,12,102.33927178382874
0.9578125,12,102.34313082695007
0.96484375,10,102.3457190990448
-1,10,102.34871506690979
0.96484375,10,102.35126399993896
0.926171875,21,102.3566038608551
0.96484375,10,102.35929989814758
0.9578125,12,102.36252903938293
-1,10,102.36537384986877
0.93671875,18,102.37000608444214
0.961328125,11,102.37290692329407
0.9578125,12,102.37596487998962
0.947265625,15,102.37979984283447
0.9578125,12,102.38285183906555
0.9578125,12,102.38588690757751
0.961328125,11,102.38878178596497
0.947265625,15,102.39273977279663
0.9578125,12,102.39581990242004
0.954296875,13,102.39936900138855
0.954296875,13,102.40259289741516
0.961328125,11,102.40546894073486
0.96484375,10,102.4079098701477
0.954296875,13,102.41156101226807
0.96484375,10,102.41423892974854
0.96484375,10,102.41686391830444
-1,6,102.41865706443787
0.96484375,10,102.42141079902649
0.9578125,12,102.4245707988739
0.933203125,19,102.42892074584961
0.919140625,23,102.43476295471191
0.961328125,11,102.43800973892212
0.9578125,12,102.44124293327332
0.954296875,13,102.44446802139282
0.9578125,12,102.44747281074524
0.95078125,14,102.45094180107117
0.961328125,11,102.45393085479736
0.93671875,18,102.45832180976868
0.96484375,10,102.46105074882507
0.92265625,22,102.46707105636597
0.9578125,12,102.46993684768677
0.92265625,22,102.47569584846497
0.961328125,11,102.47848081588745
0.961328125,11,102.48127579689026
0.961328125,11,102.48420786857605
0.9578125,12,102.48751997947693
0.95078125,14,102.4912760257721
0.954296875,13,102.494882106781
0.940234375,17,102.49951386451721
0.9578125,12,102.50292086601257
0.947265625,15,102.50722479820251
0.96484375,10,102.50983595848083
0.954296875,13,102.51310801506042
0.961328125,11,102.51602387428284
0.961328125,11,102.5187509059906
0.95078125,14,102.52262496948242
0.947265625,15,102.52718591690063
-1,11,102.53048586845398
0.93671875,18,102.5346908569336
0.961328125,11,102.53777003288269
0.9578125,12,102.54098105430603
0.954296875,13,102.54433798789978
0.940234375,17,102.54878497123718
0.9578125,12,102.55206489562988
0.96484375,10,102.5547788143158
0.96484375,10,102.5573718547821
0.961328125,11,102.56042289733887
0.96484375,10,102.5630316734314
0.961328125,11,102.5660629272461
0.947265625,15,102.56974577903748
0.961328125,11,102.57252979278564
0.93671875,18,102.57712197303772
0.94375,16,102.58143091201782
0.954296875,13,102.5850670337677
0.961328125,11,102.58807873725891
0.954296875,13,102.59157490730286
0.9578125,12,102.59941673278809
0.961328125,11,102.60264492034912
0.96484375,10,102.60514307022095
0.9578125,12,102.60820198059082
0.961328125,11,102.61104679107666
0.96484375,10,102.61361265182495
0.961328125,11,102.61656880378723
0.96484375,10,102.61914396286011
0.954296875,13,102.62242197990417
0.96484375,10,102.62510275840759
0.9578125,12,102.62834787368774
0.947265625,15,102.63222599029541
0.96484375,10,102.63494682312012
0.96484375,10,102.63754391670227
0.954296875,13,102.64094996452332
0.93671875,18,102.64534878730774
0.9578125,12,102.64874792098999
-1,11,102.6520357131958
0.947265625,15,102.65586471557617
0.933203125,19,102.66086506843567
0.95078125,14,102.66462182998657
0.95078125,14,102.66816091537476
0.9296875,20,102.67382979393005
0.947265625,15,102.67791986465454
0.9578125,12,102.6811249256134
0.96484375,10,102.6838309764862
0.9578125,12,102.68712496757507
0.96484375,10,102.68979477882385
0.96484375,10,102.6925208568573
0.94375,16,102.69677376747131
0.961328125,11,102.70001101493835
0.954296875,13,102.70326685905457
0.9578125,12,102.70658469200134
0.9578125,12,102.70977473258972
0.96484375,10,102.71222686767578
0.9578125,12,102.71539306640625
0.95078125,14,102.7187750339508
0.96484375,10,102.72131681442261
0.94375,16,102.72564196586609
-1,10,102.72844386100769
0.947265625,15,102.73251676559448
0.94375,16,102.73717284202576
0.9578125,12,102.74034380912781
0.947265625,15,102.74487590789795
-1,3,102.74595785140991
0.961328125,11,102.74900102615356
0.94375,16,102.7530779838562
0.9578125,12,102.75647282600403
0.915625,24,102.76286482810974
0.96484375,10,102.76547193527222
0.961328125,11,102.76847791671753
-1,9,102.77135372161865
-1,3,102.77247905731201
0.933203125,19,102.77760887145996
0.94375,16,102.78224778175354
-1,10,102.78534507751465
0.961328125,11,102.78852081298828
0.96484375,10,102.7913248538971
0.947265625,15,102.79546904563904
0.933203125,19,102.80039405822754
0.961328125,11,102.80319166183472
0.96484375,10,102.80602788925171
0.940234375,17,102.81076669692993
0.954296875,13,102.81413674354553
0.9296875,20,102.81936693191528
0.961328125,11,102.82230496406555
0.9578125,12,102.82564187049866
0.947265625,15,102.8301887512207
0.9578125,12,102.83323907852173
0.961328125,11,102.83605575561523
0.94375,16,102.84011483192444
0.947265625,15,102.84382700920105
0.947265625,15,102.84768986701965
0.96484375,10,102.85020184516907
0.94375,16,102.85414600372314
0.96484375,10,102.8568058013916
0.9578125,12,102.8600869178772
0.940234375,17,102.86480212211609
0.933203125,19,102.86979985237122
0.947265625,15,102.8734438419342
0.915625,24,102.87969589233398
0.9578125,12,102.8828809261322
0.954296875,13,102.8862099647522
0.96484375,10,102.88908290863037
0.94375,16,102.89346480369568
0.961328125,11,102.89624881744385
0.95078125,14,102.89985585212708
0.961328125,11,102.90285277366638
0.94375,16,102.90699982643127
0.95078125,14,102.91048693656921
0.954296875,13,102.91380977630615
0.96484375,10,102.91629695892334
0.9578125,12,102.91951584815979
0.954296875,13,102.9229748249054
0.947265625,15,102.92716479301453
0.926171875,21,102.93297266960144
0.9578125,12,102.93638300895691
0.96484375,10,102.93904995918274
0.9578125,12,102.94238495826721
0.954296875,13,102.9458429813385
0.947265625,15,102.94962310791016
0.961328125,11,102.95268893241882
0.96484375,10,102.95511293411255
0.95078125,14,102.95858573913574
0.90859375,26,102.96524786949158
0.96484375,10,102.96789193153381
0.961328125,11,102.97074580192566
0.9578125,12,102.97416400909424
0.947265625,15,102.97830986976624
0.96484375,10,102.98093175888062
0.96484375,10,102.98349595069885
-1,12,102.9870400428772
0.947265625,15,102.9910798072815
0.96484375,10,102.99372291564941
0.9578125,12,102.99681091308594
0.933203125,19,103.00212502479553
0.96484375,10,103.00470399856567
0.95078125,14,103.00841879844666
0.96484375,10,103.01112699508667
0.961328125,11,103.01419973373413
0.9578125,12,103.01750993728638
0.96484375,10,103.0202407836914
0.96484375,10,103.02287173271179
0.95078125,14,103.027010679245
0.96484375,10,103.02983283996582
0.961328125,11,103.03259587287903
0.954296875,13,103.03586983680725
0.96484375,10,103.03868389129639
0.96484375,10,103.04143786430359
0.96484375,10,103.04384589195251
0.961328125,11,103.04657793045044
0.961328125,11,103.04961895942688
0.9578125,12,103.05288505554199
0.96484375,10,103.05536270141602
0.96484375,10,103.05909204483032
0.954296875,13,103.06250071525574
-1,9,103.06495904922485
0.961328125,11,103.06797790527344
0.95078125,14,103.07231998443604
0.961328125,11,103.07531070709229
0.96484375,10,103.0779960155487
0.9578125,12,103.0811128616333
0.954296875,13,103.08426594734192
0.954296875,13,103.08788394927979
0.9578125,12,103.09145498275757
0.9578125,12,103.09443783760071
0.9578125,12,103.09777784347534
0.961328125,11,103.10070872306824
0.9578125,12,103.10385489463806
0.961328125,11,103.10660481452942
0.947265625,15,103.11055994033813
0.947265625,15,103.11453795433044
0.96484375,10,103.11714673042297
0.95078125,14,103.1208438873291
0.95078125,14,103.12449479103088
0.961328125,11,103.1273877620697
0.9578125,12,103.13064694404602
0.954296875,13,103.13399600982666
0.95078125,14,103.1379280090332
0.961328125,11,103.14092898368835
0.95078125,14,103.14459586143494
0.947265625,15,103.14872765541077
0.961328125,11,103.15194892883301
0.9578125,12,103.1551160812378
0.95078125,14,103.15856575965881
0.954296875,13,103.16198492050171
0.954296875,13,103.16544675827026
0.933203125,19,103.16999077796936
0.9578125,12,103.17341804504395
0.95078125,14,103.17747688293457
0.9578125,12,103.18075394630432
0.93671875,18,103.18540787696838
0.961328125,11,103.1885838508606
0.940234375,17,103.1931369304657
-1,11,103.19608402252197
0.9578125,12,103.19908881187439
0.96484375,10,103.20174169540405
-1,7,103.20386695861816
0.95078125,14,103.20738673210144
0.96484375,10,103.21003603935242
0.93671875,18,103.21483087539673
0.9578125,12,103.21800184249878
0.961328125,11,103.2207818031311
-1,11,103.22389674186707
0.9578125,12,103.22716498374939
0.95078125,14,103.23078489303589
0.96484375,10,103.23331189155579
0.96484375,10,103.23590612411499
0.954296875,13,103.2393479347229
0.9578125,12,103.24232602119446
0.9578125,12,103.24524998664856
0.961328125,11,103.24852585792542
0.954296875,13,103.25202107429504
0.940234375,17,103.25653886795044
0.954296875,13,103.25990295410156
0.96484375,10,103.26248788833618
0.94375,16,103.26691198348999
0.954296875,13,103.27023577690125
0.9578125,12,103.27331876754761
0.954296875,13,103.27679491043091
0.954296875,13,103.28018474578857
0.954296875,13,103.28356575965881
0.96484375,10,103.28699803352356
0.93671875,18,103.2917959690094
0.940234375,17,103.29612803459167
0.954296875,13,103.29997086524963
0.940234375,17,103.30466675758362
0.9578125,12,103.30807590484619
0.9578125,12,103.31130695343018
0.940234375,17,103.31533169746399
0.961328125,11,103.31825590133667
0.96484375,10,103.32093691825867
0.95078125,14,103.32475399971008
0.96484375,10,103.32749700546265
0.94375,16,103.33157587051392
0.9578125,12,103.33466982841492
0.96484375,10,103.33743476867676
0.954296875,13,103.34079885482788
0.954296875,13,103.34404468536377
0.96484375,10,103.34655380249023
0.954296875,13,103.34997892379761
0.940234375,17,103.3544807434082
0.96484375,10,103.35696983337402
0.96484375,10,103.35965275764465
0.95078125,14,103.36314392089844
0.93671875,18,103.36729884147644
0.9578125,12,103.37056088447571
0.9578125,12,103.37403798103333
0.9578125,12,103.37711381912231
0.9578125,12,103.38033485412598
0.954296875,13,103.38413286209106
0.96484375,10,103.38692688941956
0.933203125,19,103.39205884933472
0.947265625,15,103.39585900306702
0.95078125,14,103.39950275421143
0.90859375,26,103.40650486946106
0.96484375,10,103.40921592712402
0.961328125,11,103.41208386421204
0.954296875,13,103.41540575027466
0.954296875,13,103.41877579689026
0.92265625,22,103.42470502853394
0.95078125,14,103.42845582962036
0.96484375,10,103.43090796470642
0.961328125,11,103.4336678981781
0.96484375,10,103.43613696098328
0.961328125,11,103.43906879425049
0.961328125,11,103.442147731781
0.96484375,10,103.44477796554565
0.954296875,13,103.44837188720703
0.96484375,10,103.45112180709839
0.9578125,12,103.45418190956116
0.947265625,15,103.45806097984314
0.96484375,10,103.46098303794861
0.94375,16,103.46520185470581
0.961328125,11,103.46790504455566
0.96484375,10,103.47045183181763
0.947265625,15,103.4743800163269
0.96484375,10,103.47695994377136
0.961328125,11,103.47994804382324
0.96484375,10,103.48271584510803
0.9578125,12,103.48598289489746
0.919140625,23,103.49245285987854
0.919140625,23,103.49856472015381
0.96484375,10,103.50128889083862
0.9578125,12,103.50440883636475
0.954296875,13,103.50834679603577
-1,7,103.51067090034485
0.9578125,12,103.51367282867432
0.9578125,12,103.51698589324951
0.96484375,10,103.51977872848511
0.947265625,15,103.523766040802
0.954296875,13,103.52762985229492
0.954296875,13,103.53114795684814
0.954296875,13,103.53477191925049
0.94375,16,103.53940892219543
0.961328125,11,103.54245567321777
0.96484375,10,103.54505705833435
0.9578125,12,103.548574924469
0.954296875,13,103.55193090438843
0.93671875,18,103.55637502670288
0.9578125,12,103.55982184410095
0.961328125,11,103.56275796890259
0.933203125,19,103.56736373901367
0.96484375,10,103.57018089294434
-1,10,103.57318091392517
0.96484375,10,103.57576179504395
0.96484375,10,103.57838273048401
0.96484375,10,103.58118391036987
0.96484375,10,103.58389687538147
0.96484375,10,103.58641791343689
0.95078125,14,103.59008479118347
0.9296875,20,103.59526991844177
0.95078125,14,103.59948182106018
0.947265625,15,103.60377383232117
0.954296875,13,103.60705900192261
0.9578125,12,103.61043787002563
0.96484375,10,103.61302781105042
0.96484375,10,103.61557388305664
0.9578125,12,103.61855578422546
0.95078125,14,103.62246680259705
0.954296875,13,103.62601399421692
0.9578125,12,103.62938380241394
0.96484375,10,103.63204789161682
0.940234375,17,103.63686776161194
0.96484375,10,103.63951992988586
0.954296875,13,103.64316487312317
0.94375,16,103.6471197605133
0.933203125,19,103.65181088447571
0.94375,16,103.6558849811554
0.96484375,10,103.65883803367615
0.947265625,15,103.66279983520508
0.96484375,10,103.66544985771179
0.96484375,10,103.66817879676819
0.96484375,10,103.67082810401917
0.95078125,14,103.67468786239624
0.96484375,10,103.6774468421936
-1,1,103.67798686027527
0.954296875,13,103.6815197467804
0.95078125,14,103.6850049495697
0.961328125,11,103.68785572052002
0.940234375,17,103.69220089912415
0.9578125,12,103.69537997245789
0.96484375,10,103.69786286354065
0.954296875,13,103.7014091014862
0.961328125,11,103.70445895195007
0.954296875,13,103.70826196670532
-1,8,103.71092081069946
0.96484375,10,103.71366095542908
0.961328125,11,103.71659970283508
0.96484375,10,103.71940875053406
0.933203125,19,103.72401785850525
0.94375,16,103.72810697555542
0.961328125,11,103.73116087913513
0.96484375,10,103.73410677909851
0.961328125,11,103.73696279525757
0.961328125,11,103.7400450706482
0.954296875,13,103.74354791641235
0.96484375,10,103.74622797966003
-1,9,103.7491819858551
0.94375,16,103.75339984893799
0.95078125,14,103.75702404975891
0.961328125,11,103.75980281829834
0.96484375,10,103.76226687431335
0.9578125,12,103.76504302024841
0.9578125,12,103.76856970787048
0.95078125,14,103.77237677574158
0.9578125,12,103.77533483505249
0.954296875,13,103.77895784378052
0.947265625,15,103.78271985054016
0.94375,16,103.78662085533142
0.933203125,19,103.79192399978638
0.94375,16,103.79670977592468
0.96484375,10,103.79922366142273
-1,13,103.80255794525146
0.9578125,12,103.80560779571533
0.96484375,10,103.80824279785156
0.93671875,18,103.81233882904053
0.9296875,20,103.8178277015686
0.9296875,20,103.82339978218079
0.940234375,17,103.82780694961548
0.954296875,13,103.83126091957092
0.96484375,10,103.83379578590393
0.96484375,10,103.83655881881714
0.96484375,10,103.83906483650208
0.96484375,10,103.84166097640991
0.96484375,10,103.8442268371582
0.940234375,17,103.84840393066406
0.96484375,10,103.85091590881348
0.926171875,21,103.85618996620178
0.96484375,10,103.85885381698608
0.9578125,12,103.86212086677551
0.95078125,14,103.86591100692749
0.940234375,17,103.87014985084534
0.954296875,13,103.87365889549255
0.961328125,11,103.8766758441925
0.961328125,11,103.87958788871765
0.96484375,10,103.8820288181305
0.95078125,14,103.88565301895142
0.961328125,11,103.88902187347412
0.961328125,11,103.89186096191406
0.961328125,11,103.89480090141296
0.94375,16,103.8987729549408
0.954296875,13,103.9024908542633
0.9578125,12,103.90543580055237
0.961328125,11,103.90837407112122
0.94375,16,103.9125669002533
0.95078125,14,103.91631007194519
0.933203125,19,103.92176270484924
0.9578125,12,103.92510390281677
0.947265625,15,103.9289379119873
0.961328125,11,103.9317786693573
0.96484375,10,103.9345190525055
0.96484375,10,103.937020778656
0.96484375,10,103.93974494934082
0.954296875,13,103.94325876235962
0.95078125,14,103.94706892967224
0.96484375,10,103.94973182678223
0.9578125,12,103.95295691490173
0.93671875,18,103.95798873901367
0.961328125,11,103.96117997169495
0.96484375,10,103.96386885643005
0.954296875,13,103.96735787391663
0.96484375,10,103.97012996673584
0.95078125,14,103.9737799167633
0.954296875,13,103.97743797302246
0.9578125,12,103.98068308830261
0.947265625,15,103.98451399803162
0.961328125,11,103.98732590675354
0.933203125,19,103.99197888374329
0.94375,16,103.99624609947205
0.9578125,12,103.99965190887451
0.96484375,10,104.00219988822937
0.954296875,13,104.00567603111267
0.947265625,15,104.0095329284668
0.961328125,11,104.01276087760925
0.96484375,10,104.01534271240234
0.954296875,13,104.01891779899597
0.95078125,14,104.02326488494873
0.95078125,14,104.02711606025696
0.954296875,13,104.03065299987793
0.9578125,12,104.03384494781494
0.9578125,12,104.03687977790833
0.947265625,15,104.04144096374512
0.95078125,14,104.0451409816742
0.9578125,12,104.04819989204407
0.947265625,15,104.05208587646484
0.954296875,13,104.05544090270996
0.96484375,10,104.05808997154236
0.96484375,10,104.06065487861633
0.947265625,15,104.06490707397461
0.95078125,14,104.06871891021729
-1,7,104.07091569900513
0.95078125,14,104.0746419429779
0.95078125,14,104.07854270935059
0.947265625,15,104.082594871521
0.95078125,14,104.0863606929779
0.95078125,14,104.09019494056702
0.95078125,14,104.09427571296692
0.9578125,12,104.09733510017395
0.94375,16,104.10148978233337
0.961328125,11,104.10420989990234
0.9578125,12,104.10751390457153
0.961328125,11,104.11037588119507
0.95078125,14,104.11430883407593
0.96484375,10,104.1171178817749
0.961328125,11,104.11992383003235
-1,1,104.12034797668457
-1,6,104.12217688560486
-1,1,104.12258672714233
0.954296875,13,104.12617707252502
0.95078125,14,104.13021993637085
0.9296875,20,104.1352219581604
0.96484375,10,104.13790798187256
0.94375,16,104.14238476753235
0.9578125,12,104.14559578895569
0.954296875,13,104.14908170700073
0.961328125,11,104.15319490432739
0.961328125,11,104.15602898597717
0.9578125,12,104.15894389152527
0.933203125,19,104.16608786582947
0.954296875,13,104.17325496673584
0.96484375,10,104.18019199371338
0.9578125,12,104.18327784538269
0.95078125,14,104.18688678741455
0.9578125,12,104.19293069839478
0.954296875,13,104.19903683662415
0.95078125,14,104.20700788497925
0.96484375,10,104.21152901649475
0.96484375,10,104.21683692932129
0.94375,16,104.22463893890381
0.9578125,12,104.2293210029602
0.933203125,19,104.23640179634094
0.9578125,12,104.24039697647095
0.96484375,10,104.2444920539856
0.96484375,10,104.24827599525452
0.95078125,14,104.2540328502655
0.96484375,10,104.25773787498474
0.9578125,12,104.26276683807373
0.95078125,14,104.26817584037781
0.954296875,13,104.27350091934204
0.954296875,13,104.27807998657227
0.940234375,17,104.28353571891785
0.93671875,18,104.29127097129822
0.95078125,14,104.29716205596924
0.9578125,12,104.3007140159607
0.9578125,12,104.30463171005249
0.96484375,10,104.30799174308777
0.961328125,11,104.31134080886841
0.9578125,12,104.31699585914612
0.95078125,14,104.32292199134827
0.95078125,14,104.32748699188232
0.92265625,22,104.3328709602356
0.96484375,10,104.33617901802063
0.96484375,10,104.34158492088318
0.9578125,12,104.34502601623535
0.947265625,15,104.34884977340698
0.96484375,10,104.35144400596619
0.961328125,11,104.35559606552124
0.96484375,10,104.3620936870575
0.96484375,10,104.36965203285217
0.9578125,12,104.37493681907654
-1,16,104.38138794898987
0.93671875,18,104.38634586334229
0.96484375,10,104.38897275924683
0.94375,16,104.39359378814697
0.96484375,10,104.39638781547546
0.961328125,11,104.39925575256348
0.961328125,11,104.40198183059692
0.9578125,12,104.4050498008728
0.95078125,14,104.40852999687195
0.961328125,11,104.41151905059814
0.94375,16,104.4158718585968
0.9578125,12,104.41901898384094
0.96484375,10,104.42157888412476
0.94375,16,104.42591786384583
0.947265625,15,104.42963099479675
0.92265625,22,104.43525981903076
0.94375,16,104.43942499160767
0.961328125,11,104.4426040649414
0.954296875,13,104.44595694541931
0.94375,16,104.4501428604126
0.94375,16,104.45435905456543
0.96484375,10,104.45733571052551
0.947265625,15,104.46126008033752
0.947265625,15,104.46529483795166
0.96484375,10,104.46792387962341
0.96484375,10,104.47042775154114
0.95078125,14,104.47412085533142
0.94375,16,104.47828102111816
0.95078125,14,104.48235082626343
0.96484375,10,104.48506498336792
0.954296875,13,104.48856496810913
0.933203125,19,104.49365186691284
0.96484375,10,104.4964017868042
0.9578125,12,104.49937582015991
0.94375,16,104.50328183174133
0.96484375,10,104.50584983825684
0.96484375,10,104.50977373123169
0.9578125,12,104.51418089866638
0.954296875,13,104.5192768573761
0.940234375,17,104.52689099311829
0.95078125,14,104.53329992294312
0.9578125,12,104.53805184364319
0.9578125,12,104.54154801368713
0.9578125,12,104.54765701293945
0.954296875,13,104.55266880989075
0.961328125,11,104.55724382400513
0.961328125,11,104.56118893623352
0.940234375,17,104.56681394577026
0.96484375,10,104.57091784477234
0.961328125,11,104.57491898536682
0.96484375,10,104.57788586616516
0.961328125,11,104.58243298530579
-1,6,104.58501291275024
0.961328125,11,104.58890700340271
0.947265625,15,104.5953049659729
0.94375,16,104.60054874420166
0.961328125,11,104.60487198829651
0.95078125,14,104.61106204986572
0.947265625,15,104.61646795272827
0.9578125,12,104.62065887451172
0.954296875,13,104.62545680999756
0.947265625,15,104.63077688217163
0.954296875,13,104.63436484336853
0.961328125,11,104.63745379447937
0.93671875,18,104.64205384254456
0.947265625,15,104.6458649635315
0.95078125,14,104.64928102493286
0.95078125,14,104.65306186676025
0.954296875,13,104.65669989585876
0.954296875,13,104.6601390838623
0.961328125,11,104.66310596466064
0.9578125,12,104.66627407073975
0.95078125,14,104.67002892494202
0.9578125,12,104.67314982414246
0.95078125,14,104.67684197425842
0.9578125,12,104.67993974685669
0.94375,16,104.68411898612976
0.940234375,17,104.68829798698425
0.94375,16,104.69245386123657
0.954296875,13,104.69587087631226
-1,2,104.69668102264404
0.961328125,11,104.69961500167847
-1,2,104.70140790939331
0.96484375,10,104.70395803451538
0.96484375,10,104.70684695243835
0.95078125,14,104.71030879020691
0.95078125,14,104.71394371986389
0.96484375,10,104.71662282943726
0.9578125,12,104.7198839187622
0.961328125,11,104.7227668762207
0.961328125,11,104.7254958152771
0.954296875,13,104.73091101646423
0.95078125,14,104.73447871208191
0.96484375,10,104.73701095581055
0.95078125,14,104.74107480049133
0.961328125,11,104.74391388893127
0.96484375,10,104.74645400047302
0.96484375,10,104.74915981292725
0.9578125,12,104.75240874290466
0.95078125,14,104.7560567855835
0.954296875,13,104.76018190383911
0.954296875,13,104.76342988014221
0.954296875,13,104.76687097549438
0.96484375,10,104.76970481872559
0.961328125,11,104.77265787124634
0.9578125,12,104.77640891075134
0.95078125,14,104.78027176856995
0.96484375,10,104.78308582305908
0.96484375,10,104.78568887710571
0.940234375,17,104.79002499580383
0.961328125,11,104.79288291931152
0.961328125,11,104.79570198059082
0.961328125,11,104.79903388023376
0.94375,16,104.80317282676697
0.9578125,12,104.80647993087769
0.961328125,11,104.80958580970764
0.954296875,13,104.8131468296051
0.96484375,10,104.81575870513916
0.961328125,11,104.8188328742981
0.96484375,10,104.82159495353699
0.9578125,12,104.82460069656372
0.954296875,13,104.82800102233887
0.961328125,11,104.83109498023987
0.95078125,14,104.83466482162476
0.96484375,10,104.83732771873474
0.954296875,13,104.84108376502991
-1,5,104.84286689758301
0.954296875,13,104.84640693664551
-1,14,104.85045981407166
0.954296875,13,104.85386872291565
0.96484375,10,104.85659599304199
0.961328125,11,104.85970687866211
0.94375,16,104.86447477340698
0.940234375,17,104.86900997161865
0.954296875,13,104.87266206741333
0.954296875,13,104.8764259815216
0.9578125,12,104.87974667549133
0.96484375,10,104.88257098197937
0.9296875,20,104.88772487640381
-1,3,104.88874983787537
0.95078125,14,104.89238286018372
0.961328125,11,104.89521098136902
0.9578125,12,104.8982048034668
0.9578125,12,104.9012610912323
0.94375,16,104.90599489212036
0.947265625,15,104.90980410575867
0.96484375,10,104.9123477935791
0.954296875,13,104.9159288406372
0.96484375,10,104.91866898536682
0.954296875,13,104.92222476005554
0.954296875,13,104.92579197883606
0.961328125,11,104.92869782447815
0.93671875,18,104.93357276916504
0.96484375,10,104.93636894226074
-1,16,104.94089078903198
0.95078125,14,104.94473505020142
0.947265625,15,104.94901895523071
0.940234375,17,104.95348405838013
0.94375,16,104.9581687450409
0.96484375,10,104.96101093292236
0.940234375,17,104.96540379524231
0.961328125,11,104.9682388305664
0.94375,16,104.9726049900055
0.96484375,10,104.97542786598206
0.947265625,15,104.97961688041687
0.961328125,11,104.98245286941528
0.96484375,10,104.98551607131958
0.940234375,17,104.9905698299408
0.96484375,10,104.99337697029114
0.961328125,11,104.99624180793762
0.96484375,10,104.99903583526611
0.96484375,10,105.00170183181763
0.954296875,13,105.00506091117859
0.95078125,14,105.00874590873718
0.954296875,13,105.01251888275146
0.9578125,12,105.016037940979
0.9578125,12,105.01946902275085
0.915625,24,105.026526927948
0.961328125,11,105.0298581123352
0.96484375,10,105.03278994560242
0.961328125,11,105.03573894500732
0.9578125,12,105.03941583633423
-1,19,105.04450368881226
0.96484375,10,105.04726386070251
-1,5,105.048987865448
0.961328125,11,105.05174994468689
0.9578125,12,105.05485701560974
0.940234375,17,105.05941891670227
0.9578125,12,105.06271386146545
0.940234375,17,105.067138671875
0.96484375,10,105.06965184211731
0.947265625,15,105.07334995269775
0.95078125,14,105.07724189758301
0.94375,16,105.08161211013794
0.96484375,10,105.08478689193726
0.96484375,10,105.08766078948975
0.933203125,19,105.0930528640747
0.96484375,10,105.0957407951355
0.96484375,10,105.09830975532532
0.94375,16,105.10230493545532
0.954296875,13,105.10580587387085
0.961328125,11,105.10862374305725
0.96484375,10,105.11140775680542
0.96484375,10,105.11400389671326
0.961328125,11,105.11688494682312
0.95078125,14,105.12051796913147
0.96484375,10,105.12304377555847
0.926171875,21,105.12848997116089
0.947265625,15,105.13279485702515
0.95078125,14,105.13670611381531
-1,14,105.14085102081299
0.9578125,12,105.14451098442078
0.947265625,15,105.14854502677917
0.96484375,10,105.15151286125183
0.954296875,13,105.1549460887909
0.96484375,10,105.15778303146362
0.94375,16,105.16205596923828
0.96484375,10,105.16474294662476
0.954296875,13,105.16811490058899
0.947265625,15,105.17196798324585
0.954296875,13,105.17570376396179
0.961328125,11,105.17889308929443
0.96484375,10,105.18165588378906
0.954296875,13,105.18516993522644
0.96484375,10,105.18836688995361
0.9578125,12,105.19165587425232
0.961328125,11,105.19450902938843
0.96484375,10,105.1972279548645
0.96484375,10,105.1998028755188
0.961328125,11,105.20269703865051
0.961328125,11,105.20583200454712
0.95078125,14,105.20949387550354
0.95078125,14,105.21346092224121
0.95078125,14,105.21732568740845
0.954296875,13,105.22093272209167
-1,1,105.22148776054382
0.954296875,13,105.22541499137878
0.95078125,14,105.22948980331421
0.96484375,10,105.23228597640991
0.9578125,12,105.23547077178955
0.961328125,11,105.2382709980011
0.961328125,11,105.24116897583008
0.96484375,10,105.24393486976624
0.933203125,19,105.24875378608704
-1,1,105.24927282333374
0.9578125,12,105.25242900848389
0.96484375,10,105.25537896156311
0.919140625,23,105.26190280914307
0.9578125,12,105.26550078392029
0.961328125,11,105.26853394508362
0.95078125,14,105.27202296257019
0.961328125,11,105.27521300315857
0.940234375,17,105.27945280075073
0.9578125,12,105.28287887573242
0.95078125,14,105.28761601448059
0.94375,16,105.29183101654053
-1,2,105.2926459312439
0.961328125,11,105.29549384117126
0.96484375,10,105.29819393157959
0.961328125,11,105.30106806755066
0.954296875,13,105.30443382263184
0.96484375,10,105.30746173858643
0.96484375,10,105.31019687652588
0.954296875,13,105.31355500221252
0.961328125,11,105.31684470176697
0.96484375,10,105.31944179534912
0.9578125,12,105.32251286506653
0.961328125,11,105.32541084289551
0.926171875,21,105.33124589920044
0.954296875,13,105.33489990234375
0.9578125,12,105.33818984031677
0.961328125,11,105.34118890762329
0.94375,16,105.34531879425049
0.9578125,12,105.34846782684326
0.96484375,10,105.35108184814453
0.961328125,11,105.35426187515259
0.96484375,10,105.35707497596741
0.954296875,13,105.36052989959717
0.94375,16,105.36482381820679
0.954296875,13,105.36819982528687
0.961328125,11,105.37101888656616
0.961328125,11,105.374027967453
0.961328125,11,105.37722396850586
0.96484375,10,105.38093066215515
0.94375,16,105.38505482673645
0.961328125,11,105.38819193840027
0.954296875,13,105.39233303070068
0.96484375,10,105.39492082595825
0.9578125,12,105.39791178703308
0.961328125,11,105.40096592903137
0.947265625,15,105.40532183647156
0.90859375,26,105.41227078437805
0.9578125,12,105.41593384742737
0.954296875,13,105.41937589645386
0.947265625,15,105.42353796958923
0.940234375,17,105.42802381515503
0.96484375,10,105.43067479133606
0.94375,16,105.43496489524841
0.9578125,12,105.43816709518433
0.940234375,17,105.44234275817871
0.961328125,11,105.44522285461426
0.95078125,14,105.4492290019989
0.96484375,10,105.4517560005188
-1,1,105.45221090316772
0.9578125,12,105.45531487464905
0.9578125,12,105.45909190177917
0.96484375,10,105.46186876296997
0.96484375,10,105.46490693092346
0.954296875,13,105.46874284744263
0.9578125,12,105.47223687171936
0.954296875,13,105.47616577148438
0.947265625,15,105.4798698425293
0.9578125,12,105.48299980163574
0.954296875,13,105.48668694496155
0.947265625,15,105.49097800254822
0.96484375,10,105.49355697631836
0.96484375,10,105.49601292610168
0.926171875,21,105.50182676315308
0.9578125,12,105.50503993034363
0.926171875,21,105.5102047920227
0.947265625,15,105.51395297050476
0.947265625,15,105.51796889305115
0.96484375,10,105.52063488960266
0.92265625,22,105.52639698982239
0.954296875,13,105.53030180931091
0.933203125,19,105.53534698486328
0.9578125,12,105.53868079185486
0.96484375,10,105.54125475883484
0.954296875,13,105.54452681541443
0.96484375,10,105.54721093177795
0.954296875,13,105.55093574523926
0.95078125,14,105.55457997322083
0.961328125,11,105.55791187286377
0.96484375,10,105.5605788230896
0.96484375,10,105.56322193145752
0.961328125,11,105.56604170799255
-1,1,105.566477060318
0.947265625,15,105.57049798965454
0.954296875,13,105.57375478744507
0.9578125,12,105.57694292068481
0.9578125,12,105.58020305633545
0.961328125,11,105.58408093452454
0.96484375,10,105.58713698387146
0.96484375,10,105.59006786346436
0.954296875,13,105.59360694885254
0.96484375,10,105.59625792503357
0.961328125,11,105.59925889968872
0.947265625,15,105.60311508178711
-1,1,105.60362076759338
0.954296875,13,105.60767483711243
0.947265625,15,105.61203980445862
-1,2,105.61274600028992
0.961328125,11,105.61560392379761
0.95078125,14,105.61919903755188
0.96484375,10,105.62188291549683
0.96484375,10,105.62467885017395
0.96484375,10,105.62732601165771
0.96484375,10,105.62993478775024
0.9578125,12,105.6331729888916
0.954296875,13,105.63673686981201
0.96484375,10,105.63943886756897
0.96484375,10,105.64207482337952
0.96484375,10,105.64497780799866
0.947265625,15,105.6493010520935
0.926171875,21,105.65548586845398
0.919140625,23,105.66158485412598
0.96484375,10,105.66448783874512
0.954296875,13,105.66795587539673
0.95078125,14,105.67184591293335
0.961328125,11,105.67481803894043
0.96484375,10,105.67754292488098
0.961328125,11,105.68047165870667
0.954296875,13,105.68434309959412
0.947265625,15,105.6883111000061
0.926171875,21,105.69437170028687
0.9578125,12,105.6976068019867
0.96484375,10,105.70025706291199
0.9578125,12,105.70377278327942
0.940234375,17,105.70841979980469
0.95078125,14,105.71202087402344
0.954296875,13,105.71566486358643
0.96484375,10,105.71860885620117
0.947265625,15,105.72254395484924
0.954296875,13,105.72629880905151
0.93671875,18,105.73095703125
0.96484375,10,105.73360991477966
0.9015625,28,105.74115085601807
0.96484375,10,105.74402189254761
0.96484375,10,105.74699592590332
0.96484375,10,105.74982500076294
0.95078125,14,105.75333499908447
0.933203125,19,105.75841999053955
0.94375,16,105.76281189918518
0.95078125,14,105.76684188842773
0.95078125,14,105.77045774459839
0.961328125,11,105.7735288143158
0.9296875,20,105.77929282188416
0.947265625,15,105.7833788394928
0.940234375,17,105.78826379776001
0.9578125,12,105.79137206077576
0.96484375,10,105.79416394233704
0.92265625,22,105.7997989654541
0.947265625,15,105.80377197265625
0.96484375,10,105.80705690383911
0.9578125,12,105.81052994728088
-1,1,105.81115794181824
0.96484375,10,105.81392002105713
0.96484375,10,105.81649374961853
-1,3,105.8176908493042
0.95078125,14,105.8216118812561
0.92265625,22,105.82808184623718
0.96484375,10,105.83077788352966
0.947265625,15,105.83472895622253
0.96484375,10,105.83732891082764
0.940234375,17,105.8420569896698
0.96484375,10,105.84470391273499
0.9578125,12,105.84795904159546
0.95078125,14,105.85178184509277
0.954296875,13,105.8551778793335
0.954296875,13,105.85869073867798
0.96484375,10,105.86123275756836
0.940234375,17,105.86575889587402
0.95078125,14,105.86939692497253
0.961328125,11,105.87257289886475
0.9578125,12,105.8758659362793
0.9578125,12,105.8789210319519
0.9296875,20,105.88385581970215
0.954296875,13,105.88717484474182
0.96484375,10,105.88997507095337
0.961328125,11,105.89319610595703
0.954296875,13,105.89685297012329
0.96484375,10,105.89945793151855
0.96484375,10,105.90232491493225
0.96484375,10,105.90485191345215
0.947265625,15,105.90855288505554
0.9578125,12,105.91195893287659
0.954296875,13,105.9156539440155
0.933203125,19,105.9208037853241
0.96484375,10,105.92345190048218
0.93671875,18,105.92838501930237
0.947265625,15,105.93277597427368
0.9578125,12,105.93626976013184
0.96484375,10,105.93908882141113
0.94375,16,105.9434449672699
0.94375,16,105.947585105896
0.947265625,15,105.9516749382019
0.9578125,12,105.9548270702362
0.954296875,13,105.95812487602234
0.961328125,11,105.96134877204895
0.94375,16,105.96602988243103
0.9578125,12,105.96918606758118
0.9578125,12,105.97237873077393
0.961328125,11,105.9757719039917
0.954296875,13,105.97943782806396
0.954296875,13,105.98285484313965
0.93671875,18,105.98755288124084
0.96484375,10,105.99039101600647
0.940234375,17,105.99487590789795
0.96484375,10,105.99768495559692
-1,15,106.00194787979126
0.96484375,10,106.00480198860168
0.940234375,17,106.00939702987671
0.9578125,12,106.01250290870667
0.95078125,14,106.01624870300293
0.93671875,18,106.02094292640686
0.961328125,11,106.02399277687073
-1,1,106.02445888519287
0.96484375,10,106.02753901481628
0.96484375,10,106.03046298027039
0.961328125,11,106.03350877761841
0.898046875,29,106.04077792167664
0.96484375,10,106.04354786872864
0.96484375,10,106.04639887809753
0.9296875,20,106.05204582214355
0.96484375,10,106.05479383468628
0.96484375,10,106.0573570728302
0.96484375,10,106.0606017112732
0.96484375,10,106.06317377090454
0.933203125,19,106.06800389289856
0.9578125,12,106.07145881652832
0.9578125,12,106.07486391067505
0.96484375,10,106.07741189002991
0.954296875,13,106.08082103729248
0.9578125,12,106.08400583267212
0.9578125,12,106.08716487884521
0.96484375,10,106.08993697166443
0.954296875,13,106.09348893165588
0.940234375,17,106.09817790985107
0.954296875,13,106.10207486152649
0.94375,16,106.10633087158203
0.961328125,11,106.10939192771912
0.94375,16,106.11363196372986
0.961328125,11,106.116544008255
0.96484375,10,106.1192078590393
0.9578125,12,106.12265086174011
-1,6,106.124587059021
0.9578125,12,106.12759685516357
0.95078125,14,106.13212275505066
0.96484375,10,106.13499808311462
0.95078125,14,106.13961291313171
0.954296875,13,106.14362382888794
0.947265625,15,106.14805388450623
0.93671875,18,106.15278172492981
0.9578125,12,106.15598392486572
0.94375,16,106.16043901443481
0.95078125,14,106.16404581069946
0.95078125,14,106.16763091087341
0.94375,16,106.1718499660492
0.93671875,18,106.17651677131653
-1,1,106.17698097229004
-1,2,106.17768383026123
0.926171875,21,106.18352103233337
0.96484375,10,106.18639278411865
0.96484375,10,106.189199924469
0.96484375,10,106.19179701805115
0.954296875,13,106.19506692886353
0.954296875,13,106.1983048915863
0.961328125,11,106.2014217376709
0.954296875,13,106.20499992370605
-1,10,106.20802187919617
0.9578125,12,106.2115728855133
0.94375,16,106.21587467193604
0.96484375,10,106.21872210502625
0.954296875,13,106.22242784500122
0.95078125,14,106.22649502754211
0.96484375,10,106.2291419506073
0.9578125,12,106.23258399963379
0.92265625,22,106.2395269870758
0.96484375,10,106.24229979515076
0.9578125,12,106.24531483650208
0.961328125,11,106.24827694892883
-1,3,106.24927186965942
-1,1,106.24973702430725
0.9578125,12,106.25307703018188
-1,19,106.25913596153259
0.961328125,11,106.26250982284546
0.9578125,12,106.26631712913513
0.96484375,10,106.26902604103088
0.961328125,11,106.27181386947632
0.94375,16,106.27628183364868
0.93671875,18,106.28095173835754
0.933203125,19,106.28626680374146
0.96484375,10,106.2888650894165
0.961328125,11,106.29187297821045
0.947265625,15,106.29616594314575
0.961328125,11,106.29925394058228
-1,3,106.30029487609863
0.954296875,13,106.30389285087585
0.96484375,10,106.30677580833435
0.94375,16,106.31117010116577
0.94375,16,106.31528782844543
-1,1,106.31575679779053
-1,1,106.31628274917603
0.96484375,10,106.31892395019531
-1,5,106.32061886787415
0.94375,16,106.32539892196655
0.9578125,12,106.32853579521179
0.96484375,10,106.33132290840149
0.9578125,12,106.3344497680664
0.96484375,10,106.33716773986816
0.961328125,11,106.3401370048523
-1,1,106.34110593795776
0.95078125,14,106.34523296356201
0.96484375,10,106.3481068611145
0.954296875,13,106.35151886940002
0.961328125,11,106.35453486442566
0.92265625,22,106.3605089187622
0.961328125,11,106.36377191543579
0.940234375,17,106.36836886405945
0.9578125,12,106.37182784080505
0.96484375,10,106.37442779541016
0.961328125,11,106.37746381759644
0.947265625,15,106.38203597068787
0.9578125,12,106.38514590263367
-1,1,106.38570594787598
0.947265625,15,106.3896689414978
0.96484375,10,106.39254689216614
0.9578125,12,106.39763402938843
0.954296875,13,106.40377879142761
0.95078125,14,106.4105019569397
0.9578125,12,106.41381573677063
0.9578125,12,106.41694378852844
0.947265625,15,106.4237220287323
0.9578125,12,106.42868185043335
0.96484375,10,106.43349099159241
0.96484375,10,106.4394679069519
0.93671875,18,106.44612574577332
0.954296875,13,106.45280885696411
0.940234375,17,106.4594259262085
0.947265625,15,106.46674990653992
0.940234375,17,106.47250986099243
0.96484375,10,106.47632002830505
0.96484375,10,106.478994846344
0.96484375,10,106.48157000541687
0.96484375,10,106.49049282073975
0.961328125,11,106.49942874908447
0.9578125,12,106.50284075737
0.947265625,15,106.50710773468018
0.92265625,22,106.51326274871826
0.961328125,11,106.51754379272461
0.933203125,19,106.52257490158081
0.947265625,15,106.52651190757751
0.96484375,10,106.52913880348206
0.926171875,21,106.53422093391418
0.954296875,13,106.53778791427612
0.95078125,14,106.5415780544281
0.96484375,10,106.54440593719482
0.954296875,13,106.5488829612732
0.9578125,12,106.5531210899353
0.93671875,18,106.55764579772949
0.940234375,17,106.5619888305664
0.94375,16,106.56609892845154
0.933203125,19,106.57075786590576
0.96484375,10,106.57363796234131
0.954296875,13,106.57701683044434
0.947265625,15,106.58094906806946
0.96484375,10,106.58360767364502
0.96484375,10,106.58630299568176
0.9578125,12,106.58981990814209
0.9578125,12,106.59298896789551
0.954296875,13,106.59639978408813
0.9578125,12,106.59934496879578
-1,7,106.60180997848511
0.961328125,11,106.60490489006042
0.94375,16,106.60923790931702
0.9578125,12,106.61274290084839
0.9578125,12,106.61594796180725
0.96484375,10,106.6185348033905
0.961328125,11,106.62163591384888
0.95078125,14,106.62566995620728
0.9578125,12,106.62867784500122
0.96484375,10,106.63138675689697
0.9578125,12,106.63458776473999
0.9578125,12,106.63778591156006
0.9578125,12,106.64099097251892
0.96484375,10,106.64484405517578
0.96484375,10,106.64768099784851
0.919140625,23,106.65474891662598
0.961328125,11,106.65773177146912
0.933203125,19,106.66256880760193
-1,7,106.66494989395142
0.95078125,14,106.66854286193848
0.961328125,11,106.67147183418274
0.961328125,11,106.67517805099487
-1,1,106.67606782913208
0.96484375,10,106.6786949634552
0.93671875,18,106.68499994277954
0.940234375,17,106.68989992141724
0.95078125,14,106.69363307952881
0.95078125,14,106.69728374481201
0.954296875,13,106.7006447315216
0.9578125,12,106.70419573783875
0.954296875,13,106.70821499824524
0.95078125,14,106.71169996261597
0.9578125,12,106.71502900123596
0.947265625,15,106.71936368942261
0.961328125,11,106.7222421169281
0.9578125,12,106.72536706924438
0.954296875,13,106.72899889945984
0.9578125,12,106.73261070251465
0.915625,24,106.73845887184143
0.961328125,11,106.74178290367126
0.94375,16,106.746013879776
0.94375,16,106.75151991844177
0.96484375,10,106.75425100326538
0.94375,16,106.7586178779602
0.915625,24,106.76583766937256
0.93671875,18,106.77060198783875
0.95078125,14,106.77417182922363
0.96484375,10,106.77723479270935
0.9578125,12,106.78032994270325
0.947265625,15,106.78443789482117
0.94375,16,106.78883481025696
0.95078125,14,106.79276490211487
0.947265625,15,106.7970678806305
0.961328125,11,106.79999899864197
0.9578125,12,106.803142786026
-1,1,106.80365180969238
0.96484375,10,106.80620288848877
0.95078125,14,106.81003975868225
0.94375,16,106.81446671485901
0.94375,16,106.81857299804688
0.96484375,10,106.82128596305847
0.93671875,18,106.82595896720886
0.9578125,12,106.82923173904419
0.9578125,12,106.83229494094849
0.961328125,11,106.83543491363525
0.96484375,10,106.83812475204468
0.9578125,12,106.84153389930725
0.9578125,12,106.8449878692627
0.954296875,13,106.84865093231201
0.926171875,21,106.85457372665405
0.96484375,10,106.85738182067871
0.96484375,10,106.86015796661377
0.96484375,10,106.86291003227234
0.954296875,13,106.86690592765808
0.9578125,12,106.8704776763916
0.954296875,13,106.87437391281128
0.954296875,13,106.87800884246826
0.9296875,20,106.88278889656067
0.947265625,15,106.88694787025452
0.961328125,11,106.89002799987793
0.96484375,10,106.8928587436676
0.933203125,19,106.89767694473267
0.954296875,13,106.90131688117981
0.933203125,19,106.90622282028198
0.9578125,12,106.9094557762146
0.95078125,14,106.91326069831848
0.96484375,10,106.91593790054321
0.94375,16,106.92010879516602
0.96484375,10,106.92294502258301
-1,1,106.92343497276306
0.954296875,13,106.9269859790802
0.961328125,11,106.92995309829712
0.90859375,26,106.93653893470764
0.954296875,13,106.93980073928833
0.9578125,12,106.94288682937622
0.96484375,10,106.94552993774414
0.947265625,15,106.94946384429932
0.961328125,11,106.95231008529663
0.95078125,14,106.95598101615906
-1,3,106.95704483985901
0.96484375,10,106.95957684516907
0.954296875,13,106.963054895401
0.954296875,13,106.96665501594543
0.95078125,14,106.97034192085266
0.9578125,12,106.9735598564148
0.9578125,12,106.97685980796814
0.940234375,17,106.98154807090759
0.96484375,10,106.98420882225037
0.954296875,13,106.98776507377625
0.96484375,10,106.99086904525757
0.961328125,11,106.99389791488647
0.961328125,11,106.99699997901917
0.9578125,12,107.00029397010803
0.961328125,11,107.0033347606659
0.9578125,12,107.00671291351318
0.954296875,13,107.01035690307617
0.9296875,20,107.01571393013
0.9578125,12,107.01888489723206
0.9578125,12,107.02202987670898
0.96484375,10,107.0246069431305
0.94375,16,107.02902674674988
0.9578125,12,107.03219294548035
0.93671875,18,107.03698301315308
0.9578125,12,107.04047274589539
0.96484375,10,107.04311180114746
0.9578125,12,107.04672288894653
0.9578125,12,107.04975485801697
0.96484375,10,107.05240082740784
0.96484375,10,107.05500292778015
0.96484375,10,107.05758690834045
0.961328125,11,107.06057810783386
0.95078125,14,107.06409072875977
0.9578125,12,107.06724691390991
0.940234375,17,107.07186484336853
0.9578125,12,107.07519578933716
0.9578125,12,107.07854104042053
0.954296875,13,107.08212685585022
0.93671875,18,107.0867109298706
0.9296875,20,107.09223198890686
0.947265625,15,107.09625887870789
0.96484375,10,107.0988838672638
0.940234375,17,107.10345792770386
0.96484375,10,107.10658693313599
0.96484375,10,107.10928106307983
0.96484375,10,107.11177086830139
0.954296875,13,107.11503577232361
0.92265625,22,107.12070083618164
0.95078125,14,107.12497282028198
0.9578125,12,107.12825083732605
0.96484375,10,107.13092589378357
0.961328125,11,107.13383388519287
0.954296875,13,107.13707280158997
-1,14,107.14121866226196
0.947265625,15,107.14527678489685
0.954296875,13,107.14864778518677
0.954296875,13,107.15198802947998
0.94375,16,107.1564040184021
0.961328125,11,107.15954375267029
0.954296875,13,107.1630630493164
0.954296875,13,107.1663978099823
0.96484375,10,107.16912388801575
0.96484375,10,107.17191982269287
0.961328125,11,107.17476487159729
0.954296875,13,107.17801690101624
-1,1,107.17847299575806
0.96484375,10,107.18094897270203
0.95078125,14,107.1853678226471
0.940234375,17,107.18988084793091
0.96484375,10,107.19275283813477
0.95078125,14,107.19633483886719
0.954296875,13,107.19979786872864
0.9578125,12,107.20303988456726
0.9578125,12,107.20643472671509
0.961328125,11,107.20940089225769
0.96484375,10,107.21218204498291
0.96484375,10,107.21498799324036
0.961328125,11,107.21789908409119
0.96484375,10,107.2206118106842
0.954296875,13,107.22442603111267
0.954296875,13,107.22784996032715
0.940234375,17,107.2322907447815
0.961328125,11,107.23551177978516
0.95078125,14,107.23935580253601
0.96484375,10,107.24209690093994
0.954296875,13,107.2458028793335
0.961328125,11,107.24882793426514
0.961328125,11,107.25174880027771
-1,22,107.25785803794861
0.961328125,11,107.26080369949341
0.940234375,17,107.2654857635498
0.947265625,15,107.26927495002747
0.96484375,10,107.27181792259216
0.961328125,11,107.27484583854675
0.96484375,10,107.27747678756714
0.94375,16,107.28185796737671
0.9578125,12,107.28501510620117
0.961328125,11,107.28791785240173
0.96484375,10,107.29053997993469
0.94375,16,107.29515981674194
0.95078125,14,107.29884076118469
0.9578125,12,107.30189275741577
0.961328125,11,107.30494999885559
0.96484375,10,107.30811786651611
0.96484375,10,107.31081986427307
0.95078125,14,107.31446194648743
0.954296875,13,107.3181688785553
0.9578125,12,107.32146310806274
0.947265625,15,107.32582402229309
0.954296875,13,107.32911372184753
0.96484375,10,107.33193397521973
0.926171875,21,107.33702397346497
0.96484375,10,107.33984375
0.9578125,12,107.34308099746704
0.961328125,11,107.34602689743042
0.95078125,14,107.34952592849731
0.947265625,15,107.35372591018677
0.94375,16,107.35804796218872
0.961328125,11,107.36102199554443
0.961328125,11,107.36401200294495
0.95078125,14,107.36762595176697
0.95078125,14,107.37150597572327
0.96484375,10,107.37422490119934
0.947265625,15,107.37803387641907
0.940234375,17,107.38243889808655
0.96484375,10,107.38499689102173
0.96484375,10,107.3876600265503
0.96484375,10,107.39026379585266
-1,1,107.39103889465332
0.96484375,10,107.39405703544617
0.9578125,12,107.39727282524109
0.919140625,23,107.40297985076904
0.961328125,11,107.40698480606079
0.96484375,10,107.40980577468872
0.919140625,23,107.41589403152466
0.961328125,11,107.41893291473389
0.954296875,13,107.42210483551025
0.96484375,10,107.4254047870636
0.96484375,10,107.42821407318115
0.96484375,10,107.43094301223755
0.93671875,18,107.43559288978577
0.961328125,11,107.43860197067261
0.947265625,15,107.44243097305298
0.947265625,15,107.44674372673035
-1,16,107.45105004310608
0.96484375,10,107.45380997657776
0.947265625,15,107.45783495903015
0.933203125,19,107.46258306503296
0.961328125,11,107.4657838344574
0.96484375,10,107.46845006942749
0.933203125,19,107.47347688674927
0.947265625,15,107.47791481018066
0.9578125,12,107.48118782043457
0.96484375,10,107.4837110042572
0.926171875,21,107.48901081085205
0.96484375,10,107.49185109138489
0.961328125,11,107.49490690231323
0.95078125,14,107.49877405166626
0.947265625,15,107.50248599052429
0.96484375,10,107.50514388084412
0.96484375,10,107.50821185112
0.954296875,13,107.5113468170166
0.961328125,11,107.51430201530457
0.9578125,12,107.51746797561646
0.954296875,13,107.5208797454834
0.961328125,11,107.5241527557373
0.96484375,10,107.5291907787323
0.94375,16,107.53546380996704
0.96484375,10,107.53953313827515
0.9296875,20,107.54666876792908
0.961328125,11,107.55088210105896
0.9578125,12,107.55560493469238
0.96484375,10,107.55960702896118
0.94375,16,107.56615591049194
-1,3,107.56805181503296
0.954296875,13,107.57256698608398
0.96484375,10,107.57600784301758
0.961328125,11,107.58006882667542
0.9578125,12,107.58548402786255
0.95078125,14,107.59078598022461
0.9578125,12,107.59537887573242
0.93671875,18,107.60315704345703
0.961328125,11,107.60859394073486
0.96484375,10,107.6121838092804
0.93671875,18,107.6194818019867
0.947265625,15,107.6264238357544
0.961328125,11,107.63073778152466
0.961328125,11,107.63363575935364
0.95078125,14,107.63705086708069
0.961328125,11,107.63972473144531
0.94375,16,107.64357781410217
0.954296875,13,107.6470398902893
0.96484375,10,107.64983296394348
0.9578125,12,107.6529610157013
0.9296875,20,107.65817880630493
0.95078125,14,107.661869764328
0.919140625,23,107.66773390769958
0.954296875,13,107.67110991477966
0.961328125,11,107.67403602600098
0.9578125,12,107.67722177505493
0.954296875,13,107.68083190917969
0.96484375,10,107.68328189849854
0.961328125,11,107.68612790107727
0.96484375,10,107.68859696388245
0.9296875,20,107.69333100318909
0.96484375,10,107.69591498374939
0.94375,16,107.70018792152405
0.940234375,17,107.70464277267456
0.96484375,10,107.70727396011353
0.96484375,10,107.70994997024536
0.954296875,13,107.71358489990234
0.94375,16,107.71798872947693
0.961328125,11,107.72073984146118
0.94375,16,107.72506093978882
0.9578125,12,107.72830700874329
-1,1,107.72876596450806
0.9578125,12,107.7318549156189
0.9578125,12,107.73484992980957
0.954296875,13,107.73848295211792
0.961328125,11,107.7413649559021
0.961328125,11,107.74442601203918
0.961328125,11,107.7473509311676
0.940234375,17,107.75189185142517
0.95078125,14,107.75539588928223
0.95078125,14,107.7589738368988
0.93671875,18,107.76391887664795
0.961328125,11,107.76683378219604
0.940234375,17,107.77123475074768
0.96484375,10,107.77404594421387
0.9296875,20,107.77939891815186
-1,3,107.78040194511414
0.933203125,19,107.7855818271637
0.954296875,13,107.7889289855957
0.96484375,10,107.7917058467865
0.96484375,10,107.79432606697083
0.95078125,14,107.7978298664093
0.940234375,17,107.80185294151306
0.96484375,10,107.80431795120239
0.9578125,12,107.80754899978638
0.95078125,14,107.81126689910889
0.92265625,22,107.81680369377136
0.96484375,10,107.81980395317078
0.961328125,11,107.8227059841156
0.95078125,14,107.82633805274963
0.912109375,25,107.83239388465881
0.947265625,15,107.83628392219543
0.926171875,21,107.84191107749939
0.96484375,10,107.84464573860168
0.93671875,18,107.84950304031372
-1,17,107.85418701171875
0.954296875,13,107.85737705230713
0.947265625,15,107.86099290847778
0.95078125,14,107.86469793319702
0.95078125,14,107.86850786209106
0.954296875,13,107.87180185317993
0.9578125,12,107.87509083747864
0.96484375,10,107.87765192985535
0.947265625,15,107.88139700889587
-1,1,107.88186979293823
0.961328125,11,107.88472485542297
0.9578125,12,107.88834571838379
0.96484375,10,107.89324188232422
0.93671875,18,107.90786004066467
0.947265625,15,107.91822171211243
0.92265625,22,107.94498372077942
0.96484375,10,107.96123695373535
0.9578125,12,107.97813677787781
0.96484375,10,107.99168372154236
0.96484375,10,108.00673985481262
0.96484375,10,108.00928092002869
0.9578125,12,108.01242280006409
0.9578125,12,108.0157949924469
0.96484375,10,108.01842999458313
0.94375,16,108.02267384529114
0.961328125,11,108.0257318019867
0.9578125,12,108.03278803825378
0.961328125,11,108.03634691238403
0.94375,16,108.04059982299805
0.96484375,10,108.04358291625977
0.940234375,17,108.06789588928223
-1,6,108.07270884513855
0.9578125,12,108.07674074172974
0.95078125,14,108.08243203163147
0.96484375,10,108.08634281158447
0.961328125,11,108.0894410610199
0.9578125,12,108.09326887130737
0.95078125,14,108.09759378433228
0.933203125,19,108.1028368473053
0.95078125,14,108.10716795921326
0.94375,16,108.11234784126282
0.96484375,10,108.1153028011322
0.940234375,17,108.12049889564514
-1,9,108.12305688858032
0.9578125,12,108.1263358592987
0.95078125,14,108.12996482849121
0.96484375,10,108.13256978988647
0.954296875,13,108.13608193397522
0.95078125,14,108.13989686965942
0.9578125,12,108.14300274848938
0.961328125,11,108.14603686332703
0.961328125,11,108.14931678771973
0.96484375,10,108.15292596817017
0.94375,16,108.15782880783081
0.954296875,13,108.16215872764587
0.954296875,13,108.16679286956787
0.9578125,12,108.17102885246277
0.9578125,12,108.1752347946167
0.961328125,11,108.17897295951843
0.96484375,10,108.18259572982788
0.9578125,12,108.18642091751099
0.954296875,13,108.19043684005737
0.9578125,12,108.19385695457458
0.96484375,10,108.19734978675842
0.9578125,12,108.20084691047668
0.96484375,10,108.20455193519592
0.9578125,12,108.21376204490662
0.95078125,14,108.2251226902008
0.947265625,15,108.23682475090027
0.961328125,11,108.24446988105774
0.93671875,18,108.2543318271637
0.93671875,18,108.26063585281372
-1,2,108.2615098953247
0.94375,16,108.26601696014404
0.961328125,11,108.26899099349976
0.947265625,15,108.27314376831055
0.940234375,17,108.27754187583923
0.954296875,13,108.28101873397827
0.93671875,18,108.285719871521
0.940234375,17,108.29038166999817
0.954296875,13,108.29397392272949
0.9578125,12,108.29697585105896
0.954296875,13,108.30053997039795
0.95078125,14,108.30466794967651
0.96484375,10,108.30744290351868
0.95078125,14,108.31140089035034
0.96484375,10,108.31416177749634
0.96484375,10,108.31698298454285
0.96484375,10,108.31966376304626
0.96484375,10,108.32242369651794
0.94375,16,108.32669806480408
0.96484375,10,108.3294358253479
0.961328125,11,108.33250689506531
0.947265625,15,108.33667206764221
0.96484375,10,108.33941292762756
0.94375,16,108.34355688095093
0.96484375,10,108.34658288955688
0.96484375,10,108.34924602508545
0.961328125,11,108.35223078727722
-1,1,108.352707862854
0.9578125,12,108.35575771331787
0.954296875,13,108.3596408367157
0.947265625,15,108.36379981040955
0.9578125,12,108.36712384223938
0.96484375,10,108.37011098861694
0.9578125,12,108.37332677841187
0.954296875,13,108.37651085853577
0.9578125,12,108.37985897064209
0.9578125,12,108.38338208198547
0.94375,16,108.38759708404541
0.96484375,10,108.3905189037323
0.954296875,13,108.39434599876404
0.95078125,14,108.39818286895752
-1,1,108.39877891540527
0.96484375,10,108.40147304534912
0.95078125,14,108.40514779090881
0.961328125,11,108.40804290771484
0.96484375,10,108.41073989868164
0.954296875,13,108.41441369056702
0.96484375,10,108.41729688644409
0.96484375,10,108.42000007629395
0.919140625,23,108.426442861557
0.96484375,10,108.42902493476868
0.954296875,13,108.43255591392517
0.9578125,12,108.43623185157776
0.96484375,10,108.43892788887024
0.9578125,12,108.44263696670532
0.9578125,12,108.44612789154053
0.947265625,15,108.45032286643982
0.9296875,20,108.45591688156128
0.940234375,17,108.46053981781006
0.947265625,15,108.46444797515869
0.954296875,13,108.46804690361023
0.954296875,13,108.47167992591858
0.961328125,11,108.4746789932251
0.961328125,11,108.47785973548889
0.961328125,11,108.48107981681824
0.96484375,10,108.48364496231079
0.961328125,11,108.4866156578064
0.947265625,15,108.49068999290466
0.9578125,12,108.49417805671692
0.9578125,12,108.49803400039673
0.947265625,15,108.50214290618896
0.96484375,10,108.50510382652283
0.954296875,13,108.50889873504639
0.954296875,13,108.51265692710876
0.954296875,13,108.51641297340393
0.961328125,11,108.51954674720764
0.94375,16,108.52379083633423
0.961328125,11,108.52685904502869
0.96484375,10,108.52957272529602
0.961328125,11,108.53281474113464
0.96484375,10,108.53540778160095
0.96484375,10,108.5380699634552
0.96484375,10,108.54116487503052
0.9578125,12,108.54458093643188
0.95078125,14,108.54826498031616
-1,1,108.54869389533997
0.95078125,14,108.55229592323303
0.96484375,10,108.55491590499878
0.9578125,12,108.55839681625366
0.954296875,13,108.56186604499817
0.96484375,10,108.56489491462708
0.96484375,10,108.56774091720581
0.96484375,10,108.57031607627869
0.954296875,13,108.57395577430725
0.95078125,14,108.57759475708008
0.96484375,10,108.58047986030579
0.954296875,13,108.58407974243164
0.933203125,19,108.58923077583313
0.947265625,15,108.59354090690613
0.96484375,10,108.59644293785095
0.94375,16,108.60124802589417
0.96484375,10,108.60406684875488
0.9578125,12,108.60781073570251
0.947265625,15,108.6120970249176
0.96484375,10,108.61506295204163
0.96484375,10,108.61750602722168
0.947265625,15,108.62137794494629
0.961328125,11,108.62447690963745
0.93671875,18,108.62938594818115
0.96484375,10,108.63232588768005
0.95078125,14,108.63681292533875
-1,3,108.63801980018616
0.96484375,10,108.64072871208191
0.9578125,12,108.6441638469696
0.9578125,12,108.64768195152283
0.95078125,14,108.65156483650208
0.961328125,11,108.65481090545654
0.9578125,12,108.6582579612732
0.9296875,20,108.6636118888855
0.96484375,10,108.66624784469604
0.95078125,14,108.67019987106323
0.95078125,14,108.674241065979
0.9578125,12,108.67779207229614
0.96484375,10,108.68068671226501
0.96484375,10,108.68359589576721
-1,1,108.68419003486633
0.954296875,13,108.68784594535828
0.947265625,15,108.69273090362549
0.96484375,10,108.69560384750366
0.93671875,18,108.7003710269928
0.9578125,12,108.70374083518982
0.96484375,10,108.70639181137085
0.940234375,17,108.71095085144043
0.9578125,12,108.71428990364075
0.961328125,11,108.7176787853241
0.9296875,20,108.72304487228394
0.9296875,20,108.72868394851685
0.96484375,10,108.73146605491638
0.933203125,19,108.73632192611694
0.961328125,11,108.73955297470093
0.93671875,18,108.74464273452759
0.954296875,13,108.74822974205017
0.9578125,12,108.75177502632141
0.94375,16,108.75590682029724
0.95078125,14,108.76010870933533
0.961328125,11,108.76314187049866
0.933203125,19,108.7680389881134
0.96484375,10,108.77115392684937
0.961328125,11,108.77437376976013
0.96484375,10,108.77709794044495
0.940234375,17,108.78187966346741
0.954296875,13,108.78558683395386
0.96484375,10,108.7887077331543
0.94375,16,108.79315686225891
0.96484375,10,108.7960410118103
0.940234375,17,108.80020499229431
0.95078125,14,108.80378794670105
0.96484375,10,108.80667686462402
0.9296875,20,108.81204891204834
0.954296875,13,108.81608891487122
0.9578125,12,108.82003879547119
0.9578125,12,108.82334065437317
0.96484375,10,108.82624387741089
0.90859375,26,108.8329107761383
0.96484375,10,108.83573293685913
-1,12,108.8396098613739
0.947265625,15,108.84370589256287
0.961328125,11,108.84695386886597
0.9578125,12,108.85057377815247
0.95078125,14,108.85453009605408
0.961328125,11,108.85792684555054
0.926171875,21,108.86473298072815
0.947265625,15,108.86869668960571
0.96484375,10,108.87139201164246
0.961328125,11,108.87486004829407
0.95078125,14,108.87859678268433
0.93671875,18,108.88315796852112
0.954296875,13,108.88660502433777
0.954296875,13,108.89041900634766
0.95078125,14,108.89438486099243
0.905078125,27,108.9026608467102
0.93671875,18,108.90761280059814
0.9578125,12,108.91082882881165
0.95078125,14,108.91517281532288
0.96484375,10,108.91833400726318
0.9578125,12,108.92207789421082
0.947265625,15,108.92692995071411
0.933203125,19,108.93246579170227
0.96484375,10,108.93551182746887
0.96484375,10,108.93905997276306
0.961328125,11,108.94262886047363
0.95078125,14,108.94621181488037
0.940234375,17,108.950927734375
0.94375,16,108.95537781715393
0.954296875,13,108.95930075645447
0.95078125,14,108.96311593055725
0.954296875,13,108.96703171730042
0.93671875,18,108.97180080413818
0.96484375,10,108.97483587265015
0.94375,16,108.98014497756958
0.9578125,12,108.99219989776611
0.92265625,22,109.0313789844513
0.961328125,11,109.03561091423035
0.947265625,15,109.04079484939575
0.947265625,15,109.04566884040833
0.9578125,12,109.04924273490906
0.9578125,12,109.05275893211365
0.96484375,10,109.0556468963623
0.94375,16,109.0602240562439
0.961328125,11,109.13303780555725
0.961328125,11,109.13759994506836
0.96484375,10,109.14077377319336
0.954296875,13,109.14517569541931
0.954296875,13,109.14897680282593
0.95078125,14,109.15320086479187
-1,18,109.15910983085632
0.933203125,19,109.164137840271
0.9578125,12,109.16731190681458
0.933203125,19,109.17276072502136
0.96484375,10,109.17565989494324
0.9578125,12,109.17905688285828
0.954296875,13,109.18264484405518
0.96484375,10,109.18566989898682
-1,2,109.18662405014038
0.96484375,10,109.18967485427856
0.93671875,18,109.19468998908997
0.9578125,12,109.19788384437561
0.9578125,12,109.20099186897278
0.954296875,13,109.20461010932922
0.93671875,18,109.20969867706299
0.961328125,11,109.21287703514099
0.96484375,10,109.2157769203186
0.9578125,12,109.21929812431335
0.933203125,19,109.22515988349915
0.954296875,13,109.22850894927979
0.94375,16,109.23298573493958
0.9578125,12,109.23672771453857
0.947265625,15,109.24111986160278
0.96484375,10,109.24371671676636
0.947265625,15,109.24781703948975
0.947265625,15,109.25230097770691
0.89453125,30,109.2603600025177
-1,2,109.26114296913147
0.95078125,14,109.26503300666809
0.96484375,10,109.26774501800537
0.96484375,10,109.27054476737976
0.954296875,13,109.2744209766388
-1,3,109.27566385269165
0.94375,16,109.27997493743896
0.95078125,14,109.28392386436462
0.954296875,13,109.28756093978882
0.961328125,11,109.2908947467804
0.9578125,12,109.29406690597534
0.94375,16,109.2985258102417
0.9578125,12,109.30180788040161
-1,9,109.30461478233337
0.96484375,10,109.30835580825806
0.954296875,13,109.31232476234436
0.96484375,10,109.31516909599304
0.954296875,13,109.31894612312317
0.961328125,11,109.32182192802429
0.95078125,14,109.32554864883423
0.947265625,15,109.32940793037415
0.961328125,11,109.33238101005554
-1,1,109.3329610824585
0.961328125,11,109.33583092689514
-1,11,109.33888697624207
0.9578125,12,109.3421938419342
0.961328125,11,109.34545373916626
0.96484375,10,109.34812998771667
0.940234375,17,109.35329103469849
0.9578125,12,109.35692071914673
0.933203125,19,109.36195993423462
0.947265625,15,109.36584186553955
0.961328125,11,109.36898589134216
0.96484375,10,109.37169098854065
0.9578125,12,109.37507104873657
0.933203125,19,109.38015699386597
0.961328125,11,109.38309788703918
0.961328125,11,109.38601398468018
0.95078125,14,109.38988089561462
0.96484375,10,109.39272880554199
0.95078125,14,109.3963668346405
0.96484375,10,109.39901900291443
0.9578125,12,109.40252995491028
0.961328125,11,109.40560698509216
0.954296875,13,109.4093849658966
0.96484375,10,109.41201090812683
0.94375,16,109.41603779792786
0.96484375,10,109.41861081123352
0.9578125,12,109.42184495925903
0.961328125,11,109.42515897750854
0.9578125,12,109.42833471298218
0.954296875,13,109.43189978599548
0.961328125,11,109.43480181694031
0.96484375,10,109.43744587898254
0.961328125,11,109.4405357837677
0.95078125,14,109.4445366859436
0.95078125,14,109.44838786125183
0.96484375,10,109.45113968849182
0.94375,16,109.45558977127075
0.96484375,10,109.4584608078003
0.940234375,17,109.46304488182068
0.93671875,18,109.46803188323975
0.940234375,17,109.47268772125244
0.96484375,10,109.47558283805847
0.96484375,10,109.47822904586792
0.96484375,10,109.4809799194336
0.961328125,11,109.48385310173035
0.96484375,10,109.48652791976929
0.95078125,14,109.49042296409607
0.954296875,13,109.49387502670288
0.961328125,11,109.4970760345459
0.961328125,11,109.50093173980713
0.96484375,10,109.50383996963501
0.96484375,10,109.50635194778442
0.947265625,15,109.51048302650452
0.961328125,11,109.51335096359253
0.954296875,13,109.52085494995117
0.954296875,13,109.52695989608765
0.961328125,11,109.52993297576904
0.961328125,11,109.53289604187012
0.961328125,11,109.53582906723022
0.954296875,13,109.54182386398315
0.954296875,13,109.54880595207214
0.93671875,18,109.55611395835876
0.961328125,11,109.56314086914062
0.96484375,10,109.56749701499939
0.96484375,10,109.5735228061676
0.9578125,12,109.5799949169159
0.961328125,11,109.58378386497498
0.96484375,10,109.58732891082764
0.95078125,14,109.59247493743896
0.915625,24,109.60056185722351
0.954296875,13,109.6055269241333
0.96484375,10,109.60945677757263
0.96484375,10,109.61282086372375
0.96484375,10,109.61577296257019
0.93671875,18,109.62040400505066
0.954296875,13,109.62399387359619
0.954296875,13,109.62913680076599
0.94375,16,109.6335060596466
0.954296875,13,109.63723397254944
0.95078125,14,109.64227986335754
0.9578125,12,109.64580297470093
0.954296875,13,109.649582862854
0.954296875,13,109.65280199050903
0.95078125,14,109.65653681755066
0.961328125,11,109.65957403182983
0.96484375,10,109.66206073760986
0.940234375,17,109.66631078720093
-1,1,109.66695094108582
0.9578125,12,109.67048501968384
0.947265625,15,109.67423272132874
0.95078125,14,109.67790699005127
0.93671875,18,109.68267297744751
0.961328125,11,109.68569278717041
0.96484375,10,109.68812894821167
0.961328125,11,109.69094181060791
0.961328125,11,109.69383096694946
0.940234375,17,109.69811201095581
0.9578125,12,109.70180082321167
0.954296875,13,109.7056999206543
0.9578125,12,109.70906281471252
0.961328125,11,109.71220779418945
0.947265625,15,109.71625089645386
0.947265625,15,109.7204098701477
0.961328125,11,109.72380685806274
0.9578125,12,109.72711181640625
0.961328125,11,109.73012089729309
0.95078125,14,109.7338650226593
0.95078125,14,109.73751783370972
0.96484375,10,109.74019479751587
0.96484375,10,109.74280977249146
0.96484375,10,109.74562311172485
0.94375,16,109.7497730255127
0.961328125,11,109.75280594825745
0.961328125,11,109.75567102432251
0.947265625,15,109.75959610939026
-1,1,109.76019096374512
-1,1,109.76066088676453
0.96484375,10,109.7633547782898
0.9578125,12,109.7666277885437
0.95078125,14,109.77048873901367
0.95078125,14,109.7745099067688
0.961328125,11,109.77748084068298
0.95078125,14,109.78119778633118
0.961328125,11,109.7843337059021
0.96484375,10,109.7869770526886
0.95078125,14,109.79064774513245
0.95078125,14,109.79449701309204
-1,1,109.7950599193573
0.954296875,13,109.79842686653137
0.96484375,10,109.80122900009155
0.947265625,15,109.80513310432434
0.9296875,20,109.81075406074524
0.96484375,10,109.81339073181152
0.940234375,17,109.81772804260254
0.95078125,14,109.82157588005066
0.954296875,13,109.8250629901886
0.961328125,11,109.82804775238037
-1,2,109.82873797416687
0.933203125,19,109.83374381065369
0.96484375,10,109.83652400970459
0.954296875,13,109.84052395820618
0.95078125,14,109.84418368339539
0.961328125,11,109.84727883338928
0.961328125,11,109.85043787956238
0.94375,16,109.8545229434967
0.954296875,13,109.85795092582703
0.905078125,27,109.86562371253967
0.954296875,13,109.8689649105072
0.954296875,13,109.87257695198059
0.9578125,12,109.87571692466736
0.954296875,13,109.87895774841309
0.96484375,10,109.88156700134277
0.95078125,14,109.8851227760315
0.94375,16,109.88907074928284
0.96484375,10,109.89162492752075
0.947265625,15,109.89569997787476
-1,2,109.89638495445251
-1,1,109.89685201644897
-1,1,109.89751195907593
0.96484375,10,109.90038180351257
0.947265625,15,109.90508794784546
0.961328125,11,109.90850877761841
0.954296875,13,109.91214799880981
0.96484375,10,109.91514801979065
0.947265625,15,109.91990184783936
0.96484375,10,109.92263698577881
0.9578125,12,109.9260618686676
0.926171875,21,109.9320456981659
0.95078125,14,109.93613386154175
0.9578125,12,109.94029378890991
0.95078125,14,109.94432377815247
0.94375,16,109.94927883148193
0.926171875,21,109.95499396324158
0.95078125,14,109.95904588699341
-1,1,109.95958876609802
0.96484375,10,109.96263599395752
0.9578125,12,109.96599292755127
0.954296875,13,109.96960282325745
0.93671875,18,109.97457885742188
-1,15,109.97888898849487
0.96484375,10,109.98186182975769
0.96484375,10,109.98473286628723
0.9578125,12,109.98854780197144
0.96484375,10,109.99154877662659
0.96484375,10,109.99410486221313
0.961328125,11,109.99730682373047
0.9578125,12,110.0048508644104
0.96484375,10,110.09055781364441
0.961328125,11,110.09364891052246
0.9578125,12,110.09683775901794
0.96484375,10,110.09936785697937
0.96484375,10,110.10775399208069
0.933203125,19,110.13242983818054
-1,6,110.1344268321991
0.954296875,13,110.13806700706482
0.9578125,12,110.14153695106506
0.940234375,17,110.14593887329102
0.961328125,11,110.14889812469482
0.954296875,13,110.15282487869263
0.9578125,12,110.15596580505371
0.961328125,11,110.15910196304321
0.9578125,12,110.16261506080627
0.94375,16,110.16772389411926
0.961328125,11,110.1711277961731
0.954296875,13,110.1748218536377
0.93671875,18,110.17969679832458
0.947265625,15,110.18361401557922
0.96484375,10,110.18645095825195
0.954296875,13,110.18983769416809
0.96484375,10,110.19243597984314
0.947265625,15,110.19651103019714
0.954296875,13,110.19992589950562
0.95078125,14,110.20344710350037
0.96484375,10,110.20628881454468
0.96484375,10,110.2089729309082
-1,14,110.21319389343262
0.954296875,13,110.21679782867432
0.954296875,13,110.22052788734436
0.9578125,12,110.22384595870972
0.9578125,12,110.22722387313843
0.95078125,14,110.2309238910675
0.919140625,23,110.23705887794495
-1,2,110.23821997642517
0.961328125,11,110.2417140007019
0.940234375,17,110.24646592140198
0.96484375,10,110.24947094917297
0.95078125,14,110.25343370437622
0.9296875,20,110.2590069770813
0.96484375,10,110.26192212104797
0.961328125,11,110.26488780975342
0.954296875,13,110.26849293708801
0.940234375,17,110.27299690246582
0.954296875,13,110.27661490440369
0.94375,16,110.28142595291138
0.961328125,11,110.28474688529968
0.94375,16,110.28902888298035
0.96484375,10,110.29208183288574
0.9578125,12,110.29550695419312
0.96484375,10,110.29828095436096
0.96484375,10,110.30111789703369
0.9578125,12,110.30455684661865
0.95078125,14,110.30838203430176
0.954296875,13,110.31173300743103
0.9015625,28,110.31929397583008
0.96484375,10,110.32201790809631
0.94375,16,110.3267068862915
0.94375,16,110.33140683174133
0.96484375,10,110.3342809677124
0.96484375,10,110.33713102340698
0.96484375,10,110.3397057056427
0.96484375,10,110.34244203567505
0.954296875,13,110.34613084793091
0.915625,24,110.35281276702881
0.961328125,11,110.35602593421936
0.96484375,10,110.35897278785706
0.96484375,10,110.36168885231018
0.9578125,12,110.36498475074768
0.954296875,13,110.36859083175659
0.961328125,11,110.37173676490784
0.9578125,12,110.37533378601074
0.961328125,11,110.37825202941895
0.9578125,12,110.3814127445221
0.95078125,14,110.3856189250946
0.96484375,10,110.38845586776733
0.961328125,11,110.39170789718628
0.96484375,10,110.39464592933655
-1,9,110.39733290672302
0.96484375,10,110.40010976791382
-1,1,110.40059804916382
0.933203125,19,110.40581488609314
0.9578125,12,110.40933895111084
0.940234375,17,110.414235830307
0.96484375,10,110.41704297065735
0.96484375,10,110.41987085342407
0.947265625,15,110.42418003082275
0.915625,24,110.43159770965576
0.95078125,14,110.4355959892273
0.9296875,20,110.44106793403625
0.96484375,10,110.44375777244568
0.9296875,20,110.4494080543518
0.954296875,13,110.45310688018799
0.96484375,10,110.45592498779297
0.95078125,14,110.45991086959839
0.95078125,14,110.46440386772156
0.961328125,11,110.46737790107727
0.96484375,10,110.47007989883423
0.95078125,14,110.47386503219604
0.961328125,11,110.47713303565979
0.933203125,19,110.48238897323608
0.95078125,14,110.48607182502747
0.961328125,11,110.48920178413391
0.96484375,10,110.49182391166687
0.9578125,12,110.49522304534912
0.94375,16,110.49977278709412
0.954296875,13,110.50361180305481
0.954296875,13,110.50742387771606
0.940234375,17,110.51237893104553
0.947265625,15,110.51688599586487
0.8875,32,110.53170990943909
0.9578125,12,110.53829288482666
0.961328125,11,110.54554486274719
0.961328125,11,110.54866194725037
0.95078125,14,110.5521547794342
0.95078125,14,110.55680799484253
0.96484375,10,110.56103491783142
0.96484375,10,110.56546783447266
0.9578125,12,110.57026100158691
0.96484375,10,110.5749728679657
0.947265625,15,110.58037495613098
0.95078125,14,110.5886127948761
0.96484375,10,110.59433889389038
0.961328125,11,110.59752297401428
0.96484375,10,110.60007095336914
0.96484375,10,110.60252594947815
0.94375,16,110.60686492919922
0.93671875,18,110.61457204818726
0.95078125,14,110.6220109462738
0.9578125,12,110.62690687179565
0.96484375,10,110.63157200813293
0.96484375,10,110.63423991203308
0.919140625,23,110.63984990119934
0.94375,16,110.64459586143494
0.94375,16,110.64880990982056
0.9578125,12,110.65203404426575
0.96484375,10,110.65481090545654
0.9578125,12,110.65807890892029
0.9578125,12,110.66104888916016
0.940234375,17,110.66558885574341
0.933203125,19,110.67099285125732
0.915625,24,110.67736506462097
0.95078125,14,110.6810040473938
0.947265625,15,110.68486976623535
0.9578125,12,110.68806099891663
-1,1,110.6887309551239
0.9296875,20,110.69426679611206
0.95078125,14,110.69847989082336
0.94375,16,110.70268177986145
0.954296875,13,110.70635795593262
0.961328125,11,110.7094337940216
0.947265625,15,110.71320486068726
0.9578125,12,110.71666693687439
0.961328125,11,110.71962809562683
0.926171875,21,110.72560000419617
0.947265625,15,110.72985982894897
0.96484375,10,110.73283195495605
0.96484375,10,110.73553109169006
0.96484375,10,110.73818969726562
0.961328125,11,110.74119186401367
0.961328125,11,110.74418592453003
-1,1,110.7448148727417
0.93671875,18,110.74975109100342
0.96484375,10,110.75257873535156
0.96484375,10,110.75531482696533
0.954296875,13,110.75911784172058
0.96484375,10,110.76201701164246
0.933203125,19,110.76740407943726
0.947265625,15,110.77119588851929
0.95078125,14,110.7749891281128
0.95078125,14,110.77865290641785
0.95078125,14,110.7820417881012
0.961328125,11,110.78511381149292
0.926171875,21,110.79163074493408
0.96484375,10,110.79477500915527
0.93671875,18,110.7997670173645
0.954296875,13,110.80328178405762
0.947265625,15,110.80721378326416
0.940234375,17,110.81206393241882
0.954296875,13,110.81574082374573
0.954296875,13,110.81943488121033
0.96484375,10,110.82215094566345
0.9578125,12,110.82533979415894
0.95078125,14,110.82876992225647
0.96484375,10,110.83137369155884
0.947265625,15,110.8353168964386
0.96484375,10,110.83814597129822
0.940234375,17,110.8425669670105
0.9578125,12,110.8457579612732
0.9578125,12,110.84927678108215
0.9578125,12,110.85248684883118
-1,1,110.8529269695282
0.96484375,10,110.855703830719
0.954296875,13,110.85957098007202
0.9578125,12,110.86283278465271
0.96484375,10,110.86545491218567
0.96484375,10,110.8682177066803
0.95078125,14,110.87190508842468
0.94375,16,110.87638974189758
0.954296875,13,110.87984991073608
0.9578125,12,110.8831479549408
0.954296875,13,110.88676404953003
0.96484375,10,110.88950681686401
0.96484375,10,110.89234375953674
0.96484375,10,110.89492583274841
0.96484375,10,110.8975670337677
0.9578125,12,110.90093088150024
0.954296875,13,110.90439987182617
0.95078125,14,110.90826177597046
-1,1,110.90869688987732
0.954296875,13,110.91230893135071
0.961328125,11,110.9154748916626
0.947265625,15,110.91976881027222
0.961328125,11,110.92259573936462
0.96484375,10,110.92522501945496
0.940234375,17,110.92952084541321
0.954296875,13,110.93343091011047
0.96484375,10,110.9361469745636
0.94375,16,110.94081592559814
0.954296875,13,110.94436001777649
0.954296875,13,110.94780802726746
0.96484375,10,110.95035481452942
0.96484375,10,110.9530508518219
-1,2,110.953782081604
0.96484375,10,110.95644187927246
0.95078125,14,110.9598798751831
0.954296875,13,110.9634358882904
0.94375,16,110.96769380569458
0.954296875,13,110.97170090675354
0.95078125,14,110.97588777542114
0.926171875,21,110.98249888420105
0.96484375,10,110.98521709442139
0.96484375,10,110.98786997795105
0.96484375,10,110.99082803726196
0.96484375,10,110.99378299713135
0.95078125,14,110.99762892723083
0.96484375,10,111.00030374526978
0.9578125,12,111.00353193283081
0.96484375,10,111.00623893737793
0.9578125,12,111.00935077667236
0.961328125,11,111.01255297660828
0.94375,16,111.01687502861023
0.947265625,15,111.02118301391602
0.96484375,10,111.02382683753967
-1,4,111.02525067329407
0.954296875,13,111.02846598625183
0.94375,16,111.03284883499146
0.9578125,12,111.0365378856659
0.947265625,15,111.04021501541138
0.94375,16,111.0443799495697
0.954296875,13,111.0481789112091
0.96484375,10,111.05084800720215
0.947265625,15,111.05478596687317
0.94375,16,111.05903172492981
0.961328125,11,111.06223893165588
0.94375,16,111.06658101081848
0.9578125,12,111.07032871246338
0.9578125,12,111.0746157169342
0.940234375,17,111.07929873466492
0.961328125,11,111.08209896087646
0.96484375,10,111.0846939086914
0.961328125,11,111.08756494522095
0.961328125,11,111.09057784080505
0.96484375,10,111.09336972236633
0.9578125,12,111.09699296951294
0.9296875,20,111.10226583480835
-1,6,111.1045389175415
0.96484375,10,111.10745286941528
0.94375,16,111.11162400245667
0.9578125,12,111.11492395401001
0.9578125,12,111.11811685562134
0.961328125,11,111.12148094177246
0.954296875,13,111.12541007995605
0.947265625,15,111.12966680526733
0.96484375,10,111.13241791725159
0.961328125,11,111.13558292388916
0.9578125,12,111.13894510269165
0.947265625,15,111.14293789863586
0.95078125,14,111.1466109752655
0.96484375,10,111.14942789077759
0.961328125,11,111.15232372283936
0.96484375,10,111.15494680404663
0.94375,16,111.15992093086243
0.954296875,13,111.16359090805054
0.9578125,12,111.16693878173828
0.9578125,12,111.17020797729492
0.96484375,10,111.17296099662781
0.96484375,10,111.17572093009949
0.961328125,11,111.17870378494263
-1,11,111.18191385269165
0.954296875,13,111.1853928565979
0.954296875,13,111.18878889083862
0.947265625,15,111.19248580932617
0.9578125,12,111.19664478302002
0.9578125,12,111.19980478286743
0.9578125,12,111.20285081863403
0.93671875,18,111.20808506011963
0.954296875,13,111.21137475967407
0.961328125,11,111.2142128944397
0.912109375,25,111.22065901756287
0.961328125,11,111.22350287437439
0.96484375,10,111.22611784934998
0.961328125,11,111.229318857193
-1,1,111.22989583015442
0.9578125,12,111.23307967185974
0.95078125,14,111.23679494857788
0.96484375,10,111.23956084251404
0.954296875,13,111.2432210445404
0.94375,16,111.24728178977966
0.96484375,10,111.25006580352783
0.95078125,14,111.25394892692566
0.96484375,10,111.25665473937988
0.94375,16,111.26088404655457
0.954296875,13,111.26447677612305
0.9296875,20,111.26982402801514
0.947265625,15,111.27387070655823
0.96484375,10,111.27655386924744
0.96484375,10,111.27910494804382
0.954296875,13,111.28270292282104
0.95078125,14,111.28666496276855
0.96484375,10,111.28915786743164
0.95078125,14,111.29264211654663
-1,2,111.29347896575928
0.95078125,14,111.29713582992554
0.947265625,15,111.30077290534973
0.95078125,14,111.30442976951599
0.9578125,12,111.3081169128418
0.947265625,15,111.31203198432922
0.94375,16,111.31615686416626
0.94375,16,111.32059288024902
0.933203125,19,111.32574987411499
0.96484375,10,111.32857584953308
0.940234375,17,111.33295488357544
0.96484375,10,111.3355860710144
-1,14,111.33940100669861
0.940234375,17,111.3439269065857
0.95078125,14,111.34768676757812
0.96484375,10,111.35030889511108
0.96484375,10,111.35288500785828
0.9578125,12,111.35636186599731
0.954296875,13,111.35975289344788
0.961328125,11,111.36254906654358
0.961328125,11,111.36580204963684
0.940234375,17,111.37033605575562
0.961328125,11,111.37342596054077
0.96484375,10,111.37614679336548
0.95078125,14,111.37982487678528
0.96484375,10,111.38238000869751
0.92265625,22,111.3888247013092
0.947265625,15,111.39271712303162
0.9578125,12,111.39629578590393
0.9578125,12,111.39973998069763
0.933203125,19,111.40472602844238
0.954296875,13,111.40825176239014
0.961328125,11,111.41177988052368
0.96484375,10,111.41456198692322
0.926171875,21,111.4199800491333
0.96484375,10,111.42276573181152
0.961328125,11,111.42592597007751
0.96484375,10,111.42852473258972
0.96484375,10,111.43110394477844
0.954296875,13,111.43435382843018
-1,2,111.43511199951172
-1,1,111.43552374839783
0.912109375,25,111.44218182563782
-1,9,111.44503784179688
0.9578125,12,111.44800996780396
0.95078125,14,111.45167374610901
0.96484375,10,111.45411205291748
0.961328125,11,111.45688390731812
0.94375,16,111.46269011497498
0.947265625,15,111.46783781051636
0.95078125,14,111.47149682044983
0.94375,16,111.47568488121033
0.940234375,17,111.4804298877716
0.9578125,12,111.48374676704407
0.96484375,10,111.48633694648743
-1,11,111.4895658493042
0.94375,16,111.493656873703
0.961328125,11,111.49690175056458
0.961328125,11,111.49981784820557
0.954296875,13,111.50328087806702
0.96484375,10,111.50595307350159
0.9578125,12,111.50903391838074
0.961328125,11,111.5117781162262
0.96484375,10,111.51441478729248
0.96484375,10,111.51746582984924
0.940234375,17,111.52205276489258
0.96484375,10,111.52515578269958
0.961328125,11,111.52819299697876
0.93671875,18,111.53339982032776
0.96484375,10,111.53616094589233
-1,1,111.53664207458496
0.954296875,13,111.54042601585388
0.915625,24,111.54710674285889
0.96484375,10,111.54980206489563
0.9296875,20,111.5545449256897
0.961328125,11,111.55779099464417
0.96484375,10,111.56033682823181
0.96484375,10,111.56298089027405
-1,3,111.56418585777283
0.96484375,10,111.56676888465881
0.96484375,10,111.56959891319275
0.947265625,15,111.57390189170837
0.90859375,26,111.58053493499756
0.954296875,13,111.58413481712341
0.9578125,12,111.58743190765381
0.96484375,10,111.59003901481628
0.96484375,10,111.59261274337769
0.940234375,17,111.59771704673767
0.954296875,13,111.60118079185486
0.9578125,12,111.60414600372314
0.961328125,11,111.6073579788208
0.96484375,10,111.61011409759521
0.94375,16,111.6143889427185
0.96484375,10,111.6177728176117
0.96484375,10,111.62047386169434
0.961328125,11,111.62340688705444
0.9578125,12,111.62769794464111
0.954296875,13,111.63120484352112
0.93671875,18,111.63597702980042
0.94375,16,111.64024710655212
0.915625,24,111.64737105369568
0.926171875,21,111.65265488624573
0.95078125,14,111.65726375579834
0.947265625,15,111.66254496574402
0.96484375,10,111.66623377799988
0.961328125,11,111.6693639755249
0.954296875,13,111.67446994781494
-1,12,111.68011498451233
0.9578125,12,111.68629574775696
0.933203125,19,111.70722198486328
0.947265625,15,111.71229076385498
0.9578125,12,111.71741008758545
0.954296875,13,111.72213292121887
0.96484375,10,111.72596573829651
0.961328125,11,111.73189568519592
0.9578125,12,111.73701977729797
0.96484375,10,111.742604970932
0.95078125,14,111.74995398521423
0.954296875,13,111.75359106063843
0.947265625,15,111.75954675674438
0.9578125,12,111.76296401023865
0.96484375,10,111.76581501960754
0.9578125,12,111.7689437866211
0.94375,16,111.77294111251831
0.9578125,12,111.77628684043884
0.95078125,14,111.78005409240723
0.954296875,13,111.78342771530151
0.947265625,15,111.78744697570801
0.94375,16,111.7919569015503
0.96484375,10,111.79457092285156
0.947265625,15,111.79836392402649
0.96484375,10,111.80117893218994
0.9578125,12,111.80426383018494
0.954296875,13,111.80776882171631
0.954296875,13,111.81147384643555
0.947265625,15,111.8155128955841
0.95078125,14,111.81917595863342
0.940234375,17,111.82367587089539
0.9015625,28,111.83065176010132
0.9578125,12,111.83410573005676
0.96484375,10,111.83687591552734
0.940234375,17,111.84176993370056
0.96484375,10,111.84446787834167
0.961328125,11,111.84749174118042
0.961328125,11,111.8507068157196
0.926171875,21,111.85609197616577
0.947265625,15,111.86033987998962
0.96484375,10,111.86320781707764
0.95078125,14,111.86713886260986
0.96484375,10,111.86992192268372
0.9578125,12,111.87337708473206
0.947265625,15,111.87728691101074
0.96484375,10,111.8800036907196
0.954296875,13,111.88354778289795
0.947265625,15,111.88800883293152
0.9578125,12,111.8930230140686
0.96484375,10,111.89615797996521
0.961328125,11,111.90033388137817
0.96484375,10,111.90390992164612
0.95078125,14,111.90893697738647
0.96484375,10,111.91326475143433
0.9578125,12,111.91768980026245
0.961328125,11,111.92123985290527
0.947265625,15,111.9263207912445
-1,2,111.92716383934021
0.954296875,13,111.93100905418396
0.9578125,12,111.9361526966095
0.954296875,13,111.94053196907043
0.926171875,21,111.94752192497253
0.96484375,10,111.95076584815979
0.954296875,13,111.95465803146362
0.96484375,10,111.95844793319702
0.947265625,15,111.9637098312378
-1,2,111.9648928642273
0.961328125,11,111.9686369895935
0.96484375,10,111.97412204742432
0.96484375,10,111.97813773155212
0.9578125,12,111.98415899276733
0.940234375,17,111.99360990524292
0.96484375,10,111.99785590171814
0.93671875,18,112.00259780883789
0.96484375,10,112.00519180297852
0.933203125,19,112.01008486747742
0.940234375,17,112.01458787918091
0.96484375,10,112.01741886138916
0.940234375,17,112.02208685874939
0.96484375,10,112.02475380897522
0.94375,16,112.02915692329407
-1,2,112.0299026966095
0.961328125,11,112.03277587890625
0.9578125,12,112.0358099937439
0.96484375,10,112.0385799407959
0.95078125,14,112.04225897789001
0.961328125,11,112.04559898376465
0.90859375,26,112.0530378818512
0.96484375,10,112.05575394630432
0.954296875,13,112.05930399894714
0.95078125,14,112.06304788589478
0.9578125,12,112.06630873680115
0.95078125,14,112.07001399993896
0.95078125,14,112.073725938797
0.9578125,12,112.07703590393066
0.95078125,14,112.08097982406616
0.95078125,14,112.0847680568695
0.940234375,17,112.08942890167236
0.954296875,13,112.09285402297974
0.96484375,10,112.095618724823
-1,16,112.10005187988281
0.9578125,12,112.10321688652039
0.96484375,10,112.10593485832214
0.954296875,13,112.1094708442688
0.95078125,14,112.1131649017334
0.9578125,12,112.11633491516113
0.96484375,10,112.11926078796387
0.96484375,10,112.12205386161804
0.961328125,11,112.12486505508423
0.9578125,12,112.12790989875793
0.95078125,14,112.13152480125427
0.9578125,12,112.13474583625793
0.96484375,10,112.13741683959961
0.954296875,13,112.14062595367432
0.96484375,10,112.14348793029785
0.940234375,17,112.14801001548767
0.9578125,12,112.1515679359436
0.940234375,17,112.15598392486572
0.96484375,10,112.15887999534607
0.961328125,11,112.1618549823761
0.96484375,10,112.1645860671997
0.954296875,13,112.16794180870056
0.961328125,11,112.17134594917297
0.961328125,11,112.17452478408813
0.95078125,14,112.17816400527954
0.9578125,12,112.18161797523499
0.95078125,14,112.18593382835388
0.96484375,10,112.1885199546814
-1,1,112.18901777267456
0.961328125,11,112.19179487228394
0.96484375,10,112.19454383850098
0.96484375,10,112.19697284698486
0.9578125,12,112.19997787475586
0.9296875,20,112.20524287223816
0.961328125,11,112.2083067893982
0.9296875,20,112.21367979049683
0.9578125,12,112.21717691421509
0.9578125,12,112.22044682502747
0.9296875,20,112.2255380153656
0.954296875,13,112.2291579246521
0.961328125,11,112.23201370239258
0.96484375,10,112.23471283912659
0.954296875,13,112.23797512054443
0.954296875,13,112.24135708808899
0.95078125,14,112.24524807929993
0.94375,16,112.24923706054688
0.95078125,14,112.25272488594055
0.95078125,14,112.25681686401367
0.93671875,18,112.26353883743286
0.9296875,20,112.2742531299591
0.954296875,13,112.27774786949158
0.92265625,22,112.28294491767883
0.947265625,15,112.28768110275269
0.96484375,10,112.2918758392334
0.96484375,10,112.29640293121338
0.954296875,13,112.30193090438843
0.954296875,13,112.30825185775757
0.961328125,11,112.31240773200989
0.96484375,10,112.31657791137695
0.95078125,14,112.32082986831665
0.954296875,13,112.32609295845032
0.94375,16,112.33269190788269
0.898046875,29,112.34259104728699
0.96484375,10,112.34686064720154
-1,4,112.34852886199951
0.96484375,10,112.35294580459595
0.96484375,10,112.35693693161011
0.93671875,18,112.36373686790466
0.961328125,11,112.36892580986023
0.954296875,13,112.37352180480957
0.9578125,12,112.3781807422638
0.954296875,13,112.38224577903748
0.933203125,19,112.38667488098145
0.9578125,12,112.38993573188782
0.95078125,14,112.39363884925842
0.9578125,12,112.39687180519104
0.94375,16,112.4010796546936
0.954296875,13,112.40440607070923
0.954296875,13,112.4074718952179
0.96484375,10,112.41006684303284
0.96484375,10,112.41277885437012
0.954296875,13,112.41664266586304
0.96484375,10,112.41933989524841
0.95078125,14,112.42307686805725
0.95078125,14,112.42683911323547
0.96484375,10,112.42961478233337
0.96484375,10,112.43211793899536
0.933203125,19,112.43719506263733
0.947265625,15,112.44139385223389
0.9578125,12,112.44456076622009
0.96484375,10,112.44718480110168
0.9578125,12,112.45023989677429
0.954296875,13,112.45360779762268
0.96484375,10,112.4560649394989
0.961328125,11,112.45890688896179
0.954296875,13,112.4621798992157
0.9296875,20,112.46725583076477
0.9578125,12,112.4709849357605
0.96484375,10,112.47367286682129
0.96484375,10,112.47622990608215
0.96484375,10,112.47901487350464
0.933203125,19,112.48398494720459
0.961328125,11,112.48683977127075
0.9578125,12,112.49054074287415
0.96484375,10,112.49340295791626
0.93671875,18,112.49769282341003
0.96484375,10,112.50027966499329
0.961328125,11,112.50314974784851
0.933203125,19,112.50814890861511
0.96484375,10,112.5109031200409
0.9578125,12,112.51420187950134
0.95078125,14,112.51812100410461
0.96484375,10,112.5206367969513
0.954296875,13,112.52406406402588
0.9578125,12,112.5273289680481
0.95078125,14,112.53110098838806
0.954296875,13,112.53441572189331
-1,6,112.5363757610321
0.954296875,13,112.54006505012512
0.96484375,10,112.54272103309631
0.9578125,12,112.54609274864197
0.940234375,17,112.55053806304932
0.96484375,10,112.55346488952637
0.9578125,12,112.55671191215515
0.94375,16,112.56102299690247
0.96484375,10,112.56362175941467
0.96484375,10,112.5662739276886
0.954296875,13,112.56985282897949
0.95078125,14,112.57385587692261
0.96484375,10,112.57658386230469
0.9578125,12,112.57998275756836
0.96484375,10,112.58259296417236
0.96484375,10,112.58520984649658
0.961328125,11,112.58858871459961
0.95078125,14,112.5924928188324
0.961328125,11,112.59548282623291
0.96484375,10,112.59816193580627
0.961328125,11,112.60113477706909
0.961328125,11,112.60418486595154
0.9296875,20,112.60940599441528
0.96484375,10,112.61202478408813
0.95078125,14,112.61576080322266
0.9578125,12,112.61911606788635
0.96484375,10,112.62195587158203
0.96484375,10,112.62472081184387
0.93671875,18,112.62953805923462
0.9578125,12,112.63286876678467
0.93671875,18,112.63775372505188
0.96484375,10,112.64067673683167
0.961328125,11,112.64360284805298
0.96484375,10,112.64630889892578
0.96484375,10,112.64891195297241
0.96484375,10,112.65174889564514
0.9578125,12,112.65500998497009
0.95078125,14,112.65873789787292
0.947265625,15,112.66253685951233
0.96484375,10,112.66509890556335
0.96484375,10,112.66789293289185
0.961328125,11,112.67096185684204
0.96484375,10,112.67347478866577
0.96484375,10,112.67611193656921
0.940234375,17,112.68074584007263
0.9578125,12,112.68383002281189
0.95078125,14,112.68737292289734
0.947265625,15,112.69153785705566
0.961328125,11,112.69424486160278
0.9578125,12,112.69715571403503
0.947265625,15,112.70103192329407
0.947265625,15,112.70501494407654
0.96484375,10,112.70764088630676
0.9578125,12,112.71102595329285
0.961328125,11,112.7140097618103
0.9578125,12,112.71728110313416
0.95078125,14,112.72132301330566
0.9578125,12,112.72448492050171
0.94375,16,112.72903180122375
0.961328125,11,112.732186794281
0.9578125,12,112.73539590835571
0.96484375,10,112.738028049469
0.9578125,12,112.74124193191528
0.96484375,10,112.74388408660889
0.961328125,11,112.74670696258545
-1,12,112.74980878829956
0.9578125,12,112.7530870437622
0.9578125,12,112.75620889663696
0.95078125,14,112.75952005386353
0.95078125,14,112.76344084739685
0.92265625,22,112.76920080184937
0.96484375,10,112.77214074134827
0.96484375,10,112.7750039100647
0.940234375,17,112.77907395362854
0.961328125,11,112.78205680847168
0.96484375,10,112.78500580787659
0.96484375,10,112.7876307964325
0.96484375,10,112.79055166244507
0.96484375,10,112.79341697692871
0.947265625,15,112.7972297668457
0.9578125,12,112.800461769104
0.961328125,11,112.80351901054382
0.95078125,14,112.80756568908691
0.954296875,13,112.81094789505005
0.96484375,10,112.81359481811523
0.96484375,10,112.8161940574646
0.95078125,14,112.81987309455872
0.961328125,11,112.82267594337463
0.96484375,10,112.82560801506042
0.9578125,12,112.8289647102356
0.954296875,13,112.83238768577576
0.961328125,11,112.83544707298279
0.961328125,11,112.83855390548706
0.96484375,10,112.84116792678833
0.95078125,14,112.84491395950317
0.961328125,11,112.84796786308289
-1,1,112.84850573539734
0.940234375,17,112.85312390327454
0.954296875,13,112.85688185691833
0.954296875,13,112.86056709289551
0.961328125,11,112.86378598213196
0.96484375,10,112.8663558959961
0.940234375,17,112.87085008621216
0.9578125,12,112.87420797348022
0.94375,16,112.87828183174133
0.9578125,12,112.88152766227722
0.947265625,15,112.88555192947388
0.9578125,12,112.88876295089722
0.96484375,10,112.89146184921265
0.947265625,15,112.89583897590637
0.954296875,13,112.89953780174255
0.96484375,10,112.90210199356079
0.96484375,10,112.90455603599548
0.96484375,10,112.90751481056213
-1,9,112.91022992134094
0.947265625,15,112.91421008110046
0.96484375,10,112.91690397262573
0.96484375,10,112.91963291168213
0.954296875,13,112.92294192314148
0.95078125,14,112.92643404006958
0.961328125,11,112.92912697792053
0.954296875,13,112.93238401412964
0.95078125,14,112.93619084358215
0.96484375,10,112.9388039112091
0.954296875,13,112.94240283966064
0.940234375,17,112.94659090042114
-1,1,112.94712591171265
0.954296875,13,112.95077586174011
0.96484375,10,112.95329189300537
0.96484375,10,112.95580387115479
0.961328125,11,112.95883178710938
0.947265625,15,112.9629008769989
0.96484375,10,112.96547675132751
0.96484375,10,112.96807599067688
0.926171875,21,112.97359681129456
-1,1,112.97405886650085
0.9578125,12,112.97694993019104
0.96484375,10,112.97949171066284
0.933203125,19,112.9846818447113
0.961328125,11,112.98760199546814
0.96484375,10,112.99028396606445
0.96484375,10,112.99310803413391
0.947265625,15,112.9969129562378
0.94375,16,113.00116395950317
0.961328125,11,113.004145860672
0.9578125,12,113.00734281539917
0.954296875,13,113.01064872741699
0.9578125,12,113.01381301879883
-1,6,113.01571202278137
0.96484375,10,113.01824903488159
0.961328125,11,113.02117991447449
0.933203125,19,113.02616691589355
0.96484375,10,113.02882885932922
0.94375,16,113.03318500518799
0.9578125,12,113.03650689125061
0.954296875,13,113.03992199897766
0.954296875,13,113.04335188865662
0.9578125,12,113.04673790931702
0.947265625,15,113.05041790008545
0.940234375,17,113.05497789382935
0.96484375,10,113.05776786804199
0.954296875,13,113.06116890907288
0.95078125,14,113.06478595733643
0.9578125,12,113.06819105148315
0.954296875,13,113.0719428062439
0.96484375,10,113.07467794418335
0.96484375,10,113.07717776298523
0.93671875,18,113.08212494850159
0.96484375,10,113.08485889434814
0.96484375,10,113.08755469322205
0.94375,16,113.09194588661194
0.96484375,10,113.09464383125305
0.96484375,10,113.0974338054657
0.94375,16,113.10156583786011
0.96484375,10,113.10423684120178
0.9578125,12,113.10834383964539
0.9578125,12,113.11162900924683
0.954296875,13,113.11512088775635
-1,2,113.11579179763794
0.96484375,10,113.11846995353699
0.96484375,10,113.12117409706116
0.96484375,10,113.12378597259521
0.961328125,11,113.12646389007568
-1,1,113.12690997123718
0.905078125,27,113.13365197181702
0.961328125,11,113.13659191131592
0.96484375,10,113.13920998573303
0.9578125,12,113.14231610298157
0.95078125,14,113.14634871482849
0.9578125,12,113.15122675895691
0.961328125,11,113.15652394294739
0.96484375,10,113.16028189659119
0.954296875,13,113.16649889945984
0.940234375,17,113.1727409362793
0.96484375,10,113.1767349243164
0.96484375,10,113.1808090209961
0.9578125,12,113.18648290634155
0.96484375,10,113.19123673439026
0.96484375,10,113.19538187980652
0.96484375,10,113.19943404197693
0.947265625,15,113.20568180084229
0.940234375,17,113.21268391609192
0.947265625,15,113.21902275085449
0.9578125,12,113.22414588928223
0.933203125,19,113.22927379608154
0.9578125,12,113.23266386985779
0.954296875,13,113.23602485656738
0.94375,16,113.2429449558258
0.94375,16,113.24883890151978
-1,2,113.24983096122742
0.947265625,15,113.25376486778259
0.947265625,15,113.25745272636414
0.947265625,15,113.26151394844055
0.919140625,23,113.26732087135315
0.961328125,11,113.27041792869568
0.961328125,11,113.273512840271
0.940234375,17,113.27847695350647
0.96484375,10,113.28110098838806
0.9578125,12,113.28432893753052
0.96484375,10,113.28699398040771
0.96484375,10,113.28979992866516
0.96484375,10,113.29247093200684
0.96484375,10,113.29516172409058
0.96484375,10,113.29773783683777
0.94375,16,113.30210208892822
0.954296875,13,113.3055911064148
0.93671875,18,113.31000781059265
0.96484375,10,113.31281900405884
0.96484375,10,113.31561803817749
0.954296875,13,113.31944394111633
0.954296875,13,113.32283806800842
0.93671875,18,113.32767581939697
0.961328125,11,113.33059096336365
0.954296875,13,113.3341109752655
0.947265625,15,113.33811092376709
0.933203125,19,113.34325790405273
0.954296875,13,113.34658002853394
0.96484375,10,113.34923481941223
0.933203125,19,113.35386085510254
0.926171875,21,113.35964703559875
0.9578125,12,113.36293292045593
0.954296875,13,113.3664219379425
0.926171875,21,113.37190771102905
0.95078125,14,113.37565898895264
-1,3,113.3765938282013
0.95078125,14,113.38024497032166
0.94375,16,113.38457489013672
0.954296875,13,113.38847279548645
0.93671875,18,113.39373683929443
0.961328125,11,113.39687991142273
0.9578125,12,113.40012907981873
0.94375,16,113.40445375442505
0.93671875,18,113.40914678573608
0.96484375,10,113.41181993484497
0.961328125,11,113.41525888442993
0.961328125,11,113.41814589500427
0.961328125,11,113.42098784446716
0.954296875,13,113.42424869537354
0.961328125,11,113.42719006538391
0.9578125,12,113.43023371696472
0.947265625,15,113.4340648651123
0.94375,16,113.43848395347595
0.96484375,10,113.44103693962097
0.954296875,13,113.44435000419617
0.9578125,12,113.4478509426117
0.96484375,10,113.45053291320801
0.95078125,14,113.45416188240051
0.954296875,13,113.45766401290894
0.95078125,14,113.46127986907959
0.93671875,18,113.46589684486389
0.96484375,10,113.46852397918701
0.961328125,11,113.4717628955841
-1,10,113.47454285621643
0.96484375,10,113.47721600532532
0.9578125,12,113.4804470539093
0.947265625,15,113.48450899124146
0.96484375,10,113.48716902732849
0.96484375,10,113.48974800109863
0.940234375,17,113.49413585662842
-1,11,113.4971489906311
0.9578125,12,113.49996089935303
0.9578125,12,113.5030448436737
0.933203125,19,113.50808882713318
0.954296875,13,113.5115966796875
0.954296875,13,113.51504492759705
0.947265625,15,113.51903104782104
0.947265625,15,113.52301692962646
0.96484375,10,113.52567505836487
0.95078125,14,113.52966785430908
0.93671875,18,113.53466796875
0.93671875,18,113.53953099250793
0.96484375,10,113.54210591316223
0.96484375,10,113.54468083381653
0.9578125,12,113.5479838848114
0.95078125,14,113.55187678337097
0.9578125,12,113.5551438331604
0.9578125,12,113.55971097946167
0.95078125,14,113.56352090835571
0.96484375,10,113.56601691246033
0.96484375,10,113.56862378120422
0.954296875,13,113.57181596755981
0.9578125,12,113.57485699653625
0.961328125,11,113.5778067111969
0.95078125,14,113.58145785331726
0.961328125,11,113.58434200286865
0.94375,16,113.58836889266968
0.947265625,15,113.59228897094727
0.96484375,10,113.59521889686584
0.961328125,11,113.59803795814514
0.9578125,12,113.60137605667114
0.961328125,11,113.60443091392517
0.96484375,10,113.607088804245
0.961328125,11,113.60986089706421
0.94375,16,113.61416292190552
0.947265625,15,113.61806988716125
0.947265625,15,113.62199401855469
0.95078125,14,113.625727891922
0.9578125,12,113.628830909729
0.947265625,15,113.63268780708313
0.9578125,12,113.63604497909546
0.95078125,14,113.63997793197632
0.96484375,10,113.64275097846985
0.954296875,13,113.64606285095215
0.9578125,12,113.6494369506836
0.9578125,12,113.65264105796814
0.96484375,10,113.65526604652405
0.947265625,15,113.65947604179382
0.95078125,14,113.66309976577759
0.961328125,11,113.66631698608398
0.961328125,11,113.66919493675232
0.9578125,12,113.672287940979
0.961328125,11,113.67530393600464
0.95078125,14,113.67903280258179
0.961328125,11,113.68198776245117
0.954296875,13,113.68553400039673
0.961328125,11,113.68862986564636
0.961328125,11,113.69186782836914
0.961328125,11,113.69466590881348
-1,9,113.69735097885132
0.9578125,12,113.70053672790527
0.954296875,13,113.70414185523987
0.95078125,14,113.70765805244446
0.912109375,25,113.7140998840332
0.95078125,14,113.71787786483765
0.96484375,10,113.7205069065094
0.9578125,12,113.72403979301453
0.94375,16,113.72826480865479
0.95078125,14,113.73197793960571
0.954296875,13,113.73561191558838
0.9578125,12,113.73889589309692
0.947265625,15,113.74351596832275
0.947265625,15,113.74746990203857
0.947265625,15,113.75142884254456
0.9578125,12,113.7544538974762
0.96484375,10,113.75751495361328
0.95078125,14,113.76129794120789
0.947265625,15,113.76566982269287
0.9578125,12,113.7685980796814
0.96484375,10,113.77095985412598
0.961328125,11,113.77404069900513
0.96484375,10,113.77667093276978
0.947265625,15,113.78045582771301
-1,10,113.78369379043579
0.95078125,14,113.78716683387756
0.9578125,12,113.79040193557739
0.947265625,15,113.7944118976593
-1,8,113.79672193527222
0.954296875,13,113.80022668838501
0.9578125,12,113.80369782447815
0.9578125,12,113.80709886550903
0.9578125,12,113.81043577194214
-1,15,113.81471276283264
0.9578125,12,113.81787896156311
0.94375,16,113.82192492485046
0.961328125,11,113.82500290870667
0.96484375,10,113.82773089408875
0.9578125,12,113.83071899414062
0.961328125,11,113.83376884460449
0.954296875,13,113.83748888969421
0.940234375,17,113.84239387512207
-1,8,113.84481310844421
0.961328125,11,113.84863996505737
0.96484375,10,113.85151481628418
0.94375,16,113.85539484024048
0.9578125,12,113.85879182815552
0.95078125,14,113.86224102973938
0.96484375,10,113.86485505104065
0.95078125,14,113.86858081817627
0.961328125,11,113.87164998054504
0.947265625,15,113.87590789794922
0.95078125,14,113.87957286834717
0.947265625,15,113.88320994377136
0.96484375,10,113.88594675064087
0.9578125,12,113.88911485671997
0.961328125,11,113.89193868637085
0.96484375,10,113.89442586898804
0.961328125,11,113.89722180366516
0.94375,16,113.90120697021484
0.94375,16,113.90542578697205
0.96484375,10,113.90818309783936
0.9296875,20,113.91332578659058
0.96484375,10,113.91600203514099
0.954296875,13,113.91954207420349
0.96484375,10,113.92217493057251
0.9296875,20,113.92747974395752
0.96484375,10,113.93033504486084
0.94375,16,113.93446397781372
0.926171875,21,113.94021892547607
0.961328125,11,113.94324684143066
0.933203125,19,113.94827389717102
-1,3,113.94937872886658
0.94375,16,113.95354390144348
0.9578125,12,113.95696592330933
0.961328125,11,113.96041703224182
0.961328125,11,113.96332597732544
0.947265625,15,113.96708297729492
0.96484375,10,113.96950387954712
0.9578125,12,113.9727098941803
0.94375,16,113.97726011276245
0.9578125,12,113.98051404953003
0.96484375,10,113.98307394981384
0.96484375,10,113.9856960773468
0.947265625,15,113.98965406417847
0.96484375,10,113.99235796928406
0.954296875,13,113.9955530166626
0.947265625,15,113.9997067451477
0.961328125,11,114.00261783599854
0.96484375,10,114.00513982772827
0.947265625,15,114.00925588607788
0.96484375,10,114.01215171813965
0.954296875,13,114.01548385620117
0.96484375,10,114.01813983917236
0.92265625,22,114.02382588386536
0.961328125,11,114.02664875984192
0.94375,16,114.03070783615112
0.96484375,10,114.03408575057983
-1,8,114.03657484054565
0.961328125,11,114.03940296173096
0.919140625,23,114.04558372497559
0.96484375,10,114.0482587814331
0.961328125,11,114.05171084403992
0.95078125,14,114.05625987052917
0.96484375,10,114.05893087387085
0.947265625,15,114.06260895729065
0.96484375,10,114.06593108177185
-1,5,114.06750273704529
0.96484375,10,114.07018399238586
0.9578125,12,114.07374000549316
0.9578125,12,114.0769898891449
0.96484375,10,114.07970476150513
-1,1,114.08024501800537
-1,1,114.08071875572205
0.9578125,12,114.08397698402405
0.954296875,13,114.08734893798828
0.954296875,13,114.09063768386841
0.96484375,10,114.09320712089539
0.9578125,12,114.09653186798096
0.9578125,12,114.09962177276611
0.919140625,23,114.10552382469177
0.96484375,10,114.10821676254272
0.96484375,10,114.11074209213257
0.954296875,13,114.1139976978302
0.940234375,17,114.11817502975464
0.9578125,12,114.12116980552673
0.96484375,10,114.12412786483765
0.961328125,11,114.12721371650696
0.933203125,19,114.13203287124634
0.933203125,19,114.13726592063904
0.93671875,18,114.14229393005371
0.96484375,10,114.14502096176147
0.96484375,10,114.14763498306274
0.9578125,12,114.15062284469604
0.96484375,10,114.15314674377441
0.9578125,12,114.15663003921509
0.940234375,17,114.16166186332703
0.947265625,15,114.16583490371704
0.9578125,12,114.16887187957764
0.933203125,19,114.17385196685791
0.94375,16,114.17789077758789
0.961328125,11,114.18116474151611
0.95078125,14,114.18563985824585
0.9296875,20,114.19077682495117
0.940234375,17,114.19504189491272
-1,2,114.19599986076355
0.95078125,14,114.19989490509033
0.9578125,12,114.20325779914856
0.961328125,11,114.20594096183777
0.94375,16,114.2103419303894
0.9578125,12,114.21361589431763
0.954296875,13,114.21677494049072
0.940234375,17,114.22117877006531
0.961328125,11,114.22429990768433
0.93671875,18,114.2291510105133
0.96484375,10,114.23165988922119
0.947265625,15,114.23569369316101
0.96484375,10,114.23837995529175
0.95078125,14,114.24189066886902
0.926171875,21,114.24751782417297
0.947265625,15,114.25144696235657
0.947265625,15,114.25537085533142
0.940234375,17,114.2598888874054
0.961328125,11,114.26294684410095
0.94375,16,114.2672917842865
0.940234375,17,114.27169585227966
0.9578125,12,114.2750198841095
0.961328125,11,114.27787280082703
0.94375,16,114.28251075744629
0.947265625,15,114.28635597229004
0.9578125,12,114.28951978683472
0.96484375,10,114.29223084449768
0.940234375,17,114.29657196998596
0.940234375,17,114.30109786987305
0.9578125,12,114.30424690246582
0.947265625,15,114.3080039024353
0.96484375,10,114.31081795692444
0.9578125,12,114.31401085853577
0.954296875,13,114.31714987754822
0.95078125,14,114.32076382637024
0.954296875,13,114.32412075996399
0.954296875,13,114.32726407051086
0.95078125,14,114.33085989952087
0.961328125,11,114.33391094207764
0.9578125,12,114.33718085289001
0.961328125,11,114.34004998207092
0.961328125,11,114.34306001663208
0.954296875,13,114.34647393226624
0.961328125,11,114.34935188293457
0.9578125,12,114.35251569747925
0.961328125,11,114.35552191734314
0.954296875,13,114.35880279541016
-1,2,114.35948586463928
0.947265625,15,114.36329483985901
0.95078125,14,114.3671989440918
0.9578125,12,114.37042593955994
0.954296875,13,114.37445497512817
-1,2,114.37536573410034
0.96484375,10,114.3810350894928
0.954296875,13,114.38492178916931
0.95078125,14,114.38876485824585
0.96484375,10,114.39158201217651
0.96484375,10,114.39420795440674
0.96484375,10,114.39674282073975
0.96484375,10,114.3994927406311
0.95078125,14,114.40339207649231
0.9578125,12,114.40661668777466
0.96484375,10,114.40934681892395
0.92265625,22,114.41533589363098
0.9578125,12,114.41869187355042
0.96484375,10,114.42141485214233
0.961328125,11,114.42468976974487
0.94375,16,114.4286298751831
0.93671875,18,114.43372702598572
0.96484375,10,114.43642282485962
0.961328125,11,114.43911981582642
0.9296875,20,114.44428491592407
0.93671875,18,114.44879794120789
0.961328125,11,114.45152282714844
0.96484375,10,114.45409297943115
0.96484375,10,114.45681691169739
0.93671875,18,114.46141481399536
0.96484375,10,114.46401572227478
0.92265625,22,114.4701178073883
0.9578125,12,114.47363591194153
0.9578125,12,114.47756290435791
0.90859375,26,114.48450684547424
0.926171875,21,114.49047684669495
0.93671875,18,114.49550175666809
0.96484375,10,114.49798679351807
0.961328125,11,114.50085306167603
0.96484375,10,114.50338387489319
0.96484375,10,114.50598192214966
0.95078125,14,114.50983595848083
0.961328125,11,114.5127260684967
0.9578125,12,114.51618480682373
0.947265625,15,114.52030897140503
0.96484375,10,114.52286577224731
0.9578125,12,114.52590107917786
0.96484375,10,114.52870893478394
0.961328125,11,114.53188586235046
0.95078125,14,114.53540682792664
0.95078125,14,114.53893494606018
-1,11,114.54252910614014
0.96484375,10,114.54505705833435
0.9578125,12,114.54811906814575
0.93671875,18,114.55255198478699
0.926171875,21,114.55859398841858
0.95078125,14,114.56243681907654
0.940234375,17,114.56705093383789
0.96484375,10,114.56978583335876
0.9578125,12,114.57302188873291
0.9578125,12,114.5762267112732
0.96484375,10,114.57948803901672
0.95078125,14,114.58309984207153
0.96484375,10,114.58572697639465
0.961328125,11,114.58858299255371
0.96484375,10,114.59134292602539
0.96484375,10,114.59413576126099
0.947265625,15,114.59804892539978
0.96484375,10,114.60066103935242
0.94375,16,114.60556077957153
0.96484375,10,114.60831093788147
0.96484375,10,114.61157298088074
0.954296875,13,114.61488890647888
0.94375,16,114.61894607543945
0.940234375,17,114.62356877326965
0.961328125,11,114.62647986412048
0.96484375,10,114.62928795814514
0.926171875,21,114.6344838142395
0.9578125,12,114.6377899646759
0.954296875,13,114.64161682128906
-1,4,114.64320778846741
0.954296875,13,114.64668798446655
0.940234375,17,114.65111494064331
0.905078125,27,114.65787172317505
0.95078125,14,114.66130375862122
0.96484375,10,114.66393184661865
0.961328125,11,114.66686081886292
0.947265625,15,114.6707489490509
0.95078125,14,114.67425107955933
0.96484375,10,114.67691683769226
0.961328125,11,114.67974090576172
0.96484375,10,114.68248772621155
0.96484375,10,114.68519592285156
0.96484375,10,114.68771576881409
0.96484375,10,114.69034790992737
0.95078125,14,114.69446182250977
0.905078125,27,114.70137691497803
0.96484375,10,114.70391297340393
0.9296875,20,114.70899987220764
0.9578125,12,114.7120258808136
0.94375,16,114.71628785133362
0.9578125,12,114.71963906288147
0.95078125,14,114.72329092025757
0.947265625,15,114.72726678848267
-1,1,114.72782182693481
0.89453125,30,114.73576784133911
0.954296875,13,114.7393159866333
0.96484375,10,114.74212884902954
0.961328125,11,114.7450008392334
0.96484375,10,114.74784898757935
0.9578125,12,114.75128769874573
0.954296875,13,114.75509691238403
0.94375,16,114.75928592681885
-1,1,114.75974607467651
0.961328125,11,114.76270794868469
-1,1,114.76319003105164
0.94375,16,114.76735472679138
0.95078125,14,114.77117991447449
-1,7,114.77333498001099
0.954296875,13,114.77681088447571
0.961328125,11,114.77982592582703
0.947265625,15,114.7838966846466
0.94375,16,114.78896903991699
0.954296875,13,114.79488372802734
0.96484375,10,114.79756903648376
0.947265625,15,114.80356097221375
0.95078125,14,114.80929899215698
0.96484375,10,114.81232380867004
0.95078125,14,114.8186309337616
0.9578125,12,114.8235137462616
0.9578125,12,114.82914900779724
0.961328125,11,114.8338418006897
0.9578125,12,114.8384997844696
0.94375,16,114.84429478645325
0.96484375,10,114.84858298301697
0.9578125,12,114.8528208732605
0.947265625,15,114.85806584358215
0.961328125,11,114.86251974105835
0.94375,16,114.86901187896729
0.96484375,10,114.87213087081909
0.961328125,11,114.87512183189392
0.9578125,12,114.87823700904846
0.9578125,12,114.88136601448059
0.96484375,10,114.88397789001465
0.96484375,10,114.88667893409729
0.96484375,10,114.88931584358215
0.96484375,10,114.89197373390198
0.947265625,15,114.89621186256409
0.954296875,13,114.90023183822632
0.954296875,13,114.90377187728882
0.961328125,11,114.90677094459534
-1,5,114.9084050655365
0.96484375,10,114.91080093383789
0.961328125,11,114.91347289085388
0.96484375,10,114.91585087776184
0.9578125,12,114.91888284683228
0.954296875,13,114.92226696014404
-1,3,114.92319583892822
0.96484375,10,114.92584180831909
0.961328125,11,114.92886781692505
0.9578125,12,114.93241691589355
0.94375,16,114.93670606613159
0.92265625,22,114.94204497337341
0.954296875,13,114.94559001922607
0.940234375,17,114.95002698898315
0.9578125,12,114.95299291610718
0.954296875,13,114.95648694038391
0.961328125,11,114.95948600769043
0.961328125,11,114.96233296394348
0.940234375,17,114.96687388420105
0.95078125,14,114.97080302238464
0.954296875,13,114.9741907119751
0.940234375,17,114.9787027835846
0.940234375,17,114.98304581642151
0.96484375,10,114.98544096946716
0.9578125,12,114.9883918762207
0.954296875,13,114.99171304702759
0.9578125,12,114.99473285675049
0.95078125,14,114.99845576286316
0.954296875,13,115.00196981430054
0.9578125,12,115.00543093681335
0.96484375,10,115.00808382034302
0.912109375,25,115.01457571983337
0.947265625,15,115.0187919139862
0.947265625,15,115.02275204658508
-1,12,115.02631092071533
0.9578125,12,115.02947878837585
0.947265625,15,115.03388905525208
0.94375,16,115.03787970542908
0.947265625,15,115.04187178611755
0.96484375,10,115.04453182220459
0.96484375,10,115.04699087142944
-1,1,115.04758501052856
0.96484375,10,115.05025577545166
0.954296875,13,115.05360579490662
0.9578125,12,115.0568299293518
0.95078125,14,115.06040978431702
0.954296875,13,115.06389880180359
0.96484375,10,115.06655597686768
0.961328125,11,115.06942796707153
0.94375,16,115.07414889335632
0.961328125,11,115.077232837677
0.954296875,13,115.08056879043579
0.9578125,12,115.08376693725586
0.96484375,10,115.08654189109802
0.95078125,14,115.09071373939514
0.96484375,10,115.0934579372406
0.961328125,11,115.09636688232422
0.961328125,11,115.09943771362305
0.9578125,12,115.10253477096558
0.9296875,20,115.10832595825195
0.954296875,13,115.11200594902039
-1,7,115.11413288116455
0.94375,16,115.11810374259949
0.96484375,10,115.12069511413574
0.9578125,12,115.1241979598999
0.96484375,10,115.12665486335754
0.947265625,15,115.13022065162659
0.9578125,12,115.13336992263794
0.95078125,14,115.13687300682068
0.915625,24,115.14306688308716
0.96484375,10,115.14584493637085
0.961328125,11,115.14877271652222
0.9578125,12,115.1518669128418
0.96484375,10,115.15479588508606
0.96484375,10,115.15767979621887
-1,1,115.15817284584045
0.95078125,14,115.16191172599792
0.94375,16,115.16632771492004
-1,14,115.17003393173218
0.96484375,10,115.17253303527832
0.961328125,11,115.17560076713562
0.954296875,13,115.17945384979248
0.961328125,11,115.18224096298218
0.9578125,12,115.18568992614746
0.9578125,12,115.18890690803528
0.9578125,12,115.19234681129456
0.954296875,13,115.19586896896362
0.94375,16,115.20017886161804
0.96484375,10,115.2027530670166
0.95078125,14,115.20659470558167
0.96484375,10,115.20927095413208
0.9578125,12,115.21240186691284
0.96484375,10,115.21553373336792
0.96484375,10,115.21818280220032
0.961328125,11,115.22109293937683
0.9578125,12,115.22431993484497
0.940234375,17,115.2286958694458
0.95078125,14,115.2325587272644
0.961328125,11,115.23560500144958
-1,1,115.23624396324158
0.96484375,10,115.23904585838318
0.96484375,10,115.241947889328
0.940234375,17,115.24646782875061
0.93671875,18,115.25106692314148
0.954296875,13,115.25417280197144
0.961328125,11,115.25743389129639
0.95078125,14,115.26112484931946
0.9578125,12,115.26453304290771
-1,2,115.26543188095093
0.9578125,12,115.26850485801697
0.947265625,15,115.27225875854492
0.95078125,14,115.27600693702698
0.940234375,17,115.28044176101685
0.94375,16,115.28440690040588
0.954296875,13,115.2877209186554
0.961328125,11,115.29053497314453
0.93671875,18,115.29465198516846
0.95078125,14,115.29856491088867
0.96484375,10,115.30124592781067
0.95078125,14,115.30484390258789
0.954296875,13,115.30833578109741
0.954296875,13,115.31217694282532
0.961328125,11,115.31501698493958
0.96484375,10,115.31769704818726
0.954296875,13,115.32160687446594
0.9578125,12,115.32527279853821
0.9578125,12,115.32867193222046
0.954296875,13,115.3318738937378
0.96484375,10,115.3345410823822
-1,11,115.33766198158264
0.947265625,15,115.34160208702087
0.9578125,12,115.3447208404541
0.9578125,12,115.3479061126709
0.961328125,11,115.35089492797852
0.90859375,26,115.35745477676392
0.96484375,10,115.36028385162354
0.954296875,13,115.3640079498291
0.961328125,11,115.36706376075745
0.9578125,12,115.37072587013245
0.954296875,13,115.37417387962341
0.961328125,11,115.37718677520752
0.94375,16,115.38125801086426
0.961328125,11,115.38444495201111
0.961328125,11,115.38745498657227
0.954296875,13,115.39097285270691
0.9578125,12,115.39411473274231
0.947265625,15,115.39825677871704
0.95078125,14,115.40199398994446
0.96484375,10,115.40464901924133
0.96484375,10,115.40756392478943
0.96484375,10,115.4102520942688
0.95078125,14,115.41417384147644
0.96484375,10,115.4169590473175
-1,1,115.41743803024292
0.95078125,14,115.4212429523468
0.9578125,12,115.42453408241272
0.96484375,10,115.42703008651733
0.95078125,14,115.43092894554138
-1,1,115.43146395683289
0.96484375,10,115.43441367149353
0.96484375,10,115.43694996833801
0.96484375,10,115.43954992294312
0.961328125,11,115.44277572631836
0.9578125,12,115.44624996185303
0.9578125,12,115.44929695129395
0.947265625,15,115.45346999168396
0.961328125,11,115.45656394958496
-1,16,115.46088886260986
0.947265625,15,115.46519780158997
0.95078125,14,115.46903085708618
0.93671875,18,115.47386598587036
0.961328125,11,115.47701501846313
0.96484375,10,115.47973990440369
0.9578125,12,115.4827630519867
0.96484375,10,115.48550605773926
0.9578125,12,115.48864579200745
0.933203125,19,115.49362301826477
0.94375,16,115.49810481071472
0.96484375,10,115.50085091590881
0.961328125,11,115.50386786460876
0.96484375,10,115.5066020488739
-1,6,115.5083498954773
0.954296875,13,115.5116639137268
0.9578125,12,115.51485180854797
0.954296875,13,115.51849293708801
-1,12,115.52179002761841
0.961328125,11,115.52457284927368
0.940234375,17,115.52926993370056
0.954296875,13,115.53273868560791
0.96484375,10,115.53557777404785
0.947265625,15,115.54004693031311
0.96484375,10,115.54269003868103
0.95078125,14,115.54619193077087
0.961328125,11,115.54910898208618
0.9578125,12,115.55235195159912
0.961328125,11,115.55547380447388
0.898046875,29,115.5638198852539
0.96484375,10,115.56654095649719
-1,1,115.56706690788269
0.96484375,10,115.56963086128235
0.96484375,10,115.57233691215515
0.954296875,13,115.57551598548889
0.95078125,14,115.57889485359192
0.96484375,10,115.58186388015747
0.940234375,17,115.58625388145447
0.947265625,15,115.59043288230896
0.96484375,10,115.59306287765503
0.947265625,15,115.5968759059906
0.9578125,12,115.60011172294617
0.96484375,10,115.60304093360901
0.94375,16,115.607266664505
0.9578125,12,115.61050391197205
0.93671875,18,115.61504483222961
0.93671875,18,115.61997890472412
0.93671875,18,115.62454986572266
0.93671875,18,115.6287727355957
0.94375,16,115.6334547996521
0.9578125,12,115.63686180114746
0.961328125,11,115.64004302024841
0.9578125,12,115.64330887794495
0.954296875,13,115.64659690856934
0.9578125,12,115.64972186088562
0.96484375,10,115.65249991416931
0.961328125,11,115.65562605857849
0.96484375,10,115.65813398361206
0.947265625,15,115.6620659828186
-1,1,115.66258001327515
0.96484375,10,115.6653048992157
0.954296875,13,115.6686499118805
0.96484375,10,115.67126679420471
0.96484375,10,115.67382884025574
0.954296875,13,115.67716884613037
-1,14,115.6811740398407
0.961328125,11,115.68443179130554
0.96484375,10,115.68697500228882
0.954296875,13,115.69037175178528
0.912109375,25,115.69653081893921
0.96484375,10,115.69897866249084
0.961328125,11,115.70197892189026
0.96484375,10,115.704913854599
0.9578125,12,115.70813083648682
0.9296875,20,115.71343493461609
0.961328125,11,115.71641087532043
0.954296875,13,115.71962594985962
0.954296875,13,115.72347283363342
0.95078125,14,115.72732591629028
0.954296875,13,115.73101902008057
0.96484375,10,115.73384594917297
0.947265625,15,115.73798394203186
0.96484375,10,115.74144792556763
0.947265625,15,115.74535608291626
0.9578125,12,115.7484827041626
0.96484375,10,115.75109577178955
0.94375,16,115.75546503067017
0.95078125,14,115.75924396514893
0.9578125,12,115.76224493980408
0.94375,16,115.76678991317749
0.9578125,12,115.76980495452881
0.9578125,12,115.77269291877747
-1,2,115.77343797683716
0.961328125,11,115.77628588676453
0.93671875,18,115.7808129787445
0.954296875,13,115.78439402580261
0.96484375,10,115.78700685501099
0.912109375,25,115.79354977607727
0.96484375,10,115.79636883735657
-1,1,115.79688787460327
0.96484375,10,115.79946398735046
0.961328125,11,115.80254888534546
-1,3,115.80356669425964
0.95078125,14,115.80735373497009
0.961328125,11,115.81018590927124
0.947265625,15,115.81412410736084
0.961328125,11,115.81733679771423
0.961328125,11,115.82031798362732
0.961328125,11,115.82339692115784
0.96484375,10,115.82620072364807
0.961328125,11,115.82919692993164
0.93671875,18,115.83363890647888
0.961328125,11,115.83660292625427
0.93671875,18,115.84098291397095
0.96484375,10,115.84361696243286
0.961328125,11,115.84730792045593
0.961328125,11,115.85015678405762
0.954296875,13,115.85364294052124
0.9578125,12,115.85737085342407
-1,4,115.8589198589325
0.954296875,13,115.86256694793701
0.9578125,12,115.86570501327515
0.961328125,11,115.86854386329651
0.96484375,10,115.87111711502075
0.9578125,12,115.87423801422119
0.96484375,10,115.87688493728638
0.954296875,13,115.88017797470093
0.961328125,11,115.88315176963806
0.96484375,10,115.88586187362671
0.961328125,11,115.8887779712677
0.95078125,14,115.8925187587738
0.961328125,11,115.89538192749023
0.96484375,10,115.89801073074341
0.919140625,23,115.90399384498596
0.954296875,13,115.9073977470398
-1,5,115.90910696983337
-1,10,115.91162586212158
0.96484375,10,115.91415095329285
0.96484375,10,115.91674280166626
0.961328125,11,115.91967582702637
0.96484375,10,115.92233395576477
0.961328125,11,115.92530488967896
0.95078125,14,115.92915487289429
0.961328125,11,115.9319338798523
0.961328125,11,115.93491291999817
0.96484375,10,115.93757009506226
0.940234375,17,115.94199180603027
0.90859375,26,115.94835686683655
0.961328125,11,115.95136880874634
0.96484375,10,115.95422792434692
0.947265625,15,115.95838594436646
0.961328125,11,115.96127581596375
0.96484375,10,115.96373081207275
0.954296875,13,115.96694087982178
0.96484375,10,115.96958804130554
0.961328125,11,115.9723629951477
0.954296875,13,115.9755027294159
0.9578125,12,115.97867393493652
0.9578125,12,115.98218703269958
0.95078125,14,115.98584771156311
0.9578125,12,115.98879480361938
0.954296875,13,115.99228286743164
-1,11,115.99536895751953
0.961328125,11,115.99811673164368
0.961328125,11,116.00096797943115
0.96484375,10,116.00366497039795
0.96484375,10,116.00640487670898
0.961328125,11,116.00940489768982
0.96484375,10,116.01190185546875
0.947265625,15,116.01587104797363
0.96484375,10,116.01855278015137
0.9578125,12,116.02195692062378
0.96484375,10,116.02455592155457
0.96484375,10,116.02719688415527
0.96484375,10,116.02993988990784
0.96484375,10,116.03264904022217
0.9296875,20,116.03775596618652
0.947265625,15,116.04185700416565
0.96484375,10,116.04470086097717
0.961328125,11,116.04736995697021
0.96484375,10,116.04984498023987
0.95078125,14,116.05344104766846
0.9578125,12,116.0566349029541
0.96484375,10,116.05931282043457
0.96484375,10,116.06277680397034
0.96484375,10,116.06546688079834
0.96484375,10,116.0681459903717
0.954296875,13,116.07159495353699
0.947265625,15,116.07563090324402
0.96484375,10,116.07854580879211
0.961328125,11,116.08160471916199
0.9296875,20,116.08658790588379
0.95078125,14,116.09039688110352
0.96484375,10,116.09315204620361
0.96484375,10,116.09579181671143
0.947265625,15,116.09975504875183
0.961328125,11,116.1028459072113
0.95078125,14,116.10659885406494
0.96484375,10,116.10937690734863
0.954296875,13,116.11250591278076
0.961328125,11,116.11521482467651
0.9578125,12,116.11846089363098
0.9578125,12,116.12156796455383
0.96484375,10,116.1242458820343
0.94375,16,116.12852501869202
0.9578125,12,116.13161492347717
0.947265625,15,116.13563179969788
0.96484375,10,116.13825106620789
0.940234375,17,116.14290189743042
0.94375,16,116.14797902107239
0.961328125,11,116.15097284317017
0.96484375,10,116.15372490882874
0.915625,24,116.16061902046204
0.933203125,19,116.17018294334412
0.961328125,11,116.17486786842346
0.933203125,19,116.18272089958191
0.96484375,10,116.187166929245
0.96484375,10,116.19074583053589
0.96484375,10,116.19507884979248
0.94375,16,116.20075488090515
0.9578125,12,116.2063958644867
0.95078125,14,116.21073484420776
0.947265625,15,116.21642875671387
-1,5,116.21901988983154
0.94375,16,116.22374892234802
0.947265625,15,116.2288248538971
0.954296875,13,116.23342108726501
0.9578125,12,116.23703503608704
0.95078125,14,116.24231386184692
0.940234375,17,116.24774289131165
0.947265625,15,116.252681016922
0.95078125,14,116.25874900817871
0.9578125,12,116.26214599609375
0.96484375,10,116.26485395431519
0.940234375,17,116.26912474632263
0.9578125,12,116.27235293388367
0.95078125,14,116.2762360572815
0.954296875,13,116.27969098091125
0.947265625,15,116.2838966846466
0.961328125,11,116.28687286376953
0.96484375,10,116.28975796699524
0.9578125,12,116.29282784461975
0.961328125,11,116.29573512077332
0.95078125,14,116.29982590675354
0.94375,16,116.30366373062134
0.954296875,13,116.30710196495056
0.95078125,14,116.31060576438904
0.961328125,11,116.31342577934265
0.89453125,30,116.32132482528687
0.954296875,13,116.32512593269348
0.954296875,13,116.32882785797119
0.95078125,14,116.332524061203
0.96484375,10,116.33523488044739
0.954296875,13,116.33843207359314
0.96484375,10,116.3411648273468
0.93671875,18,116.34609389305115
0.947265625,15,116.35008788108826
0.961328125,11,116.35283899307251
0.96484375,10,116.35544776916504
0.95078125,14,116.35924196243286
0.9578125,12,116.36240577697754
0.96484375,10,116.36508798599243
0.954296875,13,116.36850094795227
0.96484375,10,116.3712568283081
0.926171875,21,116.37702202796936
0.96484375,10,116.37952375411987
0.961328125,11,116.38265800476074
0.96484375,10,116.38542103767395
0.947265625,15,116.38923788070679
0.954296875,13,116.39280891418457
0.947265625,15,116.3965368270874
0.96484375,10,116.3991858959198
0.95078125,14,116.40280771255493
0.961328125,11,116.40577006340027
0.9296875,20,116.41127872467041
0.9578125,12,116.4144377708435
0.954296875,13,116.41800284385681
0.92265625,22,116.42360186576843
0.940234375,17,116.42778491973877
0.96484375,10,116.43025207519531
0.9578125,12,116.433602809906
0.961328125,11,116.43646168708801
0.96484375,10,116.43905901908875
0.96484375,10,116.4416708946228
0.9578125,12,116.44489073753357
0.961328125,11,116.44785690307617
0.9578125,12,116.45098090171814
0.9296875,20,116.45627903938293
0.954296875,13,116.46000385284424
-1,6,116.46189069747925
0.9578125,12,116.4650559425354
0.954296875,13,116.46852993965149
0.961328125,11,116.47154307365417
0.954296875,13,116.47482585906982
0.961328125,11,116.47775888442993
0.947265625,15,116.48234391212463
0.96484375,10,116.48503398895264
0.9578125,12,116.48811888694763
0.9578125,12,116.49123978614807
0.94375,16,116.49501395225525
0.96484375,10,116.49767303466797
0.9578125,12,116.50060176849365
0.96484375,10,116.5033369064331
0.961328125,11,116.50653290748596
0.9296875,20,116.51160383224487
0.954296875,13,116.51551389694214
0.96484375,10,116.51819086074829
0.9578125,12,116.52139687538147
0.933203125,19,116.52696299552917
0.961328125,11,116.53002595901489
0.96484375,10,116.53268885612488
0.954296875,13,116.5361008644104
0.947265625,15,116.53996181488037
0.95078125,14,116.54363179206848
0.95078125,14,116.54721188545227
0.9578125,12,116.55037784576416
0.947265625,15,116.55468797683716
0.954296875,13,116.55820178985596
0.95078125,14,116.56175374984741
0.96484375,10,116.5644280910492
0.93671875,18,116.56936502456665
0.9578125,12,116.57261085510254
0.94375,16,116.57702302932739
0.96484375,10,116.57963585853577
0.94375,16,116.58365893363953
0.96484375,10,116.58631300926208
0.954296875,13,116.59012198448181
0.96484375,10,116.59289193153381
0.905078125,27,116.60002779960632
0.915625,24,116.60715889930725
0.96484375,10,116.60989594459534
0.933203125,19,116.61546492576599
0.9578125,12,116.61868906021118
0.95078125,14,116.62225484848022
0.95078125,14,116.62597680091858
0.947265625,15,116.629647731781
0.94375,16,116.63424682617188
0.94375,16,116.6385989189148
0.96484375,10,116.64115571975708
0.947265625,15,116.64525699615479
0.93671875,18,116.6500129699707
0.961328125,11,116.65293478965759
0.961328125,11,116.65577602386475
0.954296875,13,116.65917181968689
0.95078125,14,116.66250491142273
0.961328125,11,116.66526579856873
0.94375,16,116.66927099227905
0.954296875,13,116.67269778251648
0.947265625,15,116.67685770988464
0.95078125,14,116.68066573143005
0.961328125,11,116.68371677398682
0.954296875,13,116.68743872642517
0.961328125,11,116.69035601615906
0.96484375,10,116.69302487373352
0.940234375,17,116.69815874099731
0.9578125,12,116.70135402679443
0.961328125,11,116.70414590835571
0.954296875,13,116.70758390426636
0.954296875,13,116.71100997924805
0.96484375,10,116.71345901489258
0.9578125,12,116.71670603752136
0.94375,16,116.7215039730072
0.9578125,12,116.72485876083374
0.95078125,14,116.72851777076721
0.96484375,10,116.73135375976562
0.94375,16,116.73562908172607
0.961328125,11,116.73944592475891
0.947265625,15,116.74336886405945
0.9578125,12,116.74652075767517
0.96484375,10,116.74907970428467
0.947265625,15,116.75285792350769
0.96484375,10,116.7554829120636
0.961328125,11,116.75928711891174
0.92265625,22,116.76482105255127
0.954296875,13,116.76814699172974
0.9578125,12,116.77142286300659
0.912109375,25,116.77793383598328
0.961328125,11,116.78106808662415
0.9578125,12,116.78443384170532
0.926171875,21,116.7901258468628
-1,1,116.79065871238708
0.95078125,14,116.79399394989014
0.95078125,14,116.79755187034607
0.940234375,17,116.80224370956421
0.93671875,18,116.8077609539032
0.9578125,12,116.81127595901489
0.926171875,21,116.81697368621826
0.954296875,13,116.82059693336487
0.954296875,13,116.82522487640381
0.954296875,13,116.82877087593079
0.961328125,11,116.83188199996948
0.954296875,13,116.83537793159485
0.9578125,12,116.83871269226074
0.954296875,13,116.84217810630798
0.961328125,11,116.8451247215271
0.96484375,10,116.8480110168457
0.961328125,11,116.85103988647461
0.9578125,12,116.85484790802002
0.9578125,12,116.85816788673401
0.954296875,13,116.86185193061829
0.95078125,14,116.86563396453857
0.954296875,13,116.86918783187866
0.96484375,10,116.87188506126404
0.95078125,14,116.87653684616089
0.961328125,11,116.88029599189758
-1,1,116.88098883628845
0.961328125,11,116.88430786132812
-1,3,116.88557076454163
0.94375,16,116.88952589035034
0.9578125,12,116.89302492141724
0.954296875,13,116.89724493026733
0.947265625,15,116.90128898620605
0.947265625,15,116.90537595748901
0.961328125,11,116.90835881233215
0.961328125,11,116.91217994689941
0.961328125,11,116.91515898704529
0.961328125,11,116.91819977760315
-1,2,116.91968369483948
0.96484375,10,116.92268180847168
0.933203125,19,116.9280960559845
0.9578125,12,116.93192386627197
0.961328125,11,116.93516993522644
0.96484375,10,116.93787384033203
0.9578125,12,116.9410879611969
0.926171875,21,116.94687485694885
0.95078125,14,116.95119094848633
0.954296875,13,116.95474195480347
0.96484375,10,116.95750784873962
0.95078125,14,116.96440386772156
0.940234375,17,116.96883082389832
0.96484375,10,116.97158980369568
0.954296875,13,116.97545075416565
-1,8,116.97804188728333
0.947265625,15,116.98258209228516
0.92265625,22,116.98807668685913
0.96484375,10,116.99082803726196
0.96484375,10,116.99354910850525
0.9578125,12,116.99700498580933
0.954296875,13,117.0007758140564
0.9578125,12,117.00429797172546
0.947265625,15,117.01313591003418
0.95078125,14,117.01787400245667
0.947265625,15,117.02212691307068
0.96484375,10,117.02490592002869
0.961328125,11,117.0287778377533
0.9578125,12,117.03240084648132
0.95078125,14,117.03645491600037
0.94375,16,117.04199767112732
0.954296875,13,117.04549789428711
0.95078125,14,117.04950284957886
0.96484375,10,117.05218577384949
0.933203125,19,117.05735993385315
0.93671875,18,117.06244897842407
0.961328125,11,117.06701588630676
0.96484375,10,117.06985688209534
0.94375,16,117.07439184188843
0.954296875,13,117.07785177230835
0.947265625,15,117.08200979232788
0.961328125,11,117.08501195907593
0.96484375,10,117.08789682388306
0.961328125,11,117.09112191200256
0.9578125,12,117.09485483169556
-1,1,117.09535789489746
0.940234375,17,117.10109376907349
0.95078125,14,117.1048309803009
0.94375,16,117.10923600196838
0.9578125,12,117.11251306533813
0.93671875,18,117.11754488945007
0.961328125,11,117.12313175201416
0.96484375,10,117.12660574913025
0.954296875,13,117.13062882423401
0.9578125,12,117.13437080383301
0.961328125,11,117.1372537612915
0.95078125,14,117.14151692390442
0.961328125,11,117.14466190338135
0.96484375,10,117.1474838256836
0.94375,16,117.15175485610962
0.95078125,14,117.1558108329773
0.96484375,10,117.15857195854187
0.926171875,21,117.1643967628479
0.9578125,12,117.16783285140991
0.947265625,15,117.17172503471375
0.954296875,13,117.1752598285675
-1,18,117.18001794815063
0.947265625,15,117.18430280685425
0.954296875,13,117.18799376487732
0.961328125,11,117.19116282463074
0.954296875,13,117.19475197792053
0.9296875,20,117.2005660533905
0.96484375,10,117.20380187034607
0.933203125,19,117.20927596092224
0.933203125,19,117.21449589729309
0.9578125,12,117.21771192550659
0.947265625,15,117.22158098220825
0.954296875,13,117.22522497177124
0.96484375,10,117.22795581817627
0.961328125,11,117.23105692863464
0.96484375,10,117.23359990119934
0.96484375,10,117.23615097999573
0.96484375,10,117.23888373374939
0.95078125,14,117.24244403839111
0.926171875,21,117.24774670600891
0.954296875,13,117.25140500068665
0.95078125,14,117.2551040649414
0.947265625,15,117.27473783493042
0.94375,16,117.30117583274841
0.954296875,13,117.305734872818
0.95078125,14,117.31427478790283
0.926171875,21,117.32523703575134
0.947265625,15,117.33202695846558
0.96484375,10,117.33473682403564
0.9578125,12,117.3383858203888
0.954296875,13,117.3418939113617
0.93671875,18,117.34648394584656
0.954296875,13,117.35014986991882
0.96484375,10,117.35275077819824
0.94375,16,117.35754871368408
0.96484375,10,117.36040878295898
0.926171875,21,117.36588907241821
0.9578125,12,117.36924076080322
0.915625,24,117.37659788131714
0.93671875,18,117.38148784637451
0.947265625,15,117.38521885871887
0.95078125,14,117.3891818523407
0.961328125,11,117.39224696159363
0.961328125,11,117.39533495903015
0.95078125,14,117.39892292022705
0.961328125,11,117.4024019241333
0.961328125,11,117.40535974502563
0.926171875,21,117.41125297546387
0.96484375,10,117.41430974006653
0.933203125,19,117.41940498352051
0.947265625,15,117.4234938621521
0.912109375,25,117.43071579933167
0.954296875,13,117.43411588668823
0.961328125,11,117.43709588050842
0.961328125,11,117.4402220249176
0.961328125,11,117.44317889213562
-1,1,117.44379186630249
0.96484375,10,117.4465217590332
0.9578125,12,117.45002388954163
0.96484375,10,117.45273971557617
0.96484375,10,117.45526790618896
0.96484375,10,117.45800876617432
0.961328125,11,117.46097898483276
0.961328125,11,117.46403574943542
0.95078125,14,117.46784996986389
0.9578125,12,117.47090673446655
0.96484375,10,117.47416186332703
0.96484375,10,117.47685408592224
0.961328125,11,117.47995495796204
0.95078125,14,117.48389291763306
0.95078125,14,117.48746585845947
0.96484375,10,117.49018979072571
0.9578125,12,117.49345374107361
0.94375,16,117.49757695198059
-1,7,117.49950003623962
0.94375,16,117.50371789932251
0.96484375,10,117.50692582130432
0.940234375,17,117.51160383224487
0.94375,16,117.51641988754272
0.933203125,19,117.52133774757385
0.940234375,17,117.525958776474
0.96484375,10,117.52869081497192
0.96484375,10,117.53137588500977
0.9578125,12,117.53456282615662
0.961328125,11,117.53738594055176
0.933203125,19,117.54218196868896
0.9578125,12,117.54542994499207
0.96484375,10,117.5481767654419
0.9578125,12,117.55167484283447
0.96484375,10,117.55567693710327
0.947265625,15,117.55982685089111
0.947265625,15,117.56394791603088
0.96484375,10,117.56712889671326
0.93671875,18,117.57200789451599
0.92265625,22,117.57950067520142
0.947265625,15,117.58788776397705
0.9578125,12,117.59309792518616
0.96484375,10,117.59597682952881
0.92265625,22,117.60219287872314
0.9578125,12,117.60566973686218
0.961328125,11,117.60861396789551
-1,1,117.60910177230835
0.947265625,15,117.61324787139893
0.961328125,11,117.61641883850098
0.954296875,13,117.62013578414917
0.9578125,12,117.62336778640747
0.95078125,14,117.62709879875183
0.96484375,10,117.62986588478088
0.961328125,11,117.63273811340332
0.96484375,10,117.63539576530457
0.95078125,14,117.63918995857239
0.954296875,13,117.64269804954529
0.954296875,13,117.64620804786682
0.96484375,10,117.64889597892761
0.96484375,10,117.65164375305176
0.96484375,10,117.65496301651001
0.94375,16,117.65933394432068
0.96484375,10,117.66202092170715
0.947265625,15,117.6664388179779
0.96484375,10,117.66913104057312
-1,5,117.67092895507812
0.95078125,14,117.6746928691864
0.961328125,11,117.67783093452454
0.94375,16,117.68194198608398
0.96484375,10,117.68455767631531
0.9578125,12,117.68793177604675
0.9578125,12,117.69116592407227
0.947265625,15,117.69532704353333
0.9578125,12,117.6985547542572
0.9578125,12,117.7019248008728
0.9296875,20,117.70773386955261
0.96484375,10,117.71028304100037
0.961328125,11,117.71298098564148
0.96484375,10,117.71544885635376
0.96484375,10,117.71799087524414
0.9578125,12,117.72100472450256
0.954296875,13,117.72430181503296
0.961328125,11,117.72731804847717
0.947265625,15,117.73142099380493
0.96484375,10,117.73400592803955
0.961328125,11,117.73680210113525
0.961328125,11,117.73997688293457
0.9578125,12,117.74318790435791
0.954296875,13,117.74641108512878
0.961328125,11,117.74946880340576
0.96484375,10,117.75234794616699
0.96484375,10,117.75505685806274
0.96484375,10,117.75748205184937
0.9578125,12,117.76106977462769
0.95078125,14,117.76513695716858
0.961328125,11,117.76820397377014
0.9578125,12,117.77159881591797
0.95078125,14,117.77605295181274
0.9578125,12,117.77928972244263
0.954296875,13,117.78263878822327
0.947265625,15,117.78624892234802
0.940234375,17,117.79056787490845
0.947265625,15,117.79471588134766
0.961328125,11,117.7978048324585
0.933203125,19,117.80298590660095
0.95078125,14,117.80649876594543
0.93671875,18,117.8115336894989
0.95078125,14,117.81552696228027
0.96484375,10,117.81819581985474
0.940234375,17,117.82274293899536
0.9578125,12,117.8260657787323
0.961328125,11,117.82899880409241
0.96484375,10,117.83168268203735
0.961328125,11,117.83451080322266
0.961328125,11,117.83759593963623
0.96484375,10,117.84034085273743
0.9578125,12,117.84379982948303
0.961328125,11,117.84669899940491
0.96484375,10,117.84935784339905
0.9578125,12,117.85271978378296
0.947265625,15,117.85676789283752
0.9578125,12,117.85994291305542
0.95078125,14,117.86360287666321
0.95078125,14,117.86728978157043
0.9578125,12,117.87063980102539
0.954296875,13,117.87411689758301
0.96484375,10,117.87682104110718
0.9578125,12,117.87988877296448
0.96484375,10,117.88266706466675
0.940234375,17,117.88695979118347
0.954296875,13,117.89064979553223
0.96484375,10,117.89322090148926
0.9578125,12,117.89637684822083
0.9578125,12,117.89950680732727
0.961328125,11,117.90253067016602
0.954296875,13,117.90592002868652
0.954296875,13,117.90994310379028
0.9578125,12,117.91308808326721
0.954296875,13,117.9166259765625
0.919140625,23,117.92242288589478
0.93671875,18,117.92706894874573
0.9578125,12,117.93014597892761
0.947265625,15,117.93398594856262
0.96484375,10,117.93676805496216
0.961328125,11,117.94011688232422
0.96484375,10,117.94269895553589
0.954296875,13,117.94612193107605
0.96484375,10,117.9487087726593
0.9578125,12,117.951819896698
0.961328125,11,117.95462775230408
0.954296875,13,117.95782399177551
0.96484375,10,117.96042585372925
0.961328125,11,117.96332478523254
0.961328125,11,117.96641087532043
0.954296875,13,117.96965408325195
0.95078125,14,117.97332978248596
0.961328125,11,117.97668671607971
0.96484375,10,117.9796998500824
0.93671875,18,117.98460078239441
0.9578125,12,117.9879150390625
0.961328125,11,117.99112606048584
0.9578125,12,117.99427795410156
0.961328125,11,117.99724078178406
0.96484375,10,118.00008296966553
0.95078125,14,118.00390100479126
0.96484375,10,118.00651907920837
0.961328125,11,118.00937986373901
0.961328125,11,118.0123598575592
0.9578125,12,118.01563787460327
-1,1,118.01607704162598
0.95078125,14,118.02010083198547
0.9296875,20,118.02525281906128
0.96484375,10,118.0278480052948
0.961328125,11,118.03098893165588
0.961328125,11,118.03379893302917
0.96484375,10,118.03644394874573
-1,1,118.03698897361755
0.93671875,18,118.0416738986969
0.933203125,19,118.04653072357178
0.96484375,10,118.04911184310913
0.95078125,14,118.05338788032532
0.95078125,14,118.05698680877686
0.954296875,13,118.06072878837585
0.9578125,12,118.06394600868225
-1,1,118.06440711021423
0.947265625,15,118.06827688217163
0.9578125,12,118.07142686843872
0.9578125,12,118.07453393936157
0.94375,16,118.07897090911865
0.96484375,10,118.08219599723816
0.954296875,13,118.08584499359131
0.9578125,12,118.08909797668457
0.961328125,11,118.09220099449158
0.961328125,11,118.09514284133911
0.940234375,17,118.10008597373962
0.95078125,14,118.10397601127625
0.96484375,10,118.10661578178406
0.954296875,13,118.10989284515381
0.954296875,13,118.11346888542175
0.9578125,12,118.11718201637268
0.9578125,12,118.12060689926147
0.9578125,12,118.12399888038635
0.961328125,11,118.12724781036377
0.954296875,13,118.131187915802
0.96484375,10,118.13378572463989
0.94375,16,118.13807582855225
0.912109375,25,118.14497303962708
0.95078125,14,118.1485366821289
0.954296875,13,118.15231990814209
-1,2,118.15313005447388
0.96484375,10,118.1558108329773
0.9578125,12,118.15922570228577
0.9578125,12,118.16252899169922
0.95078125,14,118.1661787033081
0.96484375,10,118.1687560081482
0.947265625,15,118.17293190956116
0.947265625,15,118.17695689201355
-1,1,118.17755174636841
0.94375,16,118.18152189254761
0.96484375,10,118.18420505523682
0.9578125,12,118.18756580352783
0.96484375,10,118.19044184684753
0.954296875,13,118.19379091262817
0.95078125,14,118.19779896736145
0.96484375,10,118.20047783851624
0.961328125,11,118.203373670578
0.961328125,11,118.20641589164734
-1,2,118.20729088783264
0.95078125,14,118.21113872528076
0.96484375,10,118.21375107765198
0.954296875,13,118.217120885849
0.93671875,18,118.2219808101654
0.940234375,17,118.22645306587219
0.96484375,10,118.22912573814392
0.961328125,11,118.23233890533447
0.961328125,11,118.23537278175354
0.95078125,14,118.23904490470886
0.93671875,18,118.24396181106567
0.961328125,11,118.24682974815369
0.96484375,10,118.24951601028442
0.96484375,10,118.25253891944885
-1,5,118.25419282913208
0.9578125,12,118.25731992721558
0.961328125,11,118.2601170539856
-1,17,118.26511693000793
0.961328125,11,118.26802587509155
0.92265625,22,118.27422904968262
-1,12,118.27746105194092
0.96484375,10,118.27998495101929
0.96484375,10,118.28270101547241
0.961328125,11,118.28578591346741
0.954296875,13,118.28969693183899
0.954296875,13,118.29315876960754
0.954296875,13,118.29682207107544
0.9578125,12,118.3000078201294
0.95078125,14,118.30379700660706
0.961328125,11,118.30747175216675
0.96484375,10,118.31022691726685
0.94375,16,118.31454801559448
0.961328125,11,118.31773686408997
0.9578125,12,118.32116389274597
0.93671875,18,118.32627892494202
0.940234375,17,118.33074998855591
0.954296875,13,118.33457589149475
0.954296875,13,118.3379578590393
0.940234375,17,118.3423388004303
-1,8,118.34480786323547
0.954296875,13,118.34817790985107
0.96484375,10,118.3511049747467
0.96484375,10,118.35359692573547
-1,10,118.35631585121155
0.954296875,13,118.35988783836365
0.96484375,10,118.36264705657959
0.96484375,10,118.36523604393005
0.961328125,11,118.36813688278198
0.961328125,11,118.37119698524475
0.947265625,15,118.37522101402283
0.912109375,25,118.38221287727356
0.95078125,14,118.38576889038086
0.9578125,12,118.38900399208069
0.9578125,12,118.39243388175964
0.94375,16,118.39710903167725
0.93671875,18,118.40173077583313
0.940234375,17,118.40638589859009
0.96484375,10,118.40909481048584
0.9578125,12,118.4125349521637
0.94375,16,118.41667985916138
0.95078125,14,118.42026495933533
0.926171875,21,118.42548680305481
0.9578125,12,118.42877292633057
-1,1,118.42937970161438
0.95078125,14,118.4339189529419
0.96484375,10,118.43654489517212
0.954296875,13,118.43989491462708
0.9578125,12,118.44336891174316
0.96484375,10,118.44603967666626
0.9578125,12,118.44917297363281
0.954296875,13,118.4527747631073
0.94375,16,118.45714592933655
0.95078125,14,118.46082782745361
0.95078125,14,118.46459174156189
0.96484375,10,118.4671847820282
0.961328125,11,118.47012782096863
0.93671875,18,118.47520208358765
0.94375,16,118.4792549610138
0.95078125,14,118.48313879966736
0.940234375,17,118.48773288726807
0.96484375,10,118.49023985862732
0.96484375,10,118.49315309524536
0.96484375,10,118.4959077835083
0.94375,16,118.5002338886261
0.94375,16,118.50489807128906
0.9578125,12,118.50808095932007
0.9578125,12,118.51124501228333
0.954296875,13,118.51460289955139
0.96484375,10,118.51728200912476
0.954296875,13,118.52082586288452
0.96484375,10,118.52389574050903
0.961328125,11,118.52674674987793
0.96484375,10,118.5294189453125
0.94375,16,118.53359889984131
0.961328125,11,118.5367169380188
0.940234375,17,118.54118180274963
0.961328125,11,118.54416799545288
0.95078125,14,118.54780292510986
0.940234375,17,118.55233693122864
0.96484375,10,118.55512189865112
0.9578125,12,118.55830788612366
0.954296875,13,118.5617458820343
0.96484375,10,118.56455183029175
0.947265625,15,118.56859087944031
0.96484375,10,118.57131290435791
-1,1,118.57180070877075
0.947265625,15,118.57572293281555
0.96484375,10,118.57848882675171
0.96484375,10,118.58115577697754
-1,1,118.58167290687561
0.93671875,18,118.58654284477234
0.9578125,12,118.58968877792358
0.9578125,12,118.59297680854797
0.954296875,13,118.59662699699402
0.961328125,11,118.59953474998474
0.96484375,10,118.60231494903564
0.96484375,10,118.60477590560913
0.961328125,11,118.60819578170776
0.961328125,11,118.61161088943481
0.96484375,10,118.61447095870972
0.93671875,18,118.61972093582153
-1,4,118.62124490737915
0.9578125,12,118.62468886375427
0.9578125,12,118.62769198417664
0.96484375,10,118.63046669960022
0.9578125,12,118.6339430809021
0.961328125,11,118.63669896125793
0.9578125,12,118.63998079299927
-1,8,118.64256381988525
0.961328125,11,118.64586186408997
0.940234375,17,118.65028285980225
0.954296875,13,118.65400505065918
0.940234375,17,118.65847992897034
0.95078125,14,118.66206073760986
0.954296875,13,118.66553807258606
0.96484375,10,118.66816282272339
0.9578125,12,118.67116498947144
0.93671875,18,118.67565274238586
0.96484375,10,118.67836284637451
0.93671875,18,118.68294191360474
0.9578125,12,118.68608474731445
0.9578125,12,118.68945384025574
0.954296875,13,118.69287490844727
0.96484375,10,118.69555687904358
0.95078125,14,118.69934487342834
0.947265625,15,118.70342683792114
0.9578125,12,118.70733904838562
0.961328125,11,118.71044206619263
0.9578125,12,118.713623046875
0.961328125,11,118.71657586097717
0.95078125,14,118.72024607658386
0.954296875,13,118.72420883178711
0.96484375,10,118.72694301605225
0.954296875,13,118.73042893409729
0.947265625,15,118.73451089859009
0.93671875,18,118.73883485794067
0.96484375,10,118.7416079044342
0.96484375,10,118.74442386627197
0.961328125,11,118.74763894081116
0.961328125,11,118.75071167945862
0.947265625,15,118.75463604927063
0.940234375,17,118.75952100753784
0.96484375,10,118.76229786872864
0.940234375,17,118.76686096191406
0.95078125,14,118.77057099342346
0.954296875,13,118.77399396896362
0.96484375,10,118.77677178382874
0.95078125,14,118.78033685684204
0.96484375,10,118.78297281265259
0.961328125,11,118.78586387634277
0.95078125,14,118.78971982002258
0.94375,16,118.79438281059265
0.95078125,14,118.7985417842865
0.940234375,17,118.80290102958679
0.9578125,12,118.80603909492493
0.926171875,21,118.81175088882446
0.9578125,12,118.81492185592651
0.954296875,13,118.81840586662292
0.954296875,13,118.82198405265808
0.9578125,12,118.82518982887268
0.947265625,15,118.82901883125305
0.96484375,10,118.83181190490723
0.96484375,10,118.83435797691345
0.947265625,15,118.8379328250885
0.96484375,10,118.84059190750122
0.95078125,14,118.84457802772522
0.954296875,13,118.84801697731018
0.96484375,10,118.85109996795654
0.933203125,19,118.85643982887268
0.961328125,11,118.85939002037048
0.96484375,10,118.86225485801697
0.954296875,13,118.86563396453857
0.93671875,18,118.87066912651062
0.933203125,19,118.87603092193604
0.93671875,18,118.8812837600708
0.947265625,15,118.88543486595154
0.96484375,10,118.88804578781128
0.9578125,12,118.89130878448486
0.961328125,11,118.89419174194336
0.96484375,10,118.89671587944031
0.96484375,10,118.89946699142456
0.96484375,10,118.9022068977356
0.96484375,10,118.90490484237671
0.96484375,10,118.90748596191406
0.96484375,10,118.91009783744812
0.9578125,12,118.91341590881348
0.95078125,14,118.91702604293823
0.933203125,19,118.9222059249878
0.96484375,10,118.9251058101654
0.9296875,20,118.93018388748169
0.96484375,10,118.93286180496216
0.954296875,13,118.93643975257874
0.95078125,14,118.94023871421814
0.9578125,12,118.9433958530426
0.95078125,14,118.94742679595947
0.961328125,11,118.95039677619934
0.954296875,13,118.95402979850769
0.96484375,10,118.95701885223389
0.96484375,10,118.9597749710083
-1,9,118.96250295639038
0.94375,16,118.96649074554443
0.926171875,21,118.97172403335571
0.96484375,10,118.97439169883728
-1,1,118.97491478919983
0.912109375,25,118.9812479019165
0.961328125,11,118.98449206352234
0.94375,16,118.98886680603027
0.961328125,11,118.9920608997345
0.96484375,10,118.99474787712097
0.96484375,10,118.99737191200256
0.96484375,10,118.99997067451477
0.961328125,11,119.00299286842346
0.96484375,10,119.00568985939026
-1,2,119.00652170181274
0.96484375,10,119.00923490524292
0.96484375,10,119.01186490058899
0.940234375,17,119.01635408401489
0.9578125,12,119.01945805549622
0.94375,16,119.02383780479431
0.94375,16,119.02790784835815
0.96484375,10,119.03059101104736
0.954296875,13,119.03448987007141
0.96484375,10,119.03734397888184
0.954296875,13,119.04073596000671
0.961328125,11,119.04372000694275
0.95078125,14,119.04745888710022
0.96484375,10,119.04998993873596
0.954296875,13,119.05319595336914
0.9578125,12,119.05736780166626
0.96484375,10,119.06012797355652
0.95078125,14,119.06369996070862
0.947265625,15,119.06769108772278
0.95078125,14,119.07155394554138
0.954296875,13,119.07531905174255
0.9578125,12,119.07850384712219
0.96484375,10,119.08111095428467
0.947265625,15,119.08546471595764
0.95078125,14,119.08976793289185
0.9578125,12,119.09326004981995
0.96484375,10,119.09592390060425
0.9578125,12,119.09906888008118
0.905078125,27,119.10563468933105
0.92265625,22,119.11140084266663
0.961328125,11,119.11433291435242
0.95078125,14,119.11827087402344
0.961328125,11,119.1212649345398
0.9578125,12,119.12439608573914
0.96484375,10,119.12709879875183
0.96484375,10,119.1296877861023
0.96484375,10,119.13258385658264
0.93671875,18,119.13768291473389
0.96484375,10,119.14069080352783
0.961328125,11,119.14390778541565
0.933203125,19,119.14953088760376
0.96484375,10,119.15228390693665
0.95078125,14,119.15601992607117
0.954296875,13,119.15945291519165
0.95078125,14,119.16296696662903
0.96484375,10,119.16584396362305
0.954296875,13,119.1693868637085
0.947265625,15,119.17331671714783
0.947265625,15,119.17732191085815
0.96484375,10,119.18021392822266
0.961328125,11,119.18315076828003
0.961328125,11,119.18604898452759
0.9578125,12,119.18952178955078
0.961328125,11,119.19256401062012
0.954296875,13,119.19595980644226
0.96484375,10,119.1986517906189
0.919140625,23,119.20459079742432
0.9296875,20,119.21020603179932
0.95078125,14,119.21384978294373
0.93671875,18,119.21869802474976
0.96484375,10,119.22131395339966
0.96484375,10,119.22417783737183
0.9578125,12,119.22757291793823
0.961328125,11,119.2306158542633
0.9578125,12,119.23381400108337
0.9578125,12,119.23751878738403
0.96484375,10,119.24025869369507
0.933203125,19,119.24600195884705
0.954296875,13,119.24958372116089
0.96484375,10,119.25258088111877
0.96484375,10,119.25532793998718
0.96484375,10,119.25850081443787
0.95078125,14,119.26226592063904
0.961328125,11,119.26534390449524
0.961328125,11,119.26813578605652
-1,2,119.26880884170532
0.96484375,10,119.2714958190918
0.9578125,12,119.27461099624634
0.954296875,13,119.27828884124756
0.9578125,12,119.28175783157349
0.961328125,11,119.28458595275879
0.95078125,14,119.28850984573364
0.954296875,13,119.29174780845642
0.947265625,15,119.29543399810791
-1,17,119.30030179023743
0.9578125,12,119.30370306968689
0.9578125,12,119.30696487426758
0.9578125,12,119.31025266647339
0.96484375,10,119.31301093101501
0.933203125,19,119.31773686408997
0.933203125,19,119.32257390022278
0.96484375,10,119.32534193992615
0.919140625,23,119.33120584487915
0.954296875,13,119.33488202095032
0.954296875,13,119.33831405639648
0.9578125,12,119.3414740562439
0.961328125,11,119.34427189826965
0.947265625,15,119.34816884994507
0.96484375,10,119.35139679908752
0.9578125,12,119.35457587242126
0.933203125,19,119.35967683792114
0.93671875,18,119.36437678337097
0.961328125,11,119.36730790138245
0.905078125,27,119.37417697906494
0.961328125,11,119.37714886665344
0.961328125,11,119.38016390800476
0.947265625,15,119.38402676582336
0.9578125,12,119.3871910572052
0.94375,16,119.39169383049011
0.954296875,13,119.39502477645874
0.9578125,12,119.39839887619019
0.947265625,15,119.40242981910706
0.96484375,10,119.40506482124329
0.954296875,13,119.40869402885437
0.940234375,17,119.41366386413574
0.954296875,13,119.41724705696106
0.947265625,15,119.42148399353027
0.947265625,15,119.42540693283081
0.96484375,10,119.42816472053528
0.961328125,11,119.43111872673035
0.961328125,11,119.43424105644226
0.9578125,12,119.43757486343384
0.9578125,12,119.44077897071838
-1,1,119.44122791290283
0.940234375,17,119.44592881202698
-1,1,119.44662976264954
0.961328125,11,119.4496340751648
0.95078125,14,119.45299792289734
0.954296875,13,119.456955909729
0.954296875,13,119.4604868888855
0.96484375,10,119.46309995651245
0.954296875,13,119.46655583381653
0.954296875,13,119.47014498710632
0.961328125,11,119.47343683242798
0.95078125,14,119.47698187828064
0.919140625,23,119.48295879364014
0.96484375,10,119.48564791679382
0.933203125,19,119.49032974243164
0.96484375,10,119.49302291870117
0.96484375,10,119.49553990364075
0.9296875,20,119.50051188468933
0.94375,16,119.50507092475891
0.93671875,18,119.50949788093567
0.954296875,13,119.5129988193512
0.947265625,15,119.51687598228455
0.96484375,10,119.51956510543823
0.9578125,12,119.52292990684509
0.915625,24,119.52934885025024
0.94375,16,119.53404378890991
0.940234375,17,119.53884387016296
0.96484375,10,119.54153800010681
0.961328125,11,119.54453587532043
0.95078125,14,119.54818987846375
0.9578125,12,119.55174612998962
0.961328125,11,119.5548849105835
0.96484375,10,119.55750775337219
0.93671875,18,119.562992811203
0.961328125,11,119.56569075584412
0.96484375,10,119.56814289093018
0.96484375,10,119.57070589065552
0.9578125,12,119.57417178153992
0.94375,16,119.57845497131348
0.947265625,15,119.58279085159302
0.9578125,12,119.58600878715515
0.926171875,21,119.59176182746887
0.96484375,10,119.59457683563232
0.9578125,12,119.59778690338135
0.947265625,15,119.60152196884155
0.947265625,15,119.60565400123596
0.95078125,14,119.6093487739563
0.93671875,18,119.61379480361938
0.947265625,15,119.61857485771179
0.92265625,22,119.62406396865845
0.96484375,10,119.62694668769836
0.95078125,14,119.63087391853333
0.96484375,10,119.63371706008911
0.898046875,29,119.64109587669373
0.96484375,10,119.64360499382019
0.9578125,12,119.64674091339111
0.961328125,11,119.64957189559937
0.9578125,12,119.65276908874512
0.961328125,11,119.65636587142944
0.947265625,15,119.66000580787659
0.96484375,10,119.66257786750793
0.94375,16,119.66657376289368
0.95078125,14,119.67007899284363
0.954296875,13,119.67384767532349
0.954296875,13,119.67726278305054
0.96484375,10,119.67995285987854
0.933203125,19,119.68464994430542
0.926171875,21,119.69013977050781
0.95078125,14,119.69405889511108
0.95078125,14,119.69779396057129
0.961328125,11,119.70089077949524
0.96484375,10,119.70369696617126
0.96484375,10,119.70621180534363
0.961328125,11,119.70909690856934
-1,1,119.70969986915588
0.954296875,13,119.71309995651245
0.9578125,12,119.71617484092712
0.954296875,13,119.71952986717224
0.96484375,10,119.72240376472473
0.96484375,10,119.72518396377563
0.961328125,11,119.7281289100647
0.9578125,12,119.73111772537231
0.954296875,13,119.73450875282288
0.9578125,12,119.73757076263428
0.96484375,10,119.74027705192566
0.947265625,15,119.74418377876282
0.961328125,11,119.7470850944519
0.961328125,11,119.74992680549622
0.96484375,10,119.75279092788696
0.9578125,12,119.75614476203918
0.9578125,12,119.75964188575745
-1,8,119.76196670532227
0.94375,16,119.76645874977112
0.954296875,13,119.76975274085999
0.954296875,13,119.7737329006195
0.95078125,14,119.77873492240906
0.9578125,12,119.78424787521362
0.947265625,15,119.79044890403748
0.947265625,15,119.7956109046936
0.954296875,13,119.80050778388977
0.9578125,12,119.80526900291443
0.96484375,10,119.81033277511597
0.96484375,10,119.81365585327148
0.95078125,14,119.81837582588196
0.96484375,10,119.82222485542297
0.961328125,11,119.82542991638184
0.9578125,12,119.82939386367798
0.961328125,11,119.83302879333496
0.961328125,11,119.8364360332489
0.9578125,12,119.84073805809021
0.9578125,12,119.84474182128906
-1,8,119.84772992134094
0.96484375,10,119.85142183303833
0.933203125,19,119.85783290863037
0.940234375,17,119.86210203170776
0.94375,16,119.86790680885315
0.947265625,15,119.874520778656
0.961328125,11,119.87923693656921
0.926171875,21,119.88594794273376
0.926171875,21,119.89167165756226
0.940234375,17,119.8957576751709
0.9578125,12,119.89903283119202
0.96484375,10,119.90149569511414
0.9578125,12,119.90441870689392
0.947265625,15,119.90829491615295
0.96484375,10,119.91090106964111
0.961328125,11,119.91369700431824
0.96484375,10,119.91649794578552
0.961328125,11,119.91951990127563
0.96484375,10,119.92221188545227
0.96484375,10,119.92483305931091
0.96484375,10,119.92757391929626
0.96484375,10,119.9302408695221
0.954296875,13,119.93337607383728
0.96484375,10,119.9358217716217
0.96484375,10,119.93841195106506
0.93671875,18,119.94321990013123
0.94375,16,119.94733905792236
0.95078125,14,119.95127201080322
0.93671875,18,119.95562601089478
0.954296875,13,119.95913696289062
-1,7,119.96151971817017
0.954296875,13,119.96467471122742
0.947265625,15,119.96828174591064
0.94375,16,119.9723699092865
0.9578125,12,119.97609496116638
0.961328125,11,119.97903800010681
0.940234375,17,119.98344779014587
0.961328125,11,119.98640894889832
0.96484375,10,119.9888551235199
0.96484375,10,119.9914939403534
0.96484375,10,119.99406695365906
0.954296875,13,119.99735879898071
0.96484375,10,119.99996495246887
0.961328125,11,120.00279402732849
0.954296875,13,120.00648093223572
0.961328125,11,120.00909185409546
0.93671875,18,120.01361107826233
0.9578125,12,120.017422914505
0.961328125,11,120.02031183242798
0.940234375,17,120.02494478225708
0.96484375,10,120.0274338722229
0.96484375,10,120.029944896698
0.9578125,12,120.03280210494995
0.961328125,11,120.03555488586426
0.96484375,10,120.03821182250977
0.947265625,15,120.04192781448364
-1,1,120.04237699508667
0.9578125,12,120.0456120967865
0.95078125,14,120.04934096336365
0.961328125,11,120.0519528388977
0.9578125,12,120.05490469932556
0.9578125,12,120.05833792686462
0.96484375,10,120.0611219406128
0.96484375,10,120.06378984451294
0.95078125,14,120.06762599945068
0.961328125,11,120.07064199447632
-1,21,120.07657384872437
0.9578125,12,120.08042788505554
0.954296875,13,120.08404779434204
0.961328125,11,120.08689594268799
0.96484375,10,120.0897889137268
0.954296875,13,120.09322595596313
0.954296875,13,120.09633374214172
0.961328125,11,120.09947276115417
0.96484375,10,120.10220384597778
0.961328125,11,120.10508704185486
0.96484375,10,120.10795903205872
0.954296875,13,120.1113338470459
0.95078125,14,120.11488795280457
0.961328125,11,120.11766386032104
0.9578125,12,120.12087988853455
0.94375,16,120.12495279312134
0.961328125,11,120.12787389755249
0.95078125,14,120.13121795654297
0.954296875,13,120.1346230506897
0.9578125,12,120.13766598701477
0.96484375,10,120.14054203033447
0.940234375,17,120.14493584632874
0.96484375,10,120.14759397506714
0.954296875,13,120.15121674537659
0.947265625,15,120.15530490875244
0.9578125,12,120.15852999687195
0.96484375,10,120.16135787963867
0.96484375,10,120.16410493850708
0.93671875,18,120.16844582557678
0.947265625,15,120.17248678207397
0.961328125,11,120.17557668685913
0.94375,16,120.17982292175293
0.961328125,11,120.18303179740906
0.95078125,14,120.18683791160583
0.940234375,17,120.19172787666321
0.954296875,13,120.19505786895752
0.96484375,10,120.19821071624756
0.961328125,11,120.20112490653992
0.9578125,12,120.20445013046265
0.954296875,13,120.20805501937866
0.9578125,12,120.21132278442383
0.9578125,12,120.2148699760437
0.96484375,10,120.21762371063232
0.95078125,14,120.22105813026428
0.961328125,11,120.22395396232605
0.96484375,10,120.22644400596619
0.9578125,12,120.22948098182678
0.95078125,14,120.23323082923889
-1,5,120.23466873168945
0.95078125,14,120.23807168006897
0.961328125,11,120.24100875854492
0.96484375,10,120.24376177787781
0.9578125,12,120.2468729019165
0.961328125,11,120.24998092651367
0.95078125,14,120.25382685661316
0.961328125,11,120.25698208808899
0.947265625,15,120.26077795028687
0.9578125,12,120.26393699645996
0.961328125,11,120.26749897003174
0.954296875,13,120.27157688140869
0.93671875,18,120.27794885635376
0.961328125,11,120.28268909454346
0.954296875,13,120.28610682487488
0.954296875,13,120.29145288467407
0.947265625,15,120.29808902740479
0.96484375,10,120.30252695083618
0.961328125,11,120.30699706077576
0.961328125,11,120.31146287918091
0.961328125,11,120.31620192527771
0.940234375,17,120.32189583778381
0.93671875,18,120.32809400558472
0.954296875,13,120.33245086669922
0.961328125,11,120.3363687992096
0.926171875,21,120.34303998947144
0.96484375,10,120.34599184989929
0.94375,16,120.35197901725769
0.96484375,10,120.35566186904907
0.940234375,17,120.36264491081238
0.954296875,13,120.36691689491272
0.961328125,11,120.3710389137268
0.96484375,10,120.37551593780518
0.947265625,15,120.38146901130676
0.95078125,14,120.38643097877502
0.961328125,11,120.39006900787354
0.92265625,22,120.39734983444214
0.9578125,12,120.40110111236572
0.954296875,13,120.40733599662781
0.961328125,11,120.4109399318695
0.95078125,14,120.41509580612183
0.926171875,21,120.42291688919067
0.9578125,12,120.42750597000122
0.9578125,12,120.4316930770874
0.93671875,18,120.43774890899658
0.95078125,14,120.44389581680298
0.96484375,10,120.44706797599792
0.96484375,10,120.45153594017029
0.96484375,10,120.45552587509155
0.96484375,10,120.45892286300659
0.93671875,18,120.46518611907959
0.9578125,12,120.46878695487976
-1,2,120.4695029258728
0.96484375,10,120.47346091270447
0.96484375,10,120.47742986679077
0.961328125,11,120.48206496238708
0.961328125,11,120.48506379127502
0.95078125,14,120.49001288414001
0.961328125,11,120.49338483810425
0.933203125,19,120.5010130405426
0.96484375,10,120.50367999076843
0.961328125,11,120.50654006004333
0.961328125,11,120.5095911026001
0.954296875,13,120.51288294792175
0.947265625,15,120.51731467247009
-1,1,120.51791596412659
0.954296875,13,120.52134084701538
-1,4,120.52256369590759
0.940234375,17,120.52696394920349
0.961328125,11,120.52988600730896
0.96484375,10,120.53246474266052
0.96484375,10,120.53514385223389
0.9578125,12,120.53813672065735
0.96484375,10,120.54083466529846
0.947265625,15,120.54492998123169
0.96484375,10,120.54760074615479
0.96484375,10,120.55015993118286
-1,15,120.55436992645264
0.940234375,17,120.55892491340637
0.954296875,13,120.56233596801758
0.954296875,13,120.56555390357971
0.947265625,15,120.56922698020935
0.961328125,11,120.57238984107971
0.94375,16,120.57695484161377
0.96484375,10,120.58015990257263
0.96484375,10,120.58262395858765
0.93671875,18,120.5869870185852
0.96484375,10,120.589674949646
0.961328125,11,120.5924060344696
0.947265625,15,120.59597897529602
0.96484375,10,120.59867978096008
0.961328125,11,120.60164403915405
0.940234375,17,120.60610294342041
0.961328125,11,120.60903406143188
0.96484375,10,120.61171984672546
0.94375,16,120.61569476127625
0.94375,16,120.62015986442566
0.96484375,10,120.62283897399902
0.947265625,15,120.62678980827332
0.95078125,14,120.63034892082214
0.940234375,17,120.63489198684692
0.96484375,10,120.63762092590332
0.954296875,13,120.6413938999176
0.954296875,13,120.64472770690918
0.954296875,13,120.64797377586365
0.96484375,10,120.6505959033966
0.96484375,10,120.65304183959961
0.96484375,10,120.65552282333374
0.940234375,17,120.66056299209595
0.9578125,12,120.66393971443176
0.95078125,14,120.66746091842651
0.940234375,17,120.67186999320984
0.9578125,12,120.67506003379822
0.961328125,11,120.67782402038574
0.96484375,10,120.68062686920166
0.96484375,10,120.6834089756012
-1,1,120.68397784233093
0.961328125,11,120.68683290481567
0.95078125,14,120.69032597541809
0.96484375,10,120.69314885139465
0.94375,16,120.6975679397583
0.94375,16,120.7016749382019
0.954296875,13,120.7051568031311
0.95078125,14,120.70852470397949
-1,12,120.71197485923767
0.961328125,11,120.71494507789612
0.9296875,20,120.72003102302551
0.947265625,15,120.72395586967468
0.94375,16,120.72858905792236
0.947265625,15,120.7337098121643
-1,2,120.73445677757263
0.9578125,12,120.7377119064331
-1,1,120.738276720047
0.9578125,12,120.74172496795654
0.95078125,14,120.74520874023438
0.96484375,10,120.74784994125366
0.9578125,12,120.75122785568237
0.954296875,13,120.75433588027954
0.961328125,11,120.7569808959961
0.898046875,29,120.76497268676758
0.9578125,12,120.76818585395813
0.961328125,11,120.7712938785553
0.954296875,13,120.77476572990417
0.96484375,10,120.77725887298584
0.96484375,10,120.77993988990784
0.9578125,12,120.78322792053223
0.95078125,14,120.78711676597595
0.961328125,11,120.79009103775024
0.96484375,10,120.79260182380676
0.96484375,10,120.79526591300964
0.961328125,11,120.79822897911072
0.933203125,19,120.80308890342712
0.96484375,10,120.80562591552734
0.96484375,10,120.80833578109741
0.96484375,10,120.81105208396912
0.95078125,14,120.81494975090027
0.96484375,10,120.81782388687134
-1,1,120.81840801239014
0.947265625,15,120.82283282279968
0.915625,24,120.82890796661377
0.9578125,12,120.83256697654724
0.96484375,10,120.83549785614014
0.9578125,12,120.83851599693298
0.96484375,10,120.84117770195007
0.9578125,12,120.84445476531982
0.96484375,10,120.8471028804779
0.96484375,10,120.84959173202515
0.96484375,10,120.85214281082153
0.96484375,10,120.8548858165741
0.9578125,12,120.85810208320618
-1,6,120.85996294021606
0.96484375,10,120.86243987083435
0.961328125,11,120.86554908752441
0.9578125,12,120.86896800994873
0.947265625,15,120.8731598854065
0.947265625,15,120.87698197364807
0.96484375,10,120.8798189163208
0.961328125,11,120.88299894332886
0.9296875,20,120.8879508972168
0.96484375,10,120.8905987739563
0.954296875,13,120.89381504058838
0.954296875,13,120.89712595939636
0.9578125,12,120.90035581588745
0.961328125,11,120.90334892272949
0.961328125,11,120.90658593177795
0.94375,16,120.91056108474731
0.95078125,14,120.91449093818665
0.94375,16,120.91888475418091
-1,2,120.91966986656189
0.96484375,10,120.92237687110901
0.94375,16,120.9272849559784
-1,2,120.92800092697144
0.92265625,22,120.93431282043457
0.96484375,10,120.9368999004364
0.93671875,18,120.94209694862366
0.947265625,15,120.94571495056152
0.961328125,11,120.94853782653809
0.9578125,12,120.95151281356812
0.954296875,13,120.95470094680786
0.961328125,11,120.95732688903809
0.9578125,12,120.960618019104
0.947265625,15,120.9647889137268
0.947265625,15,120.96878695487976
0.96484375,10,120.97150373458862
0.961328125,11,120.97463083267212
0.961328125,11,120.97749185562134
0.961328125,11,120.98042583465576
0.933203125,19,120.98562574386597
0.940234375,17,120.99026989936829
0.95078125,14,120.9938817024231
0.93671875,18,120.99845099449158
0.95078125,14,121.00213193893433
0.94375,16,121.006422996521
0.9578125,12,121.00981187820435
0.94375,16,121.01401805877686
-1,15,121.01826477050781
0.96484375,10,121.02094101905823
0.961328125,11,121.02370381355286
0.954296875,13,121.02694082260132
0.961328125,11,121.0299379825592
0.96484375,10,121.03261995315552
0.954296875,13,121.03597688674927
0.96484375,10,121.03919696807861
0.95078125,14,121.0427029132843
0.95078125,14,121.04628491401672
0.93671875,18,121.05126786231995
0.961328125,11,121.05410981178284
-1,12,121.05777883529663
0.961328125,11,121.06069874763489
0.9578125,12,121.0637538433075
0.9578125,12,121.06675100326538
0.919140625,23,121.07309484481812
0.94375,16,121.07739496231079
0.96484375,10,121.07995700836182
0.9578125,12,121.08387994766235
0.954296875,13,121.08734488487244
0.9578125,12,121.09037494659424
0.961328125,11,121.09323382377625
0.9578125,12,121.09633374214172
0.95078125,14,121.10006284713745
0.954296875,13,121.10356307029724
0.9578125,12,121.10677409172058
0.96484375,10,121.10942697525024
0.9578125,12,121.1126549243927
0.961328125,11,121.11552286148071
0.96484375,10,121.11819791793823
0.954296875,13,121.1215808391571
0.940234375,17,121.12604689598083
0.9578125,12,121.1292028427124
0.926171875,21,121.13517498970032
0.947265625,15,121.13905000686646
0.961328125,11,121.14246201515198
0.933203125,19,121.14744186401367
0.961328125,11,121.15034079551697
-1,1,121.1508207321167
0.9578125,12,121.15411686897278
0.9578125,12,121.15752601623535
0.961328125,11,121.16042280197144
0.9578125,12,121.1637818813324
0.96484375,10,121.16669988632202
0.954296875,13,121.17025899887085
0.9578125,12,121.17389011383057
0.92265625,22,121.17915081977844
0.96484375,10,121.1818618774414
0.96484375,10,121.1844379901886
0.96484375,10,121.18686485290527
0.9578125,12,121.19002079963684
0.9578125,12,121.19343900680542
0.961328125,11,121.19643378257751
0.961328125,11,121.1992609500885
0.96484375,10,121.20190787315369
0.961328125,11,121.2048659324646
0.95078125,14,121.20854878425598
0.947265625,15,121.21235299110413
0.926171875,21,121.21741008758545
0.9578125,12,121.2205560207367
0.96484375,10,121.22304272651672
0.96484375,10,121.2256817817688
0.96484375,10,121.22860598564148
0.961328125,11,121.23159193992615
0.95078125,14,121.23504686355591
0.940234375,17,121.23946595191956
0.947265625,15,121.24344873428345
0.954296875,13,121.24738001823425
-1,1,121.2480456829071
0.961328125,11,121.25095081329346
0.96484375,10,121.25342893600464
0.96484375,10,121.25591397285461
0.93671875,18,121.26045393943787
0.947265625,15,121.26392698287964
0.961328125,11,121.26669073104858
0.95078125,14,121.2704770565033
0.961328125,11,121.27349495887756
0.95078125,14,121.27722191810608
0.954296875,13,121.28314185142517
0.9296875,20,121.28953289985657
0.96484375,10,121.29338502883911
0.96484375,10,121.29706501960754
0.926171875,21,121.30410695075989
0.954296875,13,121.3082549571991
0.961328125,11,121.31243085861206
0.947265625,15,121.31766891479492
-1,1,121.31840372085571
0.96484375,10,121.32196402549744
0.94375,16,121.32718181610107
0.9578125,12,121.33220100402832
0.961328125,11,121.33631896972656
0.954296875,13,121.34091973304749
0.93671875,18,121.34767889976501
0.95078125,14,121.3525230884552
0.9578125,12,121.35700392723083
0.96484375,10,121.36056971549988
0.940234375,17,121.36653685569763
0.9578125,12,121.37075686454773
0.9578125,12,121.37605404853821
0.961328125,11,121.38119506835938
0.947265625,15,121.3855140209198
0.96484375,10,121.3881139755249
0.9578125,12,121.39103579521179
0.961328125,11,121.3940179347992
0.940234375,17,121.39863610267639
0.96484375,10,121.40113592147827
0.94375,16,121.40490174293518
0.93671875,18,121.40975999832153
0.96484375,10,121.41227889060974
0.96484375,10,121.4148678779602
0.9296875,20,121.41987991333008
0.961328125,11,121.42296290397644
0.9578125,12,121.42600178718567
0.96484375,10,121.4288067817688
0.961328125,11,121.4317319393158
0.915625,24,121.43781566619873
0.96484375,10,121.4404559135437
0.926171875,21,121.44605803489685
0.926171875,21,121.45126080513
0.9578125,12,121.45447301864624
0.96484375,10,121.4572548866272
0.96484375,10,121.46012282371521
0.947265625,15,121.46400594711304
0.9578125,12,121.46715593338013
0.954296875,13,121.47045588493347
0.940234375,17,121.4750280380249
0.9578125,12,121.47799777984619
0.96484375,10,121.4803740978241
0.96484375,10,121.48288798332214
0.954296875,13,121.48642468452454
0.947265625,15,121.48984503746033
0.96484375,10,121.49245381355286
0.954296875,13,121.49594378471375
0.96484375,10,121.49895691871643
0.92265625,22,121.50477600097656
0.96484375,10,121.5074028968811
0.96484375,10,121.50985288619995
0.954296875,13,121.51294183731079
0.95078125,14,121.5165057182312
0.96484375,10,121.5191969871521
0.954296875,13,121.52248692512512
0.96484375,10,121.52514886856079
0.940234375,17,121.52968192100525
0.9578125,12,121.53294372558594
0.96484375,10,121.53543496131897
0.96484375,10,121.5380790233612
0.96484375,10,121.54062390327454
0.93671875,18,121.54482579231262
0.90859375,26,121.55133390426636
0.9578125,12,121.55440783500671
0.947265625,15,121.55859780311584
0.96484375,10,121.56157898902893
0.9578125,12,121.56498193740845
0.961328125,11,121.56792712211609
0.9296875,20,121.57323694229126
0.961328125,11,121.5766339302063
0.95078125,14,121.58011794090271
0.96484375,10,121.58287167549133
0.9578125,12,121.58569884300232
-1,2,121.5863606929779
0.961328125,11,121.58947205543518
0.95078125,14,121.59360003471375
0.95078125,14,121.59726476669312
0.961328125,11,121.60017371177673
0.9578125,12,121.60327291488647
0.94375,16,121.60687375068665
0.96484375,10,121.60932683944702
0.9578125,12,121.61246275901794
0.926171875,21,121.61766791343689
0.96484375,10,121.62019395828247
0.96484375,10,121.6231198310852
0.96484375,10,121.62585496902466
0.940234375,17,121.62996888160706
0.9578125,12,121.6333577632904
0.96484375,10,121.63617992401123
0.961328125,11,121.63887691497803
0.947265625,15,121.64262294769287
0.947265625,15,121.64657282829285
0.940234375,17,121.65111303329468
0.940234375,17,121.65567111968994
0.954296875,13,121.65928196907043
0.95078125,14,121.6632010936737
0.93671875,18,121.66805791854858
0.961328125,11,121.67101788520813
0.96484375,10,121.67391109466553
-1,12,121.67762589454651
0.954296875,13,121.68102598190308
0.95078125,14,121.68460178375244
0.95078125,14,121.68830275535583
0.961328125,11,121.69085907936096
0.96484375,10,121.69335889816284
0.961328125,11,121.69624781608582
0.947265625,15,121.70027804374695
0.954296875,13,121.70350885391235
0.96484375,10,121.70626473426819
0.926171875,21,121.71168899536133
0.96484375,10,121.71423172950745
0.95078125,14,121.7181088924408
0.933203125,19,121.72296285629272
0.96484375,10,121.72546482086182
0.954296875,13,121.72881269454956
0.96484375,10,121.7313437461853
-1,1,121.73171305656433
-1,6,121.73338603973389
0.9578125,12,121.73655390739441
0.961328125,11,121.73953294754028
-1,4,121.7410728931427
0.954296875,13,121.7446620464325
0.95078125,14,121.74836993217468
0.9578125,12,121.75166273117065
0.96484375,10,121.7544310092926
0.9578125,12,121.75738072395325
0.954296875,13,121.76044082641602
0.947265625,15,121.7644579410553
0.96484375,10,121.76687097549438
0.9578125,12,121.76990389823914
0.9296875,20,121.77585005760193
0.9578125,12,121.77893567085266
0.96484375,10,121.78135681152344
0.954296875,13,121.78510689735413
0.947265625,15,121.7889358997345
0.95078125,14,121.79234886169434
0.961328125,11,121.79501271247864
0.9578125,12,121.79816484451294
0.96484375,10,121.800696849823
0.95078125,14,121.80410981178284
0.96484375,10,121.80669593811035
0.95078125,14,121.8107419013977
0.961328125,11,121.81370973587036
0.961328125,11,121.81672382354736
0.961328125,11,121.81974387168884
-1,8,121.82200884819031
0.9578125,12,121.82526087760925
0.9578125,12,121.82841181755066
0.96484375,10,121.83097791671753
0.94375,16,121.83488202095032
0.961328125,11,121.83761096000671
0.954296875,13,121.84096384048462
-1,10,121.84400796890259
0.9578125,12,121.84731483459473
0.933203125,19,121.852215051651
0.954296875,13,121.85575771331787
0.96484375,10,121.85861086845398
0.926171875,21,121.86419677734375
0.9578125,12,121.86767172813416
0.95078125,14,121.87126398086548
0.96484375,10,121.8736298084259
0.95078125,14,121.8773078918457
0.954296875,13,121.88122701644897
0.954296875,13,121.88460493087769
0.9578125,12,121.88768577575684
0.94375,16,121.89176177978516
0.94375,16,121.8958740234375
0.95078125,14,121.89947605133057
0.961328125,11,121.90231776237488
0.9578125,12,121.90564465522766
0.954296875,13,121.90901684761047
0.95078125,14,121.91254687309265
0.961328125,11,121.91570591926575
0.95078125,14,121.91932702064514
0.96484375,10,121.92178893089294
0.947265625,15,121.92561101913452
0.96484375,10,121.92818689346313
0.96484375,10,121.93094873428345
0.95078125,14,121.93467593193054
0.94375,16,121.93888282775879
0.96484375,10,121.94165873527527
0.933203125,19,121.94630599021912
0.96484375,10,121.94877004623413
0.947265625,15,121.95270681381226
0.94375,16,121.95706605911255
0.95078125,14,121.96090984344482
0.933203125,19,121.9660279750824
0.96484375,10,121.96873188018799
0.96484375,10,121.97146797180176
0.96484375,10,121.97454905509949
0.95078125,14,121.97820091247559
0.954296875,13,121.98162889480591
0.912109375,25,121.98862171173096
0.954296875,13,121.99237990379333
0.961328125,11,121.99543190002441
0.954296875,13,121.99895286560059
0.94375,16,122.00270175933838
0.96484375,10,122.00528693199158
0.9578125,12,122.00842380523682
0.95078125,14,122.0118567943573
-1,7,122.01406073570251
0.96484375,10,122.01655077934265
0.96484375,10,122.01942491531372
0.947265625,15,122.02345871925354
-1,3,122.024653673172
0.96484375,10,122.02725100517273
0.961328125,11,122.03022480010986
0.9578125,12,122.03342390060425
0.9578125,12,122.03652477264404
0.961328125,11,122.0392198562622
0.961328125,11,122.04235696792603
0.9578125,12,122.04565095901489
0.96484375,10,122.04813003540039
0.96484375,10,122.05064392089844
0.96484375,10,122.05326008796692
0.954296875,13,122.05640292167664
0.9578125,12,122.05922102928162
0.96484375,10,122.0617847442627
0.9296875,20,122.06704092025757
0.96484375,10,122.06964302062988
0.961328125,11,122.07262682914734
0.96484375,10,122.07549905776978
-1,4,122.07673811912537
0.9578125,12,122.07975196838379
0.947265625,15,122.08385491371155
0.96484375,10,122.08658576011658
0.961328125,11,122.08956599235535
0.96484375,10,122.09233093261719
0.9578125,12,122.0957419872284
0.9578125,12,122.09866189956665
-1,11,122.10178470611572
0.9578125,12,122.10505390167236
0.9578125,12,122.10848379135132
0.954296875,13,122.11186790466309
0.95078125,14,122.11557507514954
0.954296875,13,122.1190538406372
0.9578125,12,122.12209486961365
0.9578125,12,122.12559485435486
0.9578125,12,122.12899398803711
0.961328125,11,122.13206601142883
0.96484375,10,122.13460087776184
0.954296875,13,122.13797569274902
0.95078125,14,122.14171290397644
0.9578125,12,122.14456081390381
0.954296875,13,122.1482789516449
0.96484375,10,122.15104985237122
0.933203125,19,122.15607595443726
0.954296875,13,122.15952205657959
0.954296875,13,122.16281700134277
0.9578125,12,122.16591787338257
0.947265625,15,122.16983389854431
0.92265625,22,122.17537474632263
-1,6,122.17728471755981
0.9578125,12,122.18063998222351
0.940234375,17,122.18504977226257
0.94375,16,122.1893630027771
0.9578125,12,122.19263887405396
0.9578125,12,122.19597172737122
0.947265625,15,122.20025181770325
0.954296875,13,122.20375776290894
0.947265625,15,122.20746803283691
0.95078125,14,122.21067905426025
0.961328125,11,122.21355986595154
-1,7,122.2158420085907
0.96484375,10,122.2184808254242
0.961328125,11,122.2214207649231
0.954296875,13,122.22495794296265
0.954296875,13,122.22836995124817
0.95078125,14,122.23193693161011
0.95078125,14,122.23527503013611
0.961328125,11,122.23798680305481
0.961328125,11,122.24117398262024
0.961328125,11,122.24441504478455
0.961328125,11,122.24748396873474
0.96484375,10,122.2500810623169
0.9578125,12,122.25347304344177
0.9578125,12,122.25653290748596
0.95078125,14,122.25983381271362
0.961328125,11,122.26278495788574
0.940234375,17,122.26736211776733
0.96484375,10,122.26997184753418
-1,13,122.27359700202942
0.9578125,12,122.2769079208374
0.94375,16,122.28097796440125
0.96484375,10,122.28366279602051
0.9578125,12,122.28701066970825
0.954296875,13,122.29035592079163
0.96484375,10,122.29289984703064
0.940234375,17,122.29729795455933
0.95078125,14,122.30088591575623
0.96484375,10,122.3033390045166
0.94375,16,122.30783009529114
0.954296875,13,122.31131911277771
0.954296875,13,122.31496500968933
0.94375,16,122.31888699531555
0.961328125,11,122.32204389572144
0.95078125,14,122.32592272758484
0.96484375,10,122.32846283912659
0.947265625,15,122.33231782913208
0.954296875,13,122.33563590049744
-1,9,122.33810877799988
0.954296875,13,122.34167194366455
0.95078125,14,122.34546780586243
0.9578125,12,122.3488998413086
0.96484375,10,122.3516538143158
0.933203125,19,122.35713481903076
0.96484375,10,122.35992288589478
0.96484375,10,122.36272096633911
0.947265625,15,122.36666893959045
0.9578125,12,122.36990070343018
0.961328125,11,122.37282586097717
0.95078125,14,122.37683987617493
0.96484375,10,122.37960076332092
0.94375,16,122.3840000629425
0.96484375,10,122.38674879074097
0.95078125,14,122.39061784744263
0.9578125,12,122.39385294914246
0.933203125,19,122.3989098072052
0.961328125,11,122.40204191207886
0.93671875,18,122.40741872787476
0.95078125,14,122.41123485565186
0.947265625,15,122.41538190841675
0.961328125,11,122.41832399368286
0.947265625,15,122.42225003242493
0.96484375,10,122.42482471466064
-1,5,122.42647671699524
0.96484375,10,122.42900776863098
0.96484375,10,122.43173289299011
0.94375,16,122.43561601638794
0.96484375,10,122.43824696540833
0.9578125,12,122.44138598442078
0.961328125,11,122.44455790519714
0.961328125,11,122.4479386806488
0.95078125,14,122.45160484313965
0.96484375,10,122.45444989204407
0.954296875,13,122.45788073539734
0.96484375,10,122.46050882339478
0.961328125,11,122.46331977844238
0.96484375,10,122.46603393554688
0.96484375,10,122.46865105628967
0.961328125,11,122.47142195701599
0.940234375,17,122.47577500343323
0.954296875,13,122.47923398017883
0.96484375,10,122.48167777061462
0.96484375,10,122.48419880867004
0.95078125,14,122.48765683174133
0.96484375,10,122.49036288261414
0.954296875,13,122.49369072914124
0.961328125,11,122.49648880958557
0.9578125,12,122.49954795837402
0.95078125,14,122.503586769104
0.961328125,11,122.50650906562805
0.961328125,11,122.50924587249756
0.95078125,14,122.51302886009216
0.961328125,11,122.51604795455933
0.96484375,10,122.51869487762451
-1,19,122.52352094650269
0.95078125,14,122.52948999404907
0.947265625,15,122.53539896011353
0.96484375,10,122.53892397880554
0.9578125,12,122.54205179214478
0.90859375,26,122.54820084571838
0.94375,16,122.55426383018494
0.9578125,12,122.56007981300354
0.96484375,10,122.56404399871826
0.954296875,13,122.56761884689331
0.96484375,10,122.57042288780212
0.926171875,21,122.57813501358032
0.93671875,18,122.58872294425964
0.954296875,13,122.59625482559204
0.933203125,19,122.60774612426758
0.961328125,11,122.61451292037964
0.96484375,10,122.62045383453369
0.9578125,12,122.62866592407227
0.961328125,11,122.63357377052307
0.9578125,12,122.64058089256287
0.96484375,10,122.6477358341217
0.954296875,13,122.65127611160278
0.96484375,10,122.65374183654785
0.9578125,12,122.65754699707031
0.961328125,11,122.66062378883362
0.940234375,17,122.6650698184967
0.9578125,12,122.66837573051453
0.9578125,12,122.67169308662415
0.95078125,14,122.67560505867004
0.96484375,10,122.67848873138428
0.961328125,11,122.6815140247345
0.95078125,14,122.68532991409302
0.96484375,10,122.68795967102051
0.9578125,12,122.6911928653717
0.933203125,19,122.69611978530884
0.954296875,13,122.69991183280945
0.93671875,18,122.70505285263062
0.961328125,11,122.70811986923218
0.96484375,10,122.71091985702515
0.94375,16,122.71494507789612
0.961328125,11,122.71793675422668
0.96484375,10,122.72051787376404
0.954296875,13,122.72398376464844
0.9578125,12,122.72726488113403
0.9578125,12,122.73061776161194
0.96484375,10,122.73328590393066
0.961328125,11,122.73622989654541
0.9296875,20,122.74183988571167
0.96484375,10,122.74458289146423
0.961328125,11,122.74737882614136
0.96484375,10,122.74994683265686
0.96484375,10,122.75260591506958
0.961328125,11,122.75562191009521
0.93671875,18,122.7604877948761
0.94375,16,122.76494693756104
0.95078125,14,122.76885390281677
0.912109375,25,122.77534890174866
0.96484375,10,122.77816081047058
0.9578125,12,122.78152084350586
0.933203125,19,122.7866427898407
0.933203125,19,122.79174494743347
0.947265625,15,122.79579973220825
0.93671875,18,122.80047392845154
0.954296875,13,122.8038489818573
0.961328125,11,122.80681300163269
0.93671875,18,122.81178283691406
0.9578125,12,122.81506371498108
-1,4,122.8162488937378
0.954296875,13,122.8197410106659
0.95078125,14,122.82342886924744
0.954296875,13,122.82701802253723
0.9578125,12,122.830237865448
0.9578125,12,122.83375692367554
0.9578125,12,122.83715796470642
0.947265625,15,122.84172582626343
0.954296875,13,122.84538984298706
0.947265625,15,122.84955978393555
0.947265625,15,122.85338592529297
0.947265625,15,122.85773277282715
0.947265625,15,122.86193108558655
0.961328125,11,122.86489391326904
0.961328125,11,122.86771774291992
0.96484375,10,122.87038683891296
0.96484375,10,122.87330293655396
0.96484375,10,122.87594699859619
0.954296875,13,122.87924671173096
0.96484375,10,122.88186597824097
0.96484375,10,122.8847188949585
0.940234375,17,122.8889729976654
0.96484375,10,122.89155292510986
0.96484375,10,122.89420795440674
0.954296875,13,122.89772176742554
0.90859375,26,122.90440392494202
0.9578125,12,122.90767884254456
0.961328125,11,122.91052484512329
0.940234375,17,122.91528487205505
0.94375,16,122.91946792602539
0.961328125,11,122.92241096496582
-1,2,122.92309093475342
0.947265625,15,122.92711591720581
0.96484375,10,122.92959690093994
0.96484375,10,122.93247580528259
0.961328125,11,122.93571090698242
0.947265625,15,122.9400908946991
0.961328125,11,122.94307589530945
0.947265625,15,122.94738674163818
0.96484375,10,122.9504828453064
0.96484375,10,122.9532117843628
0.961328125,11,122.95627903938293
0.954296875,13,122.95981001853943
0.95078125,14,122.96388411521912
0.96484375,10,122.96660304069519
0.9578125,12,122.96976208686829
0.96484375,10,122.97255492210388
0.926171875,21,122.97795796394348
0.954296875,13,122.98144388198853
0.947265625,15,122.9861068725586
0.96484375,10,122.98897576332092
0.947265625,15,122.99352383613586
0.9578125,12,122.99712371826172
0.961328125,11,123.00025606155396
0.954296875,13,123.00400280952454
0.961328125,11,123.00711703300476
0.96484375,10,123.00999188423157
0.92265625,22,123.01897978782654
0.94375,16,123.02549982070923
0.954296875,13,123.03900384902954
0.96484375,10,123.04928207397461
-1,1,123.05121302604675
0.961328125,11,123.06060791015625
0.95078125,14,123.07193398475647
0.947265625,15,123.07616472244263
0.96484375,10,123.08100390434265
0.912109375,25,123.1007239818573
0.961328125,11,123.10913586616516
0.95078125,14,123.1172878742218
0.95078125,14,123.12791085243225
0.93671875,18,123.13521575927734
0.919140625,23,123.14141702651978
0.9578125,12,123.1448450088501
0.95078125,14,123.14900088310242
0.9578125,12,123.15254187583923
0.95078125,14,123.15684986114502
0.96484375,10,123.15982007980347
-1,6,123.16198182106018
0.94375,16,123.16664600372314
0.954296875,13,123.17015290260315
0.94375,16,123.17473983764648
0.94375,16,123.17935490608215
0.9578125,12,123.18274188041687
0.96484375,10,123.18548512458801
-1,1,123.18603587150574
0.93671875,18,123.1910388469696
0.94375,16,123.19561195373535
0.96484375,10,123.19839000701904
0.9578125,12,123.20182871818542
0.954296875,13,123.20585870742798
0.9578125,12,123.2092170715332
0.926171875,21,123.21466898918152
0.9578125,12,123.21775698661804
0.95078125,14,123.22139286994934
0.954296875,13,123.22492790222168
0.9578125,12,123.2283148765564
0.95078125,14,123.23253583908081
0.961328125,11,123.23561096191406
-1,11,123.23885798454285
0.961328125,11,123.24196887016296
0.9578125,12,123.24549078941345
0.96484375,10,123.24822878837585
0.90859375,26,123.25464296340942
0.95078125,14,123.25832295417786
0.947265625,15,123.26230669021606
-1,1,123.26283597946167
0.947265625,15,123.26707410812378
0.95078125,14,123.27097988128662
0.9578125,12,123.27415680885315
0.96484375,10,123.27676177024841
0.96484375,10,123.2793698310852
0.96484375,10,123.28200769424438
0.95078125,14,123.28573489189148
0.961328125,11,123.2889518737793
0.96484375,10,123.29192590713501
0.947265625,15,123.29614996910095
0.954296875,13,123.2997477054596
0.947265625,15,123.30399680137634
0.96484375,10,123.30671286582947
0.95078125,14,123.31068086624146
0.961328125,11,123.31365084648132
0.947265625,15,123.31741380691528
0.96484375,10,123.32006192207336
0.954296875,13,123.32357978820801
0.96484375,10,123.32634401321411
0.96484375,10,123.32939171791077
0.940234375,17,123.33397579193115
0.9578125,12,123.3373908996582
0.96484375,10,123.34016275405884
0.961328125,11,123.34317088127136
0.9578125,12,123.34643888473511
0.9578125,12,123.34971380233765
-1,2,123.35048484802246
0.96484375,10,123.35324478149414
0.954296875,13,123.35744881629944
0.961328125,11,123.36040878295898
0.9578125,12,123.36357092857361
0.9578125,12,123.36701393127441
0.954296875,13,123.37070393562317
0.96484375,10,123.37356376647949
0.961328125,11,123.37649369239807
0.96484375,10,123.3792839050293
0.9578125,12,123.3825478553772
0.95078125,14,123.38620901107788
0.96484375,10,123.38878273963928
0.93671875,18,123.39378690719604
0.9578125,12,123.3972270488739
0.95078125,14,123.40150880813599
0.96484375,10,123.40514469146729
0.9578125,12,123.4084780216217
0.94375,16,123.41282796859741
0.961328125,11,123.4157087802887
0.96484375,10,123.41824007034302
0.95078125,14,123.42209982872009
0.947265625,15,123.42627882957458
0.96484375,10,123.42891502380371
0.96484375,10,123.4316930770874
0.9578125,12,123.43471598625183
0.940234375,17,123.43915581703186
0.96484375,10,123.44171595573425
0.954296875,13,123.44525003433228
0.9578125,12,123.44859290122986
0.96484375,10,123.45129179954529
0.9578125,12,123.45471167564392
0.95078125,14,123.45847201347351
0.954296875,13,123.46195197105408
0.961328125,11,123.46495985984802
0.9578125,12,123.46808505058289
0.94375,16,123.47302293777466
0.954296875,13,123.47679090499878
0.940234375,17,123.48113679885864
0.96484375,10,123.48409080505371
0.94375,16,123.48815584182739
0.961328125,11,123.4914608001709
0.9578125,12,123.49505472183228
0.954296875,13,123.4986298084259
0.95078125,14,123.50266194343567
0.96484375,10,123.50561475753784
0.96484375,10,123.50837182998657
0.96484375,10,123.5111517906189
0.961328125,11,123.51441383361816
0.96484375,10,123.51700091362
0.9578125,12,123.5201678276062
0.95078125,14,123.52379488945007
0.95078125,14,123.527352809906
0.954296875,13,123.53076887130737
0.954296875,13,123.53438067436218
0.9578125,12,123.53769874572754
0.89453125,30,123.54603385925293
0.96484375,10,123.54866981506348
0.96484375,10,123.55136275291443
0.96484375,10,123.55416774749756
0.96484375,10,123.55709886550903
0.96484375,10,123.55997800827026
0.96484375,10,123.56269073486328
0.961328125,11,123.56578779220581
0.9578125,12,123.5691819190979
0.96484375,10,123.57202982902527
0.961328125,11,123.5750138759613
0.933203125,19,123.58055281639099
0.95078125,14,123.58409380912781
0.954296875,13,123.58749008178711
0.954296875,13,123.59147596359253
0.926171875,21,123.59706902503967
0.95078125,14,123.60081791877747
0.9578125,12,123.60405588150024
0.947265625,15,123.6077299118042
0.95078125,14,123.61161589622498
0.95078125,14,123.61559891700745
0.954296875,13,123.61941289901733
0.961328125,11,123.622487783432
0.90859375,26,123.62910008430481
0.93671875,18,123.6333909034729
0.947265625,15,123.63740277290344
0.961328125,11,123.64061069488525
0.96484375,10,123.64358878135681
0.96484375,10,123.64817690849304
0.961328125,11,123.65408492088318
-1,1,123.65495181083679
0.93671875,18,123.66163301467896
0.94375,16,123.6683828830719
0.96484375,10,123.6719138622284
0.94375,16,123.68001890182495
0.961328125,11,123.68507480621338
0.961328125,11,123.68793869018555
0.96484375,10,123.69059681892395
0.9578125,12,123.69373488426208
0.961328125,11,123.70053386688232
0.9578125,12,123.70512676239014
0.96484375,10,123.70982098579407
0.961328125,11,123.71371984481812
0.9578125,12,123.7184567451477
0.954296875,13,123.72472095489502
0.954296875,13,123.72902297973633
0.96484375,10,123.73347473144531
0.961328125,11,123.73804497718811
0.95078125,14,123.7436637878418
0.96484375,10,123.74846291542053
0.96484375,10,123.75197792053223
0.961328125,11,123.75684571266174
0.93671875,18,123.76206374168396
0.961328125,11,123.76515793800354
0.9578125,12,123.76827383041382
0.96484375,10,123.77109098434448
0.954296875,13,123.7747540473938
0.94375,16,123.77932071685791
0.961328125,11,123.78283190727234
0.947265625,15,123.78666186332703
0.95078125,14,123.79049873352051
0.954296875,13,123.79391598701477
0.9578125,12,123.79748678207397
0.961328125,11,123.8006899356842
0.954296875,13,123.8043839931488
0.947265625,15,123.8087329864502
0.95078125,14,123.81255888938904
0.961328125,11,123.81537103652954
0.961328125,11,123.81828093528748
0.954296875,13,123.82212686538696
0.95078125,14,123.82603192329407
0.947265625,15,123.82996082305908
0.96484375,10,123.83289504051208
0.961328125,11,123.83612895011902
0.954296875,13,123.83972191810608
0.9578125,12,123.84357190132141
0.947265625,15,123.84730076789856
0.96484375,10,123.84992480278015
0.96484375,10,123.85288786888123
0.95078125,14,123.85682892799377
0.96484375,10,123.85958290100098
-1,2,123.86048579216003
0.93671875,18,123.8655149936676
0.9578125,12,123.86901187896729
0.947265625,15,123.87315082550049
0.940234375,17,123.87782096862793
0.9578125,12,123.88105988502502
0.96484375,10,123.88368582725525
0.961328125,11,123.88660192489624
0.95078125,14,123.8908679485321
0.9578125,12,123.89433979988098
0.96484375,10,123.89712381362915
0.96484375,10,123.89984679222107
0.95078125,14,123.90350270271301
0.96484375,10,123.90653800964355
0.961328125,11,123.90961480140686
0.96484375,10,123.91238284111023
0.926171875,21,123.91797876358032
0.954296875,13,123.92192196846008
0.94375,16,123.92696499824524
0.96484375,10,123.92985606193542
0.940234375,17,123.93438482284546
0.947265625,15,123.93886995315552
0.96484375,10,123.94182777404785
0.9578125,12,123.94512677192688
0.95078125,14,123.94899678230286
0.961328125,11,123.95203304290771
0.954296875,13,123.95522379875183
0.961328125,11,123.95830392837524
0.96484375,10,123.961101770401
0.9578125,12,123.96413898468018
0.9578125,12,123.96730184555054
-1,1,123.96789574623108
0.96484375,10,123.97068691253662
-1,7,123.97305607795715
0.9578125,12,123.97657084465027
0.94375,16,123.98107600212097
0.94375,16,123.98553586006165
0.9578125,12,123.98900389671326
0.9296875,20,123.99410891532898
0.940234375,17,123.99917793273926
0.961328125,11,124.00211191177368
0.9578125,12,124.00578093528748
0.9578125,12,124.00935292243958
0.96484375,10,124.01217675209045
0.96484375,10,124.01477193832397
0.96484375,10,124.01730585098267
0.94375,16,124.02167296409607
0.961328125,11,124.02476596832275
0.961328125,11,124.02787470817566
0.96484375,10,124.03066802024841
0.93671875,18,124.03575491905212
0.96484375,10,124.03852391242981
-1,1,124.03900480270386
0.96484375,10,124.04173684120178
0.96484375,10,124.04422974586487
0.9578125,12,124.04750490188599
0.96484375,10,124.05018973350525
0.96484375,10,124.05301785469055
0.95078125,14,124.05678796768188
0.961328125,11,124.05994868278503
0.933203125,19,124.06506967544556
0.947265625,15,124.06924390792847
0.961328125,11,124.07221579551697
0.961328125,11,124.07511973381042
0.9578125,12,124.07827687263489
0.961328125,11,124.08117294311523
0.961328125,11,124.08421301841736
-1,1,124.0846939086914
0.947265625,15,124.08968782424927
0.93671875,18,124.09465885162354
0.9578125,12,124.0979118347168
0.933203125,19,124.10332703590393
0.954296875,13,124.10729789733887
0.940234375,17,124.11193490028381
-1,13,124.11590671539307
0.954296875,13,124.11955189704895
-1,14,124.12405681610107
0.961328125,11,124.12742686271667
0.94375,16,124.13197588920593
-1,10,124.13486099243164
0.9578125,12,124.13802790641785
0.961328125,11,124.14117980003357
0.954296875,13,124.14486503601074
0.940234375,17,124.14942383766174
0.961328125,11,124.15277886390686
0.961328125,11,124.15583896636963
0.947265625,15,124.15966010093689
0.940234375,17,124.16438603401184
0.93671875,18,124.1687560081482
0.954296875,13,124.17237687110901
0.96484375,10,124.17537379264832
0.961328125,11,124.1785638332367
0.96484375,10,124.18129205703735
0.94375,16,124.1854248046875
0.96484375,10,124.18841791152954
0.96484375,10,124.19133496284485
-1,1,124.19200897216797
-1,5,124.19375276565552
0.96484375,10,124.1961977481842
0.93671875,18,124.20057797431946
0.961328125,11,124.2033417224884
0.961328125,11,124.20651483535767
0.961328125,11,124.2102279663086
0.96484375,10,124.21311378479004
0.9578125,12,124.21642804145813
0.96484375,10,124.21922302246094
0.954296875,13,124.22287273406982
0.94375,16,124.2270667552948
0.96484375,10,124.22985482215881
0.954296875,13,124.23322486877441
0.9578125,12,124.23661184310913
0.96484375,10,124.23927974700928
0.9578125,12,124.24238109588623
0.954296875,13,124.24587798118591
0.9578125,12,124.24926280975342
0.94375,16,124.25342988967896
0.940234375,17,124.25777578353882
0.94375,16,124.26190185546875
0.96484375,10,124.26439189910889
0.96484375,10,124.26714706420898
0.95078125,14,124.27077770233154
0.96484375,10,124.2736918926239
0.95078125,14,124.27749395370483
0.947265625,15,124.28191089630127
0.96484375,10,124.2846839427948
0.9296875,20,124.29007387161255
0.940234375,17,124.29442095756531
0.940234375,17,124.29864597320557
0.96484375,10,124.30138802528381
0.96484375,10,124.30388689041138
0.96484375,10,124.30720472335815
0.961328125,11,124.31043982505798
0.9578125,12,124.31380677223206
0.9296875,20,124.3195309638977
0.961328125,11,124.32366394996643
0.961328125,11,124.32701992988586
0.96484375,10,124.32966184616089
0.940234375,17,124.33414769172668
0.95078125,14,124.33783674240112
0.954296875,13,124.34191274642944
0.96484375,10,124.34468293190002
0.954296875,13,124.34815096855164
0.9578125,12,124.35173892974854
0.947265625,15,124.35607671737671
0.96484375,10,124.35892081260681
0.961328125,11,124.36205387115479
0.96484375,10,124.3646879196167
0.93671875,18,124.36964678764343
0.961328125,11,124.3729317188263
0.961328125,11,124.37605571746826
-1,1,124.37650084495544
0.947265625,15,124.38028597831726
0.96484375,10,124.38320779800415
0.9578125,12,124.38656997680664
0.94375,16,124.39083194732666
-1,1,124.39150381088257
0.954296875,13,124.3950526714325
0.961328125,11,124.39784979820251
0.95078125,14,124.40142488479614
0.940234375,17,124.40630078315735
0.9578125,12,124.4097888469696
0.954296875,13,124.41395473480225
0.94375,16,124.41835808753967
0.94375,16,124.42260503768921
0.9578125,12,124.42624378204346
0.9578125,12,124.42960286140442
0.9578125,12,124.43295168876648
0.9578125,12,124.43615484237671
0.940234375,17,124.44071388244629
-1,13,124.44410181045532
0.940234375,17,124.44920301437378
-1,15,124.45364308357239
0.96484375,10,124.45648097991943
0.919140625,23,124.46296095848083
0.94375,16,124.46751689910889
0.96484375,10,124.4702467918396
-1,5,124.47189784049988
0.95078125,14,124.47558283805847
0.96484375,10,124.47861194610596
0.954296875,13,124.48229098320007
0.93671875,18,124.48722887039185
0.96484375,10,124.48985886573792
0.9578125,12,124.4929690361023
0.9578125,12,124.49637770652771
0.940234375,17,124.50117874145508
0.954296875,13,124.50473093986511
-1,1,124.50519394874573
0.961328125,11,124.50853776931763
0.954296875,13,124.51209497451782
0.96484375,10,124.51475095748901
0.933203125,19,124.5205147266388
0.9578125,12,124.52400994300842
0.947265625,15,124.52790594100952
0.947265625,15,124.53186678886414
0.954296875,13,124.53518486022949
0.9578125,12,124.53864884376526
0.95078125,14,124.54291892051697
0.96484375,10,124.54643678665161
0.954296875,13,124.54972887039185
0.915625,24,124.55582475662231
0.933203125,19,124.56140899658203
0.95078125,14,124.5654468536377
0.954296875,13,124.5692298412323
0.96484375,10,124.5719838142395
0.95078125,14,124.57585287094116
0.947265625,15,124.5801649093628
0.96484375,10,124.5828857421875
0.95078125,14,124.58665585517883
0.954296875,13,124.59079098701477
0.954296875,13,124.5951988697052
0.96484375,10,124.59777188301086
0.947265625,15,124.60156083106995
0.9578125,12,124.60457491874695
0.96484375,10,124.60714793205261
0.954296875,13,124.61064195632935
0.96484375,10,124.61336708068848
0.9578125,12,124.61672592163086
0.9578125,12,124.62010598182678
0.954296875,13,124.6239538192749
0.961328125,11,124.62733483314514
0.94375,16,124.63180375099182
0.961328125,11,124.63481593132019
0.96484375,10,124.63732409477234
0.961328125,11,124.64103698730469
0.96484375,10,124.64374589920044
0.94375,16,124.64819884300232
0.940234375,17,124.65286993980408
0.926171875,21,124.65832591056824
0.96484375,10,124.66116976737976
0.940234375,17,124.66557908058167
0.9578125,12,124.66879391670227
0.96484375,10,124.67166996002197
0.95078125,14,124.67562079429626
0.940234375,17,124.68023490905762
0.95078125,14,124.68455195426941
0.9578125,12,124.68792700767517
0.961328125,11,124.69141793251038
0.96484375,10,124.6943109035492
0.9578125,12,124.69769191741943
0.9578125,12,124.70129680633545
0.95078125,14,124.70502305030823
0.94375,16,124.70926690101624
0.94375,16,124.71380877494812
0.947265625,15,124.71820068359375
0.95078125,14,124.72223091125488
0.947265625,15,124.72645401954651
-1,4,124.72809290885925
0.940234375,17,124.7329957485199
0.94375,16,124.73737502098083
0.93671875,18,124.74293303489685
0.96484375,10,124.74570488929749
0.96484375,10,124.74842810630798
0.93671875,18,124.75321197509766
0.94375,16,124.75796508789062
0.954296875,13,124.7617027759552
0.96484375,10,124.76460599899292
0.9578125,12,124.76758885383606
0.96484375,10,124.7702567577362
0.961328125,11,124.7731420993805
0.961328125,11,124.77681589126587
0.961328125,11,124.78214406967163
0.961328125,11,124.78551602363586
0.95078125,14,124.78965878486633
0.954296875,13,124.79374289512634
0.9578125,12,124.80270886421204
0.9578125,12,124.81096601486206
0.95078125,14,124.81746792793274
0.961328125,11,124.82079696655273
0.940234375,17,124.82789993286133
0.96484375,10,124.83091473579407
0.96484375,10,124.83465695381165
0.96484375,10,124.84144997596741
0.94375,16,124.84780192375183
0.96484375,10,124.8511381149292
0.96484375,10,124.85465812683105
0.961328125,11,124.85885691642761
0.96484375,10,124.86227488517761
0.961328125,11,124.86675477027893
0.954296875,13,124.87102580070496
0.961328125,11,124.87560701370239
0.961328125,11,124.87955689430237
0.961328125,11,124.8843629360199
0.9578125,12,124.88757491111755
0.961328125,11,124.89062404632568
0.95078125,14,124.89455008506775
0.961328125,11,124.8974437713623
0.95078125,14,124.90104079246521
0.940234375,17,124.90550494194031
0.9578125,12,124.90862989425659
0.96484375,10,124.91120386123657
0.9578125,12,124.91445994377136
0.947265625,15,124.91873478889465
0.95078125,14,124.92251706123352
0.94375,16,124.9268627166748
0.947265625,15,124.93095993995667
0.95078125,14,124.93505096435547
0.947265625,15,124.9393858909607
0.933203125,19,124.94497489929199
-1,1,124.94548773765564
0.9578125,12,124.94876289367676
0.926171875,21,124.95449495315552
0.92265625,22,124.96056985855103
0.95078125,14,124.96448493003845
0.947265625,15,124.96821689605713
0.95078125,14,124.97197008132935
0.93671875,18,124.97674703598022
0.94375,16,124.98104882240295
0.96484375,10,124.98403573036194
0.947265625,15,124.9880518913269
-1,14,124.99199891090393
0.926171875,21,124.9977879524231
0.940234375,17,125.00257992744446
0.961328125,11,125.00562477111816
0.954296875,13,125.0091278553009
0.95078125,14,125.01297187805176
0.9578125,12,125.01636672019958
0.961328125,11,125.01934790611267
0.95078125,14,125.0229549407959
0.95078125,14,125.02648782730103
0.9578125,12,125.02979683876038
0.9578125,12,125.03307890892029
0.947265625,15,125.03727173805237
0.94375,16,125.04198598861694
0.9578125,12,125.0456120967865
0.9578125,12,125.04883480072021
0.96484375,10,125.05190181732178
0.96484375,10,125.05497193336487
0.95078125,14,125.05869698524475
0.93671875,18,125.06376695632935
0.961328125,11,125.06692576408386
0.96484375,10,125.0697889328003
0.95078125,14,125.07419180870056
-1,1,125.0748279094696
0.96484375,10,125.07761001586914
0.961328125,11,125.08063387870789
0.947265625,15,125.08446073532104
0.9578125,12,125.08750700950623
0.961328125,11,125.09044790267944
0.95078125,14,125.09405183792114
0.940234375,17,125.09886002540588
0.92265625,22,125.10514378547668
0.95078125,14,125.10886597633362
0.96484375,10,125.11228585243225
0.95078125,14,125.11584281921387
0.954296875,13,125.11924505233765
0.96484375,10,125.12198400497437
0.961328125,11,125.12515473365784
0.94375,16,125.12920689582825
0.9578125,12,125.13242387771606
0.961328125,11,125.13537383079529
0.96484375,10,125.13797879219055
0.9578125,12,125.14119291305542
0.954296875,13,125.14521884918213
0.947265625,15,125.14944887161255
-1,1,125.15003085136414
0.95078125,14,125.15451383590698
0.96484375,10,125.1574079990387
0.9578125,12,125.16081094741821
0.954296875,13,125.16503095626831
0.96484375,10,125.1676938533783
-1,11,125.17074489593506
0.9578125,12,125.17400193214417
0.947265625,15,125.17815780639648
0.9578125,12,125.1812539100647
0.961328125,11,125.18439507484436
0.961328125,11,125.18730688095093
0.96484375,10,125.18997192382812
0.96484375,10,125.19269585609436
0.947265625,15,125.196702003479
0.947265625,15,125.20100569725037
0.926171875,21,125.20704984664917
0.961328125,11,125.21045684814453
0.954296875,13,125.21401882171631
0.947265625,15,125.2179799079895
0.961328125,11,125.22088980674744
0.96484375,10,125.22341775894165
0.961328125,11,125.22647404670715
0.940234375,17,125.23114275932312
0.95078125,14,125.23509502410889
0.954296875,13,125.2385528087616
0.9578125,12,125.24202489852905
0.954296875,13,125.24568891525269
0.933203125,19,125.25079679489136
0.954296875,13,125.25412392616272
0.9578125,12,125.25778794288635
0.940234375,17,125.26274371147156
0.9578125,12,125.26624202728271
0.9296875,20,125.27183485031128
0.96484375,10,125.2743628025055
0.95078125,14,125.27792596817017
0.93671875,18,125.28279089927673
0.940234375,17,125.28707480430603
0.961328125,11,125.29022693634033
0.94375,16,125.29512882232666
-1,19,125.3001778125763
0.961328125,11,125.30350589752197
0.940234375,17,125.30805587768555
0.96484375,10,125.31075310707092
0.947265625,15,125.31486701965332
0.954296875,13,125.31827187538147
0.96484375,10,125.3210608959198
0.898046875,29,125.32907700538635
0.96484375,10,125.33175086975098
0.961328125,11,125.33518290519714
0.9578125,12,125.33856391906738
0.96484375,10,125.3412549495697
0.947265625,15,125.34568786621094
0.94375,16,125.34985876083374
0.9578125,12,125.35316586494446
0.96484375,10,125.35594391822815
0.96484375,10,125.35872888565063
-1,1,125.3591718673706
0.961328125,11,125.36266493797302
0.947265625,15,125.36709189414978
0.96484375,10,125.36999487876892
0.95078125,14,125.37371492385864
0.96484375,10,125.37646579742432
0.9296875,20,125.38179469108582
0.954296875,13,125.3853509426117
-1,5,125.38715481758118
0.95078125,14,125.39107990264893
0.9578125,12,125.39462876319885
0.95078125,14,125.39854168891907
0.954296875,13,125.40191578865051
0.961328125,11,125.40481376647949
0.95078125,14,125.40867304801941
0.9578125,12,125.4119119644165
0.961328125,11,125.41473293304443
0.961328125,11,125.41751194000244
0.96484375,10,125.42052793502808
0.93671875,18,125.42556381225586
-1,1,125.42618179321289
0.96484375,10,125.42882895469666
0.9578125,12,125.43232488632202
-1,1,125.43283486366272
0.947265625,15,125.43668293952942
0.9578125,12,125.43993091583252
0.96484375,10,125.4425196647644
0.96484375,10,125.44524478912354
0.96484375,10,125.44788670539856
0.961328125,11,125.45122194290161
0.96484375,10,125.45402908325195
0.947265625,15,125.45821285247803
0.947265625,15,125.46279978752136
0.961328125,11,125.4661169052124
0.940234375,17,125.47107577323914
0.9578125,12,125.47432589530945
0.96484375,10,125.4770119190216
0.9578125,12,125.48022508621216
0.947265625,15,125.48420572280884
0.96484375,10,125.48687291145325
0.933203125,19,125.49274897575378
0.961328125,11,125.49585103988647
0.954296875,13,125.49915194511414
0.954296875,13,125.50280284881592
0.961328125,11,125.50567889213562
0.93671875,18,125.51029300689697
0.961328125,11,125.51350784301758
0.961328125,11,125.51679182052612
0.954296875,13,125.52024507522583
0.947265625,15,125.52459287643433
0.961328125,11,125.5275809764862
0.940234375,17,125.53234577178955
0.9578125,12,125.53585886955261
0.961328125,11,125.53883910179138
0.9578125,12,125.54305291175842
0.947265625,15,125.54705691337585
0.96484375,10,125.54975175857544
0.9578125,12,125.55326175689697
0.96484375,10,125.55607199668884
0.96484375,10,125.55884385108948
0.96484375,10,125.56155800819397
-1,1,125.56197786331177
0.961328125,11,125.56529688835144
0.96484375,10,125.56808876991272
0.9578125,12,125.57196807861328
0.96484375,10,125.5746259689331
0.9578125,12,125.57774376869202
0.96484375,10,125.58025074005127
0.96484375,10,125.58294486999512
0.954296875,13,125.58657097816467
-1,13,125.5905909538269
0.954296875,13,125.59435892105103
0.96484375,10,125.59730195999146
0.9578125,12,125.60088086128235
0.96484375,10,125.60353684425354
0.94375,16,125.60771489143372
0.961328125,11,125.61060285568237
0.96484375,10,125.61336874961853
0.933203125,19,125.61847186088562
0.940234375,17,125.62306380271912
0.96484375,10,125.62586092948914
0.9578125,12,125.62900686264038
0.9578125,12,125.63229393959045
0.961328125,11,125.63539671897888
0.9296875,20,125.64058899879456
0.9578125,12,125.64422297477722
0.94375,16,125.64885401725769
0.9578125,12,125.65213584899902
0.96484375,10,125.65589570999146
0.961328125,11,125.66102385520935
0.96484375,10,125.66530299186707
0.96484375,10,125.67075395584106
0.961328125,11,125.67586302757263
0.95078125,14,125.68158078193665
0.96484375,10,125.6857328414917
0.947265625,15,125.69232392311096
0.96484375,10,125.6973078250885
0.96484375,10,125.70222496986389
0.96484375,10,125.70588183403015
0.9578125,12,125.71081280708313
0.9578125,12,125.71601271629333
0.940234375,17,125.72363185882568
0.947265625,15,125.7303249835968
0.93671875,18,125.73745107650757
0.96484375,10,125.74188280105591
0.96484375,10,125.74566769599915
0.94375,16,125.75152683258057
0.961328125,11,125.75618290901184
0.95078125,14,125.7602219581604
0.954296875,13,125.76371192932129
0.9578125,12,125.76700496673584
0.961328125,11,125.77004075050354
0.9578125,12,125.77325797080994
0.96484375,10,125.77595686912537
0.940234375,17,125.78126096725464
0.95078125,14,125.78513193130493
0.96484375,10,125.78774499893188
0.905078125,27,125.79447674751282
0.919140625,23,125.80031895637512
0.96484375,10,125.80315804481506
0.96484375,10,125.80583190917969
-1,11,125.8092269897461
-1,10,125.81227493286133
0.926171875,21,125.81847095489502
0.96484375,10,125.82120871543884
0.919140625,23,125.82731485366821
0.93671875,18,125.83213901519775
0.954296875,13,125.83574080467224
0.9578125,12,125.83909583091736
0.96484375,10,125.84184694290161
0.93671875,18,125.84625577926636
0.96484375,10,125.84895491600037
0.954296875,13,125.85220098495483
0.947265625,15,125.85627698898315
0.961328125,11,125.8595838546753
0.954296875,13,125.86326503753662
0.96484375,10,125.86665081977844
0.96484375,10,125.8694839477539
0.96484375,10,125.87233901023865
0.947265625,15,125.87665581703186
0.940234375,17,125.88098788261414
0.961328125,11,125.88447594642639
0.96484375,10,125.88769292831421
-1,1,125.88837671279907
0.954296875,13,125.89339590072632
0.96484375,10,125.89654088020325
0.96484375,10,125.89951801300049
0.96484375,10,125.9031810760498
0.933203125,19,125.90790510177612
0.96484375,10,125.91044187545776
0.940234375,17,125.91648483276367
0.92265625,22,125.92427968978882
0.947265625,15,125.9300947189331
0.940234375,17,125.93798685073853
0.9296875,20,125.9444408416748
0.9578125,12,125.9500207901001
0.9296875,20,125.95750784873962
0.95078125,14,125.96278095245361
0.912109375,25,125.97266387939453
0.961328125,11,125.97689986228943
0.94375,16,125.98222184181213
0.933203125,19,125.9881820678711
0.940234375,17,125.99451684951782
0.96484375,10,125.99738502502441
0.961328125,11,126.00053977966309
0.933203125,19,126.00554990768433
0.9578125,12,126.00890588760376
0.93671875,18,126.01376676559448
0.96484375,10,126.01656079292297
0.95078125,14,126.02026796340942
-1,1,126.02089810371399
0.96484375,10,126.02382493019104
0.96484375,10,126.02673482894897
0.96484375,10,126.02951788902283
0.9578125,12,126.03280210494995
0.9578125,12,126.03574681282043
-1,1,126.03630375862122
0.96484375,10,126.03909397125244
0.92265625,22,126.04506492614746
0.947265625,15,126.0492627620697
0.9296875,20,126.05459189414978
0.961328125,11,126.05782985687256
0.96484375,10,126.06088972091675
0.96484375,10,126.06359386444092
0.94375,16,126.06757879257202
0.947265625,15,126.07154989242554
0.961328125,11,126.07456374168396
0.95078125,14,126.07807493209839
0.95078125,14,126.08177375793457
0.954296875,13,126.08528590202332
0.9578125,12,126.08916997909546
0.961328125,11,126.093190908432
0.9578125,12,126.09656882286072
0.96484375,10,126.0994029045105
0.9578125,12,126.10242295265198
0.961328125,11,126.10563397407532
0.92265625,22,126.11117792129517
0.954296875,13,126.11589503288269
-1,9,126.11865282058716
0.96484375,10,126.12122702598572
0.96484375,10,126.12396693229675
0.961328125,11,126.12716174125671
0.961328125,11,126.13032388687134
0.96484375,10,126.13327693939209
0.961328125,11,126.13655185699463
0.954296875,13,126.14006495475769
0.954296875,13,126.1433207988739
-1,1,126.14381003379822
0.9296875,20,126.14905381202698
0.9578125,12,126.15229487419128
0.961328125,11,126.15522694587708
0.954296875,13,126.15891098976135
-1,5,126.1607608795166
0.961328125,11,126.16373682022095
0.947265625,15,126.1680200099945
0.94375,16,126.17248892784119
0.96484375,10,126.17557406425476
0.95078125,14,126.17932391166687
0.95078125,14,126.18311500549316
0.961328125,11,126.1863386631012
0.954296875,13,126.19012880325317
0.95078125,14,126.19404602050781
0.915625,24,126.2002649307251
0.954296875,13,126.20362186431885
0.954296875,13,126.2077009677887
0.9578125,12,126.21110081672668
0.947265625,15,126.21531081199646
0.96484375,10,126.21825575828552
0.961328125,11,126.22122073173523
0.95078125,14,126.22488594055176
0.947265625,15,126.22904706001282
0.95078125,14,126.23294186592102
-1,1,126.23342680931091
0.9578125,12,126.23642182350159
0.947265625,15,126.24064683914185
0.947265625,15,126.2443778514862
0.96484375,10,126.24723482131958
0.961328125,11,126.25038170814514
0.961328125,11,126.25393271446228
0.94375,16,126.25814199447632
0.95078125,14,126.261962890625
0.93671875,18,126.26733088493347
0.954296875,13,126.27100992202759
0.961328125,11,126.27422785758972
0.95078125,14,126.27813792228699
0.915625,24,126.28489589691162
0.933203125,19,126.28980684280396
0.96484375,10,126.29260396957397
0.96484375,10,126.29567384719849
0.954296875,13,126.29928708076477
0.96484375,10,126.3019630908966
0.90859375,26,126.30940389633179
0.95078125,14,126.31316184997559
0.961328125,11,126.3160707950592
0.954296875,13,126.31946802139282
0.954296875,13,126.32324576377869
0.947265625,15,126.32717990875244
0.95078125,14,126.33121585845947
0.9578125,12,126.33455491065979
0.9578125,12,126.33776211738586
0.954296875,13,126.34138798713684
0.954296875,13,126.34529685974121
0.9578125,12,126.34865283966064
0.96484375,10,126.3514449596405
0.95078125,14,126.35507893562317
0.933203125,19,126.36064791679382
0.96484375,10,126.36331701278687
0.9578125,12,126.36679768562317
0.93671875,18,126.37142491340637
0.9578125,12,126.37447094917297
0.947265625,15,126.37885189056396
0.954296875,13,126.38238000869751
0.95078125,14,126.38615608215332
0.947265625,15,126.38994789123535
0.954296875,13,126.39350199699402
0.961328125,11,126.39678478240967
0.954296875,13,126.40017485618591
0.95078125,14,126.40498995780945
0.96484375,10,126.40785574913025
0.954296875,13,126.41121578216553
0.96484375,10,126.41391372680664
0.96484375,10,126.41657400131226
0.92265625,22,126.42220497131348
0.9578125,12,126.42543888092041
0.96484375,10,126.42818999290466
-1,4,126.42961883544922
0.95078125,14,126.43335294723511
-1,1,126.43384599685669
0.961328125,11,126.43662786483765
0.9296875,20,126.44150686264038
0.947265625,15,126.44566297531128
0.96484375,10,126.44832587242126
0.961328125,11,126.45129799842834
0.95078125,14,126.45479083061218
0.954296875,13,126.45881867408752
-1,1,126.45948791503906
0.961328125,11,126.46240377426147
0.940234375,17,126.46656799316406
0.95078125,14,126.47065281867981
0.961328125,11,126.47382092475891
0.954296875,13,126.47725176811218
0.961328125,11,126.48061394691467
0.96484375,10,126.48335576057434
0.9578125,12,126.4864330291748
0.961328125,11,126.48925995826721
0.954296875,13,126.49282789230347
0.96484375,10,126.49574780464172
0.940234375,17,126.50037670135498
0.94375,16,126.50461888313293
0.9578125,12,126.50783896446228
0.954296875,13,126.51223874092102
0.94375,16,126.5186197757721
0.947265625,15,126.52534890174866
0.96484375,10,126.52936887741089
0.947265625,15,126.53619289398193
0.94375,16,126.54190373420715
0.96484375,10,126.54664492607117
0.9578125,12,126.55286288261414
0.96484375,10,126.55765390396118
-1,19,126.56754779815674
0.96484375,10,126.57156586647034
-1,4,126.57296895980835
0.96484375,10,126.57612085342407
0.954296875,13,126.58016681671143
0.912109375,25,126.59305095672607
0.95078125,14,126.59933376312256
0.961328125,11,126.6031768321991
0.9578125,12,126.609708070755
0.954296875,13,126.61310887336731
0.954296875,13,126.61712884902954
0.96484375,10,126.61997175216675
0.96484375,10,126.62262296676636
0.90859375,26,126.63037276268005
0.9296875,20,126.6365258693695
0.915625,24,126.64320206642151
0.9578125,12,126.64630603790283
0.96484375,10,126.6491949558258
0.940234375,17,126.6539237499237
0.947265625,15,126.65772581100464
0.95078125,14,126.66128897666931
0.96484375,10,126.66406679153442
0.9578125,12,126.66734886169434
-1,1,126.66790294647217
0.947265625,15,126.67207288742065
0.94375,16,126.67659091949463
0.954296875,13,126.6800377368927
0.96484375,10,126.68298888206482
0.940234375,17,126.68750190734863
0.94375,16,126.69175887107849
0.954296875,13,126.69522190093994
0.94375,16,126.6993339061737
0.93671875,18,126.70457887649536
0.961328125,11,126.70797085762024
0.9578125,12,126.71143984794617
0.96484375,10,126.71410584449768
0.96484375,10,126.71683883666992
0.961328125,11,126.71989297866821
-1,14,126.72399592399597
0.9578125,12,126.72733187675476
0.954296875,13,126.73094201087952
0.9578125,12,126.73405599594116
0.9578125,12,126.73736095428467
0.9578125,12,126.74067687988281
0.9578125,12,126.74381899833679
0.961328125,11,126.74680781364441
0.954296875,13,126.75011205673218
0.96484375,10,126.7527129650116
0.94375,16,126.75708079338074
0.93671875,18,126.76213669776917
0.96484375,10,126.76477694511414
0.9578125,12,126.76788091659546
0.93671875,18,126.77252984046936
0.961328125,11,126.77572202682495
0.96484375,10,126.7783989906311
0.95078125,14,126.782066822052
0.96484375,10,126.78479170799255
0.961328125,11,126.78788685798645
0.96484375,10,126.79063773155212
0.9578125,12,126.79369878768921
0.947265625,15,126.79754590988159
0.9578125,12,126.80070090293884
0.961328125,11,126.8034598827362
0.954296875,13,126.806715965271
0.96484375,10,126.8092908859253
0.954296875,13,126.81276893615723
0.93671875,18,126.8174078464508
0.96484375,10,126.82012701034546
0.961328125,11,126.82314872741699
0.96484375,10,126.82582783699036
0.933203125,19,126.8308379650116
0.961328125,11,126.83389282226562
0.961328125,11,126.83714485168457
0.96484375,10,126.83975887298584
0.95078125,14,126.84347891807556
0.961328125,11,126.84639167785645
0.95078125,14,126.85025191307068
0.961328125,11,126.85309481620789
0.96484375,10,126.85575890541077
0.96484375,10,126.85842895507812
0.96484375,10,126.86104488372803
0.961328125,11,126.86419486999512
0.961328125,11,126.86716485023499
0.947265625,15,126.87106776237488
0.933203125,19,126.8762698173523
0.954296875,13,126.87974500656128
0.912109375,25,126.88640594482422
0.95078125,14,126.89120268821716
0.95078125,14,126.89502477645874
-1,2,126.89615797996521
0.954296875,13,126.9007339477539
0.96484375,10,126.9037230014801
0.954296875,13,126.90785193443298
0.961328125,11,126.91137981414795
0.96484375,10,126.91451501846313
0.93671875,18,126.91937780380249
0.96484375,10,126.9239718914032
0.954296875,13,126.92845010757446
0.940234375,17,126.93701791763306
0.954296875,13,126.9420518875122
0.96484375,10,126.94600296020508
0.96484375,10,126.94993209838867
0.96484375,10,126.95407485961914
0.9578125,12,126.9594099521637
0.96484375,10,126.96291780471802
0.96484375,10,126.96687006950378
0.940234375,17,126.97366786003113
0.94375,16,126.98029375076294
0.9578125,12,126.98461580276489
0.961328125,11,126.98736476898193
0.9578125,12,126.99083280563354
-1,1,126.99157786369324
0.947265625,15,126.9954469203949
0.96484375,10,126.99796295166016
0.95078125,14,127.00372505187988
0.96484375,10,127.00782108306885
0.954296875,13,127.01123404502869
0.9578125,12,127.0143768787384
0.9578125,12,127.0177710056305
0.947265625,15,127.02176690101624
0.940234375,17,127.02643299102783
0.961328125,11,127.02957797050476
0.96484375,10,127.03217697143555
0.9578125,12,127.03535008430481
0.96484375,10,127.03860187530518
0.96484375,10,127.04132580757141
0.96484375,10,127.0438027381897
0.96484375,10,127.04626488685608
0.933203125,19,127.05113291740417
0.95078125,14,127.05476403236389
0.954296875,13,127.05847978591919
0.954296875,13,127.06200885772705
0.940234375,17,127.06663393974304
0.961328125,11,127.06948471069336
0.961328125,11,127.07232284545898
0.9296875,20,127.07829403877258
0.96484375,10,127.08096385002136
0.96484375,10,127.0837869644165
0.96484375,10,127.08650875091553
0.9578125,12,127.08988380432129
0.9578125,12,127.09279489517212
0.954296875,13,127.09624075889587
0.94375,16,127.1004250049591
0.94375,16,127.10453200340271
0.954296875,13,127.10835981369019
0.95078125,14,127.1120457649231
0.961328125,11,127.11514496803284
0.9578125,12,127.11835289001465
0.954296875,13,127.12183785438538
0.954296875,13,127.12537980079651
0.961328125,11,127.12827897071838
0.96484375,10,127.13107085227966
0.961328125,11,127.13418173789978
0.9296875,20,127.13921785354614
0.940234375,17,127.14360094070435
0.947265625,15,127.14783787727356
0.95078125,14,127.15170311927795
0.96484375,10,127.15426778793335
0.95078125,14,127.15811467170715
0.9578125,12,127.16145205497742
0.94375,16,127.16565990447998
0.9578125,12,127.16888403892517
0.947265625,15,127.17326378822327
-1,1,127.17392086982727
-1,1,127.17440986633301
0.95078125,14,127.17795205116272
0.96484375,10,127.1805419921875
0.96484375,10,127.18348908424377
0.9578125,12,127.18664503097534
0.961328125,11,127.18942475318909
0.96484375,10,127.19212079048157
0.9578125,12,127.19545483589172
0.92265625,22,127.20132303237915
-1,1,127.20198392868042
0.95078125,14,127.20577478408813
0.96484375,10,127.20844173431396
0.96484375,10,127.21126770973206
0.940234375,17,127.21571779251099
0.93671875,18,127.22042798995972
-1,13,127.22469186782837
0.93671875,18,127.22899675369263
0.96484375,10,127.23157572746277
0.96484375,10,127.2342689037323
0.96484375,10,127.23684096336365
0.9578125,12,127.24005389213562
0.954296875,13,127.24340987205505
0.96484375,10,127.24615287780762
0.96484375,10,127.24887776374817
0.954296875,13,127.25224876403809
0.96484375,10,127.25507473945618
0.96484375,10,127.25840902328491
0.96484375,10,127.26113295555115
0.961328125,11,127.26411175727844
0.940234375,17,127.26894903182983
0.96484375,10,127.2717387676239
0.961328125,11,127.27487111091614
0.961328125,11,127.27803587913513
0.961328125,11,127.2810959815979
0.96484375,10,127.28381586074829
0.96484375,10,127.2862479686737
0.961328125,11,127.28921604156494
0.9296875,20,127.29419493675232
0.9578125,12,127.297611951828
0.95078125,14,127.30113792419434
0.96484375,10,127.30407285690308
0.961328125,11,127.30761384963989
0.947265625,15,127.31183695793152
0.9578125,12,127.31488275527954
0.96484375,10,127.3177170753479
0.95078125,14,127.32133674621582
0.96484375,10,127.32413291931152
0.96484375,10,127.32686376571655
0.96484375,10,127.32956910133362
0.95078125,14,127.33372068405151
0.947265625,15,127.33765196800232
-1,10,127.3404769897461
0.96484375,10,127.34318995475769
0.954296875,13,127.34676575660706
0.96484375,10,127.34948086738586
0.96484375,10,127.35204577445984
0.96484375,10,127.35459303855896
0.912109375,25,127.3619179725647
0.96484375,10,127.36445903778076
0.961328125,11,127.36715984344482
0.94375,16,127.37153792381287
0.9578125,12,127.37493777275085
0.96484375,10,127.37750673294067
0.96484375,10,127.38023710250854
0.933203125,19,127.38492703437805
0.96484375,10,127.3875298500061
0.96484375,10,127.39036583900452
0.947265625,15,127.3943738937378
0.96484375,10,127.39720606803894
0.94375,16,127.40169978141785
0.961328125,11,127.40467572212219
0.961328125,11,127.40772581100464
0.961328125,11,127.41055679321289
0.94375,16,127.41462993621826
0.961328125,11,127.41757488250732
0.95078125,14,127.42121505737305
0.9578125,12,127.42456603050232
0.95078125,14,127.42847180366516
0.94375,16,127.43262481689453
0.96484375,10,127.43540501594543
0.96484375,10,127.43804907798767
0.940234375,17,127.44242882728577
0.9578125,12,127.44595885276794
0.9578125,12,127.44908690452576
0.95078125,14,127.45316672325134
0.954296875,13,127.45628690719604
0.9578125,12,127.45911192893982
0.961328125,11,127.46192193031311
0.9578125,12,127.4653308391571
0.961328125,11,127.46817684173584
0.947265625,15,127.4720938205719
0.954296875,13,127.47585368156433
0.9578125,12,127.47894406318665
0.961328125,11,127.48171901702881
0.9578125,12,127.48527097702026
0.954296875,13,127.48914694786072
0.947265625,15,127.49297189712524
0.96484375,10,127.49584484100342
0.961328125,11,127.49881887435913
0.95078125,14,127.50240206718445
0.94375,16,127.50656199455261
0.9578125,12,127.50945997238159
0.961328125,11,127.51237201690674
0.961328125,11,127.51527881622314
0.947265625,15,127.51946496963501
0.96484375,10,127.52226376533508
0.9578125,12,127.5255618095398
0.96484375,10,127.52816796302795
0.961328125,11,127.53097701072693
0.92265625,22,127.53698778152466
0.9578125,12,127.54006290435791
-1,3,127.54117894172668
0.96484375,10,127.5438449382782
0.9578125,12,127.54710292816162
0.961328125,11,127.55007791519165
0.961328125,11,127.55294394493103
0.93671875,18,127.55772995948792
0.95078125,14,127.56174683570862
0.954296875,13,127.56503677368164
0.947265625,15,127.56895184516907
0.96484375,10,127.57219099998474
0.96484375,10,127.57503700256348
0.961328125,11,127.57782292366028
0.95078125,14,127.58127474784851
0.96484375,10,127.58397388458252
0.9578125,12,127.58720207214355
0.961328125,11,127.59071898460388
0.94375,16,127.59493780136108
0.96484375,10,127.59767985343933
0.940234375,17,127.60185289382935
0.9578125,12,127.60495281219482
0.933203125,19,127.6097400188446
0.9578125,12,127.61273789405823
0.9578125,12,127.61602687835693
0.954296875,13,127.61972570419312
0.961328125,11,127.62258672714233
0.95078125,14,127.62667083740234
0.954296875,13,127.63023495674133
0.96484375,10,127.63290286064148
0.9578125,12,127.63581395149231
0.96484375,10,127.6385509967804
0.94375,16,127.6435718536377
0.9578125,12,127.646803855896
0.95078125,14,127.65034794807434
0.96484375,10,127.65286684036255
-1,8,127.65517902374268
0.961328125,11,127.65790891647339
0.94375,16,127.6618378162384
0.947265625,15,127.66558885574341
0.96484375,10,127.66817474365234
0.954296875,13,127.67195796966553
0.961328125,11,127.67473101615906
0.95078125,14,127.6782636642456
0.9578125,12,127.68174886703491
0.954296875,13,127.68532490730286
0.926171875,21,127.69144988059998
0.954296875,13,127.69481182098389
0.9578125,12,127.69778370857239
0.96484375,10,127.70021080970764
0.96484375,10,127.70255279541016
0.94375,16,127.70652484893799
0.96484375,10,127.70916891098022
0.96484375,10,127.71183276176453
0.94375,16,127.71619892120361
0.96484375,10,127.71895098686218
0.9578125,12,127.72225880622864
0.947265625,15,127.72609210014343
0.93671875,18,127.7308259010315
0.94375,16,127.73534798622131
0.96484375,10,127.73794293403625
0.954296875,13,127.7412269115448
0.94375,16,127.74538803100586
0.94375,16,127.7493577003479
0.961328125,11,127.7524847984314
0.9015625,28,127.75977802276611
0.947265625,15,127.76374292373657
0.954296875,13,127.76723098754883
0.9578125,12,127.77024483680725
0.954296875,13,127.7754340171814
0.9578125,12,127.77881073951721
0.94375,16,127.78287100791931
0.954296875,13,127.78767108917236
0.961328125,11,127.79424786567688
0.95078125,14,127.8000099658966
-1,8,127.80314183235168
0.96484375,10,127.80796384811401
0.96484375,10,127.81174874305725
0.95078125,14,127.81770277023315
0.954296875,13,127.82114577293396
0.96484375,10,127.82391500473022
0.9578125,12,127.82862281799316
-1,2,127.82972693443298
0.954296875,13,127.83424997329712
0.940234375,17,127.84081792831421
0.940234375,17,127.84779977798462
0.92265625,22,127.85607099533081
0.9578125,12,127.86020588874817
0.919140625,23,127.868332862854
0.9578125,12,127.8728859424591
0.94375,16,127.87999486923218
0.954296875,13,127.88477492332458
0.961328125,11,127.88763070106506
0.8875,32,127.89511394500732
0.93671875,18,127.89970302581787
0.96484375,10,127.90239882469177
0.9578125,12,127.90536975860596
0.94375,16,127.90968775749207
0.9578125,12,127.91294074058533
0.933203125,19,127.91797089576721
0.954296875,13,127.9213798046112
0.94375,16,127.92590284347534
0.9578125,12,127.92882084846497
0.9578125,12,127.93181991577148
0.9578125,12,127.93517589569092
0.940234375,17,127.93966794013977
-1,3,127.94066786766052
-1,1,127.94110488891602
0.933203125,19,127.94576478004456
0.96484375,10,127.9483687877655
0.961328125,11,127.95122194290161
0.961328125,11,127.95444083213806
0.96484375,10,127.95716977119446
0.96484375,10,127.9597487449646
0.954296875,13,127.96295094490051
0.9578125,12,127.96652603149414
0.954296875,13,127.97010087966919
0.9296875,20,127.97521996498108
0.90859375,26,127.98213291168213
0.96484375,10,127.98536586761475
0.961328125,11,127.98830699920654
0.96484375,10,127.99079990386963
0.954296875,13,127.99395203590393
0.940234375,17,127.99810004234314
0.961328125,11,128.00098085403442
0.94375,16,128.0054657459259
0.961328125,11,128.00847268104553
0.954296875,13,128.0120120048523
0.961328125,11,128.01507687568665
0.96484375,10,128.0179488658905
0.940234375,17,128.0227448940277
0.96484375,10,128.02541089057922
0.96484375,10,128.02812385559082
0.96484375,10,128.03095984458923
-1,13,128.0346429347992
0.954296875,13,128.03798604011536
0.95078125,14,128.04188084602356
0.961328125,11,128.04499292373657
0.94375,16,128.04917883872986
-1,1,128.04966974258423
0.95078125,14,128.0535228252411
0.96484375,10,128.05623602867126
0.9578125,12,128.05926609039307
0.961328125,11,128.06222701072693
0.96484375,10,128.064866065979
0.954296875,13,128.06844091415405
0.947265625,15,128.07239985466003
0.9578125,12,128.0758740901947
0.919140625,23,128.08185076713562
0.96484375,10,128.08452200889587
0.96484375,10,128.08694100379944
0.954296875,13,128.09061884880066
0.96484375,10,128.09343481063843
0.9578125,12,128.09681487083435
0.954296875,13,128.10046577453613
0.9578125,12,128.10444903373718
0.95078125,14,128.1085000038147
0.96484375,10,128.11123299598694
0.9578125,12,128.11461186408997
0.961328125,11,128.1178548336029
0.96484375,10,128.12053990364075
0.940234375,17,128.12493896484375
0.96484375,10,128.12787675857544
0.947265625,15,128.13203477859497
0.94375,16,128.1362428665161
0.954296875,13,128.13969683647156
0.954296875,13,128.14308977127075
0.96484375,10,128.14566779136658
0.96484375,10,128.14832377433777
0.9578125,12,128.15149188041687
0.95078125,14,128.15518283843994
0.94375,16,128.15938878059387
0.961328125,11,128.1622920036316
0.947265625,15,128.16619896888733
0.96484375,10,128.1687717437744
0.9578125,12,128.17196583747864
0.92265625,22,128.1775369644165
0.96484375,10,128.1802318096161
0.96484375,10,128.18283581733704
0.961328125,11,128.18568396568298
0.954296875,13,128.18907284736633
0.94375,16,128.19344282150269
0.9578125,12,128.1971399784088
0.947265625,15,128.2014799118042
0.954296875,13,128.20509386062622
0.954296875,13,128.20853996276855
0.95078125,14,128.21230006217957
0.96484375,10,128.21502685546875
0.926171875,21,128.22035479545593
0.96484375,10,128.2229781150818
0.96484375,10,128.2258267402649
0.961328125,11,128.22879695892334
0.947265625,15,128.23286986351013
0.93671875,18,128.23771977424622
0.954296875,13,128.24148297309875
0.96484375,10,128.2438840866089
0.961328125,11,128.2466790676117
0.96484375,10,128.24942898750305
0.9578125,12,128.25236892700195
0.9578125,12,128.25539898872375
0.96484375,10,128.2580099105835
-1,1,128.25861287117004
0.954296875,13,128.2620439529419
0.940234375,17,128.26649975776672
0.96484375,10,128.26912999153137
0.961328125,11,128.2722339630127
0.961328125,11,128.27538681030273
0.954296875,13,128.27895784378052
0.9578125,12,128.28212690353394
0.9578125,12,128.28550386428833
0.961328125,11,128.28843092918396
0.961328125,11,128.2912037372589
0.96484375,10,128.29398775100708
0.94375,16,128.29819703102112
0.9578125,12,128.30113697052002
0.947265625,15,128.30528283119202
0.96484375,10,128.30800485610962
0.96484375,10,128.31056475639343
0.961328125,11,128.31324291229248
0.947265625,15,128.3174810409546
0.954296875,13,128.32098293304443
0.96484375,10,128.32375192642212
0.9578125,12,128.32719111442566
0.9578125,12,128.33046984672546
-1,7,128.3324317932129
0.96484375,10,128.33512592315674
-1,1,128.33564591407776
0.954296875,13,128.3389880657196
0.95078125,14,128.34290385246277
0.9578125,12,128.34600710868835
0.95078125,14,128.34974694252014
0.954296875,13,128.35340070724487
0.96484375,10,128.35604786872864
0.954296875,13,128.35945177078247
0.954296875,13,128.36293292045593
0.954296875,13,128.36632776260376
0.94375,16,128.3705279827118
0.96484375,10,128.37315773963928
0.961328125,11,128.37596893310547
0.95078125,14,128.37997698783875
0.954296875,13,128.38387203216553
0.961328125,11,128.38697695732117
0.96484375,10,128.38968181610107
0.961328125,11,128.39256882667542
0.93671875,18,128.39669585227966
0.9578125,12,128.3999240398407
0.96484375,10,128.40259671211243
0.94375,16,128.40675473213196
0.9578125,12,128.4099419116974
0.96484375,10,128.41284894943237
0.961328125,11,128.41569900512695
0.961328125,11,128.41850399971008
0.96484375,10,128.42118406295776
0.96484375,10,128.42394590377808
0.961328125,11,128.4268958568573
0.961328125,11,128.42998886108398
0.961328125,11,128.43307900428772
0.9578125,12,128.4363088607788
0.940234375,17,128.44090294837952
0.954296875,13,128.44420886039734
0.954296875,13,128.44756889343262
0.95078125,14,128.45132184028625
0.96484375,10,128.4538769721985
0.95078125,14,128.4575068950653
0.961328125,11,128.4603877067566
-1,1,128.46092700958252
0.9578125,12,128.4639549255371
0.96484375,10,128.4664499759674
0.961328125,11,128.46944379806519
0.9578125,12,128.4726939201355
-1,1,128.47323393821716
0.9578125,12,128.47648191452026
0.95078125,14,128.48027086257935
0.94375,16,128.48432207107544
0.96484375,10,128.48699593544006
0.95078125,14,128.49091410636902
0.954296875,13,128.49417185783386
0.95078125,14,128.4976499080658
0.954296875,13,128.50129795074463
0.96484375,10,128.5040318965912
0.961328125,11,128.50705099105835
0.9578125,12,128.51011395454407
0.940234375,17,128.51447987556458
0.96484375,10,128.5169198513031
0.961328125,11,128.51973295211792
0.961328125,11,128.52334785461426
0.940234375,17,128.52759504318237
0.933203125,19,128.53376579284668
0.947265625,15,128.5402979850769
0.94375,16,128.54473876953125
0.9578125,12,128.54793691635132
0.96484375,10,128.5505268573761
0.9578125,12,128.55482697486877
0.96484375,10,128.55938482284546
-1,1,128.56045579910278
0.954296875,13,128.56576371192932
0.912109375,25,128.57633996009827
0.954296875,13,128.5823450088501
0.94375,16,128.58797478675842
0.9578125,12,128.5930917263031
0.96484375,10,128.59708905220032
0.96484375,10,128.6018717288971
0.96484375,10,128.60617971420288
0.96484375,10,128.61070895195007
0.947265625,15,128.61682891845703
0.9578125,12,128.62135767936707
0.947265625,15,128.62526392936707
0.961328125,11,128.62814903259277
0.96484375,10,128.6322808265686
0.96484375,10,128.6351659297943
0.94375,16,128.63925409317017
0.96484375,10,128.6419689655304
0.954296875,13,128.64528894424438
0.954296875,13,128.64840388298035
0.926171875,21,128.653235912323
-1,1,128.6537218093872
-1,12,128.65705394744873
0.96484375,10,128.65964603424072
0.9578125,12,128.66316080093384
0.954296875,13,128.66649389266968
-1,3,128.66747903823853
0.9578125,12,128.6703588962555
0.954296875,13,128.67365670204163
0.9578125,12,128.67658281326294
0.961328125,11,128.6793930530548
0.93671875,18,128.68371486663818
0.96484375,10,128.68651175498962
0.95078125,14,128.6901819705963
0.96484375,10,128.69291496276855
0.96484375,10,128.69564175605774
0.940234375,17,128.70003294944763
0.954296875,13,128.70350170135498
0.96484375,10,128.70598077774048
0.954296875,13,128.70979475975037
0.961328125,11,128.7126898765564
0.961328125,11,128.71540307998657
0.96484375,10,128.71792697906494
0.954296875,13,128.72116994857788
0.940234375,17,128.72514581680298
0.940234375,17,128.72981095314026
0.954296875,13,128.73333978652954
0.96484375,10,128.7361867427826
0.95078125,14,128.73995804786682
0.961328125,11,128.74282789230347
0.933203125,19,128.7472698688507
0.96484375,10,128.74994468688965
0.94375,16,128.7539029121399
0.96484375,10,128.75643396377563
-1,3,128.75744199752808
0.926171875,21,128.7627420425415
0.96484375,10,128.7654049396515
0.96484375,10,128.768141746521
0.940234375,17,128.77291083335876
0.96484375,10,128.77569675445557
0.95078125,14,128.7794690132141
0.96484375,10,128.7821168899536
0.954296875,13,128.78551387786865
0.940234375,17,128.78994989395142
0.94375,16,128.79388999938965
0.94375,16,128.79818391799927
0.961328125,11,128.80109190940857
0.961328125,11,128.80380082130432
0.92265625,22,128.80931305885315
0.96484375,10,128.81174683570862
0.961328125,11,128.81451988220215
0.9578125,12,128.81781578063965
0.961328125,11,128.82099795341492
0.961328125,11,128.8236439228058
-1,2,128.82430171966553
0.96484375,10,128.826730966568
0.947265625,15,128.83071899414062
0.9578125,12,128.83371496200562
0.954296875,13,128.83682084083557
0.94375,16,128.8414068222046
0.954296875,13,128.8448028564453
0.947265625,15,128.8486979007721
0.94375,16,128.8531620502472
0.96484375,10,128.85572409629822
0.95078125,14,128.859365940094
0.961328125,11,128.86246395111084
0.9578125,12,128.86554074287415
0.96484375,10,128.86818981170654
0.954296875,13,128.87133479118347
0.961328125,11,128.87400484085083
0.961328125,11,128.87672972679138
0.961328125,11,128.87954878807068
0.961328125,11,128.88231873512268
0.96484375,10,128.8848478794098
0.947265625,15,128.88847374916077
0.961328125,11,128.89137482643127
0.954296875,13,128.89444994926453
0.947265625,15,128.8982799053192
0.9578125,12,128.90153884887695
0.9578125,12,128.90454506874084
0.954296875,13,128.90805387496948
0.96484375,10,128.91073298454285
0.96484375,10,128.913321018219
0.94375,16,128.91697788238525
0.9578125,12,128.920343875885
0.954296875,13,128.92385387420654
0.9578125,12,128.92696595191956
0.95078125,14,128.9304859638214
0.947265625,15,128.9345097541809
0.9578125,12,128.93737888336182
0.96484375,10,128.93984198570251
0.954296875,13,128.94361972808838
0.94375,16,128.9479010105133
0.954296875,13,128.9511890411377
0.954296875,13,128.95493507385254
0.961328125,11,128.9577808380127
0.96484375,10,128.96056699752808
0.95078125,14,128.96408200263977
0.961328125,11,128.96676301956177
0.95078125,14,128.970134973526
0.947265625,15,128.97425270080566
0.954296875,13,128.97807002067566
0.961328125,11,128.9812717437744
0.96484375,10,128.9840168952942
0.947265625,15,128.98776507377625
-1,1,128.98818588256836
0.9578125,12,128.9912567138672
0.93671875,18,128.99597072601318
0.933203125,19,129.00050377845764
0.961328125,11,129.00338673591614
0.92265625,22,129.0091278553009
0.94375,16,129.0131697654724
0.961328125,11,129.0164611339569
0.954296875,13,129.01975393295288
0.9578125,12,129.02286005020142
0.96484375,10,129.02537989616394
0.96484375,10,129.02801489830017
0.96484375,10,129.03063869476318
0.95078125,14,129.03406167030334
0.96484375,10,129.0368058681488
0.954296875,13,129.04023098945618
0.95078125,14,129.04409074783325
0.961328125,11,129.04714584350586
0.9578125,12,129.0502007007599
0.947265625,15,129.0548279285431
0.93671875,18,129.05949068069458
0.96484375,10,129.06203484535217
0.947265625,15,129.06631302833557
0.961328125,11,129.06927680969238
0.96484375,10,129.07170367240906
0.94375,16,129.07550692558289
0.947265625,15,129.07948398590088
0.961328125,11,129.08250188827515
0.96484375,10,129.08505702018738
0.96484375,10,129.0877330303192
0.954296875,13,129.091481924057
0.940234375,17,129.09601378440857
0.954296875,13,129.09953379631042
0.940234375,17,129.10384488105774
0.9578125,12,129.1069459915161
0.95078125,14,129.11073088645935
0.9578125,12,129.1138560771942
0.96484375,10,129.11677074432373
0.96484375,10,129.11933588981628
0.961328125,11,129.12220287322998
0.96484375,10,129.1249508857727
0.954296875,13,129.12838506698608
0.926171875,21,129.13375687599182
0.947265625,15,129.13766598701477
0.961328125,11,129.14066886901855
0.96484375,10,129.14319372177124
0.954296875,13,129.14679789543152
0.96484375,10,129.14952874183655
0.961328125,11,129.15283584594727
0.961328125,11,129.15583491325378
0.9578125,12,129.15916085243225
0.961328125,11,129.16209888458252
0.9578125,12,129.16524481773376
0.961328125,11,129.168194770813
-1,3,129.1690549850464
0.96484375,10,129.17163801193237
0.96484375,10,129.17459678649902
0.94375,16,129.17884802818298
0.947265625,15,129.1828260421753
0.96484375,10,129.18553495407104
0.954296875,13,129.18872594833374
0.954296875,13,129.19253396987915
0.96484375,10,129.19526386260986
0.940234375,17,129.19961500167847
0.95078125,14,129.20324301719666
0.96484375,10,129.20599508285522
0.96484375,10,129.20866584777832
0.96484375,10,129.21135592460632
0.961328125,11,129.2142357826233
0.96484375,10,129.2170708179474
0.9578125,12,129.2202377319336
0.96484375,10,129.22280597686768
0.961328125,11,129.22580885887146
0.9578125,12,129.22925186157227
0.96484375,10,129.23192191123962
0.9578125,12,129.23518681526184
0.961328125,11,129.23798489570618
0.9578125,12,129.24125289916992
0.961328125,11,129.24412894248962
0.96484375,10,129.24675679206848
0.93671875,18,129.25189876556396
0.9578125,12,129.25509572029114
0.961328125,11,129.2583029270172
0.9578125,12,129.26120591163635
0.95078125,14,129.26457500457764
0.954296875,13,129.2681736946106
0.9578125,12,129.2712540626526
0.933203125,19,129.2763967514038
0.961328125,11,129.2794167995453
0.96484375,10,129.28193473815918
0.961328125,11,129.28477001190186
0.947265625,15,129.28863787651062
0.954296875,13,129.29220294952393
0.94375,16,129.29625296592712
0.961328125,11,129.29935097694397
0.96484375,10,129.30184078216553
-1,2,129.302640914917
-1,1,129.30303287506104
0.954296875,13,129.30671787261963
0.9578125,12,129.31005597114563
0.96484375,10,129.31272196769714
0.9578125,12,129.31575083732605
0.96484375,10,129.31845784187317
0.954296875,13,129.321594953537
0.947265625,15,129.32541799545288
0.961328125,11,129.32855772972107
0.933203125,19,129.33353090286255
0.9578125,12,129.3367748260498
0.961328125,11,129.339861869812
0.96484375,10,129.3426158428192
0.9578125,12,129.34556603431702
0.961328125,11,129.3483920097351
0.954296875,13,129.35179901123047
0.96484375,10,129.35454988479614
0.9578125,12,129.3575837612152
0.96484375,10,129.3601357936859
0.961328125,11,129.36332488059998
0.947265625,15,129.3674349784851
0.96484375,10,129.37007784843445
0.96484375,10,129.37293791770935
0.961328125,11,129.3759937286377
0.95078125,14,129.37963485717773
0.96484375,10,129.38225197792053
0.933203125,19,129.3871989250183
0.961328125,11,129.39029502868652
0.9578125,12,129.39369797706604
0.954296875,13,129.39703607559204
0.94375,16,129.401104927063
0.961328125,11,129.40455603599548
0.954296875,13,129.4081380367279
0.9578125,12,129.41142773628235
0.9578125,12,129.41481399536133
0.961328125,11,129.417742729187
0.95078125,14,129.42135667800903
0.92265625,22,129.42727875709534
0.96484375,10,129.42989897727966
0.947265625,15,129.43374586105347
0.912109375,25,129.44023489952087
-1,3,129.4413869380951
0.954296875,13,129.44461274147034
0.954296875,13,129.44827485084534
0.96484375,10,129.450927734375
0.961328125,11,129.45369505882263
0.9578125,12,129.45668411254883
0.954296875,13,129.46012377738953
0.926171875,21,129.46524691581726
0.94375,16,129.46930575370789
0.9578125,12,129.4726278781891
0.94375,16,129.47713589668274
0.96484375,10,129.47960877418518
0.9578125,12,129.48276782035828
0.961328125,11,129.4855408668518
0.96484375,10,129.48793983459473
0.961328125,11,129.4908628463745
0.9578125,12,129.49410367012024
0.96484375,10,129.49676895141602
0.96484375,10,129.4991717338562
0.954296875,13,129.50274896621704
0.94375,16,129.5070939064026
0.9578125,12,129.51032972335815
0.96484375,10,129.51302981376648
0.96484375,10,129.5158610343933
0.947265625,15,129.52003479003906
0.96484375,10,129.5226228237152
0.95078125,14,129.5261688232422
0.96484375,10,129.52894687652588
0.961328125,11,129.5319528579712
0.96484375,10,129.53456687927246
0.96484375,10,129.53721499443054
0.912109375,25,129.54406881332397
0.96484375,10,129.54686784744263
0.96484375,10,129.54956483840942
0.96484375,10,129.55229592323303
0.954296875,13,129.5557188987732
0.96484375,10,129.55847191810608
0.954296875,13,129.56208276748657
0.9578125,12,129.56554985046387
0.96484375,10,129.5682737827301
0.93671875,18,129.5729877948761
0.96484375,10,129.57575869560242
0.96484375,10,129.5785620212555
0.954296875,13,129.5822069644928
0.96484375,10,129.5849268436432
0.961328125,11,129.58797478675842
0.94375,16,129.5925440788269
0.96484375,10,129.59527492523193
0.95078125,14,129.59893584251404
0.954296875,13,129.60220384597778
0.94375,16,129.6061487197876
0.96484375,10,129.60867404937744
0.96484375,10,129.61138892173767
0.96484375,10,129.61429572105408
0.961328125,11,129.61706972122192
0.9578125,12,129.6201548576355
0.954296875,13,129.6239869594574
0.95078125,14,129.6275918483734
0.9296875,20,129.63307070732117
0.954296875,13,129.63658809661865
0.94375,16,129.6405897140503
0.96484375,10,129.64309978485107
0.961328125,11,129.64597582817078
0.954296875,13,129.6494438648224
0.9578125,12,129.65271401405334
0.961328125,11,129.65562796592712
0.933203125,19,129.66093182563782
0.947265625,15,129.66482377052307
0.933203125,19,129.67023491859436
0.96484375,10,129.6730558872223
0.95078125,14,129.6767828464508
-1,1,129.6773397922516
0.95078125,14,129.68116402626038
0.96484375,10,129.6843798160553
0.954296875,13,129.68788290023804
0.94375,16,129.6922779083252
0.95078125,14,129.69614696502686
0.96484375,10,129.6987338066101
0.954296875,13,129.70179295539856
0.954296875,13,129.70529103279114
0.898046875,29,129.7124948501587
0.940234375,17,129.71717977523804
-1,6,129.71906900405884
0.954296875,13,129.72216868400574
0.95078125,14,129.72602796554565
0.96484375,10,129.72889876365662
0.95078125,14,129.7328019142151
0.96484375,10,129.73542976379395
0.9578125,12,129.73861408233643
0.933203125,19,129.74381375312805
0.96484375,10,129.74651789665222
0.961328125,11,129.74964094161987
0.954296875,13,129.75310277938843
0.954296875,13,129.7568919658661
0.96484375,10,129.75967168807983
0.961328125,11,129.76266384124756
0.95078125,14,129.76638269424438
0.93671875,18,129.77100086212158
0.961328125,11,129.77401089668274
0.954296875,13,129.77775478363037
0.954296875,13,129.7810308933258
0.947265625,15,129.78521394729614
0.961328125,11,129.78817677497864
0.933203125,19,129.79351782798767
0.961328125,11,129.7964448928833
0.961328125,11,129.79968285560608
0.96484375,10,129.8024377822876
0.9578125,12,129.80538296699524
0.9578125,12,129.80868577957153
0.96484375,10,129.81154584884644
0.93671875,18,129.8160798549652
0.9578125,12,129.81937098503113
0.93671875,18,129.8242039680481
0.9578125,12,129.82740569114685
0.96484375,10,129.83016705513
0.954296875,13,129.8335418701172
0.961328125,11,129.8365318775177
0.96484375,10,129.83938002586365
0.961328125,11,129.84254479408264
0.933203125,19,129.84750890731812
0.9578125,12,129.85066390037537
-1,10,129.85373783111572
0.961328125,11,129.8567099571228
0.96484375,10,129.8592448234558
0.954296875,13,129.86269903182983
0.954296875,13,129.86618185043335
0.95078125,14,129.86968779563904
0.95078125,14,129.87342476844788
0.9578125,12,129.8768448829651
0.940234375,17,129.8811159133911
0.947265625,15,129.88518500328064
0.96484375,10,129.8879690170288
0.94375,16,129.8918740749359
0.961328125,11,129.89535188674927
0.95078125,14,129.89936089515686
0.9296875,20,129.90436482429504
0.9578125,12,129.90771794319153
0.96484375,10,129.91048383712769
0.954296875,13,129.91373991966248
0.891015625,31,129.92139601707458
0.92265625,22,129.9266119003296
0.915625,24,129.9337089061737
0.96484375,10,129.93625402450562
0.96484375,10,129.9388918876648
0.961328125,11,129.94229102134705
0.93671875,18,129.94689202308655
0.954296875,13,129.95024991035461
0.933203125,19,129.9552059173584
0.96484375,10,129.95795488357544
0.95078125,14,129.9620008468628
0.9296875,20,129.9674048423767
0.905078125,27,129.9744689464569
0.947265625,15,129.97855377197266
0.947265625,15,129.98245096206665
0.96484375,10,129.9852328300476
0.9578125,12,129.98864102363586
0.898046875,29,129.99629282951355
0.961328125,11,129.99975609779358
0.96484375,10,130.00241088867188
0.94375,16,130.00733375549316
0.96484375,10,130.0099949836731
0.9578125,12,130.01297783851624
0.9578125,12,130.0160698890686
0.94375,16,130.02042698860168
0.9578125,12,130.02363801002502
0.947265625,15,130.0274999141693
0.96484375,10,130.03049397468567
0.96484375,10,130.03316402435303
0.96484375,10,130.03580284118652
0.947265625,15,130.0397310256958
0.947265625,15,130.0437970161438
0.947265625,15,130.04785203933716
0.96484375,10,130.0505919456482
0.961328125,11,130.053729057312
0.961328125,11,130.05702996253967
0.947265625,15,130.06108379364014
0.947265625,15,130.06550407409668
0.961328125,11,130.0687177181244
0.96484375,10,130.07196593284607
0.96484375,10,130.0748369693756
0.94375,16,130.07928609848022
0.95078125,14,130.08328080177307
0.96484375,10,130.085942029953
0.947265625,15,130.08986401557922
0.95078125,14,130.09417605400085
0.954296875,13,130.09778881072998
0.95078125,14,130.1014757156372
0.93671875,18,130.1062388420105
0.947265625,15,130.11084580421448
0.940234375,17,130.1154408454895
0.96484375,10,130.11834907531738
0.96484375,10,130.12085390090942
0.961328125,11,130.12359595298767
0.96484375,10,130.12617182731628
0.940234375,17,130.13095593452454
0.9578125,12,130.13428401947021
0.9578125,12,130.13740992546082
0.947265625,15,130.14194798469543
0.954296875,13,130.14534783363342
0.96484375,10,130.1482880115509
0.954296875,13,130.15204286575317
0.954296875,13,130.15564799308777
0.947265625,15,130.15974283218384
0.94375,16,130.16394591331482
0.961328125,11,130.16675400733948
0.94375,16,130.17100381851196
0.9578125,12,130.17451786994934
0.961328125,11,130.17742109298706
0.96484375,10,130.18018579483032
0.93671875,18,130.18488383293152
0.96484375,10,130.1876368522644
0.96484375,10,130.19028091430664
0.954296875,13,130.1938579082489
0.9578125,12,130.1969997882843
0.96484375,10,130.1997787952423
0.9578125,12,130.20344495773315
0.961328125,11,130.20646500587463
0.9578125,12,130.2095217704773
0.961328125,11,130.21268391609192
0.96484375,10,130.21598482131958
0.9578125,12,130.21920585632324
0.933203125,19,130.22414112091064
0.9578125,12,130.22745990753174
0.954296875,13,130.23079085350037
0.947265625,15,130.23451805114746
0.95078125,14,130.23811984062195
0.954296875,13,130.2417778968811
0.94375,16,130.24626779556274
0.96484375,10,130.24904084205627
0.9578125,12,130.25212693214417
0.9578125,12,130.25512504577637
0.940234375,17,130.2600119113922
0.95078125,14,130.26345705986023
0.954296875,13,130.26700377464294
0.9578125,12,130.2702488899231
0.95078125,14,130.27396297454834
0.9578125,12,130.27694988250732
0.96484375,10,130.27954578399658
0.96484375,10,130.2824399471283
0.95078125,14,130.28613305091858
0.9578125,12,130.28943586349487
0.96484375,10,130.292053937912
0.961328125,11,130.2952048778534
0.954296875,13,130.2990300655365
0.95078125,14,130.3026978969574
0.9578125,12,130.30565690994263
0.961328125,11,130.30855870246887
0.95078125,14,130.31181693077087
-1,2,130.31247186660767
0.954296875,13,130.31574201583862
0.961328125,11,130.31882691383362
0.95078125,14,130.32309079170227
0.94375,16,130.32713985443115
0.9578125,12,130.33037900924683
0.9578125,12,130.33338904380798
0.94375,16,130.33741688728333
0.90859375,26,130.3449559211731
0.961328125,11,130.34791088104248
0.96484375,10,130.35058879852295
0.95078125,14,130.35412001609802
0.96484375,10,130.35667896270752
0.954296875,13,130.35974884033203
0.94375,16,130.36402106285095
0.96484375,10,130.36664700508118
0.940234375,17,130.37105584144592
0.961328125,11,130.37414598464966
0.96484375,10,130.3766279220581
-1,1,130.3770308494568
0.96484375,10,130.37981271743774
0.93671875,18,130.38441801071167
0.9578125,12,130.3876919746399
-1,7,130.38982391357422
0.92265625,22,130.3954999446869
0.954296875,13,130.39891409873962
-1,7,130.40098190307617
0.947265625,15,130.40586876869202
0.961328125,11,130.41075468063354
0.961328125,11,130.413902759552
0.9296875,20,130.42174577713013
0.9578125,12,130.42593097686768
0.96484375,10,130.4297170639038
0.947265625,15,130.4347620010376
0.954296875,13,130.4396049976349
0.96484375,10,130.44299292564392
0.96484375,10,130.4464147090912
-1,1,130.44703888893127
0.96484375,10,130.4508500099182
0.933203125,19,130.45650672912598
0.9578125,12,130.4613938331604
0.947265625,15,130.4654679298401
0.96484375,10,130.4679229259491
0.96484375,10,130.47039985656738
0.954296875,13,130.4737148284912
0.940234375,17,130.48113799095154
-1,1,130.48166298866272
0.961328125,11,130.4853219985962
0.954296875,13,130.49091982841492
0.961328125,11,130.4940800666809
0.96484375,10,130.4979329109192
0.95078125,14,130.50387692451477
-1,5,130.50647401809692
0.95078125,14,130.5110867023468
0.96484375,10,130.5137050151825
0.90859375,26,130.5206127166748
0.9578125,12,130.52393794059753
-1,2,130.524995803833
0.93671875,18,130.52947688102722
0.93671875,18,130.53411483764648
0.947265625,15,130.53836798667908
0.961328125,11,130.54149985313416
0.947265625,15,130.54558086395264
0.954296875,13,130.54883480072021
0.954296875,13,130.55203676223755
0.947265625,15,130.556156873703
0.96484375,10,130.55867791175842
0.96484375,10,130.56131887435913
0.9578125,12,130.5646789073944
0.96484375,10,130.56761503219604
0.933203125,19,130.57265996932983
0.96484375,10,130.5755398273468
0.954296875,13,130.57894778251648
0.933203125,19,130.5837860107422
0.95078125,14,130.58746910095215
0.947265625,15,130.59133386611938
0.96484375,10,130.59387278556824
0.947265625,15,130.59779000282288
0.961328125,11,130.6010298728943
0.96484375,10,130.603661775589
0.95078125,14,130.60755395889282
0.940234375,17,130.6123788356781
0.954296875,13,130.61584281921387
0.95078125,14,130.61952900886536
0.96484375,10,130.62207984924316
0.94375,16,130.6260848045349
0.96484375,10,130.62851691246033
0.96484375,10,130.6313920021057
0.961328125,11,130.6342899799347
0.940234375,17,130.6409957408905
-1,2,130.64204692840576
0.961328125,11,130.64510893821716
0.96484375,10,130.64783883094788
0.93671875,18,130.65236568450928
0.954296875,13,130.6573576927185
0.954296875,13,130.66083478927612
0.954296875,13,130.6641080379486
0.96484375,10,130.6667559146881
0.9578125,12,130.67203879356384
0.961328125,11,130.67666673660278
0.947265625,15,130.6822018623352
0.947265625,15,130.68717002868652
0.95078125,14,130.6937017440796
0.95078125,14,130.69883489608765
0.94375,16,130.70543885231018
0.92265625,22,130.714537858963
0.96484375,10,130.71771907806396
0.96484375,10,130.72086882591248
-1,9,130.72547888755798
0.96484375,10,130.72907280921936
0.96484375,10,130.73285508155823
0.9578125,12,130.73805904388428
0.954296875,13,130.7428936958313
0.96484375,10,130.74705004692078
0.95078125,14,130.7521538734436
0.96484375,10,130.7559916973114
0.93671875,18,130.76154589653015
0.961328125,11,130.76441383361816
0.9578125,12,130.76741290092468
0.95078125,14,130.77094507217407
0.947265625,15,130.77437496185303
0.954296875,13,130.7777967453003
0.961328125,11,130.78072500228882
0.96484375,10,130.78319478034973
0.95078125,14,130.7870090007782
0.96484375,10,130.78979086875916
0.93671875,18,130.79477500915527
0.947265625,15,130.79868483543396
0.96484375,10,130.80122590065002
0.961328125,11,130.80408382415771
0.954296875,13,130.8072850704193
0.933203125,19,130.81228184700012
0.940234375,17,130.8166799545288
0.933203125,19,130.8215229511261
0.9578125,12,130.8248209953308
0.94375,16,130.8294427394867
0.96484375,10,130.83214592933655
0.96484375,10,130.83472990989685
0.954296875,13,130.83817982673645
-1,3,130.8391568660736
0.96484375,10,130.8419210910797
0.947265625,15,130.84594106674194
0.96484375,10,130.84861493110657
0.961328125,11,130.8514528274536
0.947265625,15,130.85530400276184
0.933203125,19,130.85980582237244
0.954296875,13,130.86342668533325
0.954296875,13,130.86685585975647
0.92265625,22,130.87252187728882
0.947265625,15,130.87648487091064
0.96484375,10,130.87917804718018
0.961328125,11,130.88210678100586
0.947265625,15,130.88603806495667
0.961328125,11,130.888995885849
0.96484375,10,130.8918218612671
-1,10,130.89471173286438
0.961328125,11,130.89755392074585
0.961328125,11,130.9004406929016
0.96484375,10,130.90287590026855
0.95078125,14,130.9066939353943
0.9578125,12,130.90992379188538
0.954296875,13,130.91354298591614
0.95078125,14,130.917160987854
0.961328125,11,130.92008709907532
0.961328125,11,130.9231617450714
0.954296875,13,130.9266858100891
0.961328125,11,130.92935299873352
0.947265625,15,130.93303871154785
0.96484375,10,130.93568801879883
0.961328125,11,130.93852496147156
0.947265625,15,130.9429566860199
0.954296875,13,130.94644403457642
0.926171875,21,130.95178604125977
0.96484375,10,130.95455169677734
0.95078125,14,130.95823168754578
0.954296875,13,130.96162796020508
0.95078125,14,130.96525192260742
0.961328125,11,130.96820092201233
0.96484375,10,130.97092485427856
0.9578125,12,130.97410488128662
0.961328125,11,130.9770679473877
0.95078125,14,130.98099088668823
0.9578125,12,130.98416090011597
0.933203125,19,130.98908185958862
0.961328125,11,130.99220395088196
0.961328125,11,130.995258808136
0.961328125,11,130.99835085868835
-1,1,130.99877500534058
0.954296875,13,131.00200295448303
0.933203125,19,131.00664710998535
0.947265625,15,131.01045989990234
0.95078125,14,131.0141158103943
0.954296875,13,131.01918578147888
0.9578125,12,131.02573990821838
0.961328125,11,131.03082394599915
0.96484375,10,131.03446674346924
0.9578125,12,131.03893780708313
0.95078125,14,131.0441689491272
-1,2,131.04605793952942
0.95078125,14,131.05181694030762
0.96484375,10,131.0554859638214
0.96484375,10,131.05981373786926
0.95078125,14,131.06466484069824
0.954296875,13,131.06906986236572
0.96484375,10,131.07299780845642
0.96484375,10,131.07685780525208
0.961328125,11,131.0821340084076
0.96484375,10,131.08525681495667
0.947265625,15,131.09066700935364
0.961328125,11,131.09466290473938
0.954296875,13,131.09899973869324
0.96484375,10,131.10194206237793
0.954296875,13,131.10639095306396
0.94375,16,131.112694978714
0.940234375,17,131.1173529624939
0.96484375,10,131.12081694602966
0.95078125,14,131.12480783462524
0.9578125,12,131.12854981422424
0.9578125,12,131.13232684135437
0.954296875,13,131.1359260082245
0.961328125,11,131.1387939453125
0.96484375,10,131.14159679412842
0.933203125,19,131.14701795578003
0.961328125,11,131.14974188804626
0.961328125,11,131.1524600982666
0.96484375,10,131.1551160812378
0.96484375,10,131.1576738357544
0.933203125,19,131.16284584999084
0.961328125,11,131.16602087020874
0.954296875,13,131.16948795318604
0.961328125,11,131.17251682281494
0.9578125,12,131.17603588104248
0.96484375,10,131.17840266227722
0.954296875,13,131.1816840171814
0.961328125,11,131.1846957206726
0.96484375,10,131.18701601028442
0.954296875,13,131.19042301177979
0.9578125,12,131.1934940814972
0.96484375,10,131.1963667869568
0.954296875,13,131.19993090629578
0.96484375,10,131.20265793800354
0.954296875,13,131.20593786239624
0.95078125,14,131.20955181121826
0.9578125,12,131.2125859260559
0.93671875,18,131.21762490272522
0.95078125,14,131.22144985198975
0.9578125,12,131.22480583190918
0.96484375,10,131.2275469303131
0.961328125,11,131.2304289340973
0.947265625,15,131.2342448234558
0.961328125,11,131.23730301856995
0.954296875,13,131.24051308631897
0.9578125,12,131.24599385261536
0.96484375,10,131.24850988388062
0.9578125,12,131.25143671035767
0.95078125,14,131.2548689842224
0.933203125,19,131.2603600025177
0.96484375,10,131.26311993598938
0.9015625,28,131.27065181732178
0.96484375,10,131.27334880828857
0.96484375,10,131.27587580680847
-1,2,131.27653098106384
0.9578125,12,131.27954483032227
0.96484375,10,131.28214979171753
0.947265625,15,131.28587293624878
0.95078125,14,131.28979897499084
0.96484375,10,131.29249477386475
0.96484375,10,131.29522895812988
0.9578125,12,131.29827308654785
0.96484375,10,131.3008439540863
0.961328125,11,131.30392384529114
0.961328125,11,131.3069670200348
-1,1,131.3075819015503
0.93671875,18,131.3126757144928
0.96484375,10,131.31551384925842
0.96484375,10,131.3182909488678
0.961328125,11,131.32109379768372
0.954296875,13,131.32452392578125
0.96484375,10,131.327073097229
0.961328125,11,131.32996487617493
0.9296875,20,131.33480381965637
0.9578125,12,131.3379089832306
0.9578125,12,131.34126687049866
0.947265625,15,131.345232963562
-1,1,131.34578680992126
0.93671875,18,131.35058689117432
0.93671875,18,131.35494875907898
0.961328125,11,131.35782670974731
0.947265625,15,131.36183667182922
0.919140625,23,131.3682029247284
0.9578125,12,131.37152695655823
0.96484375,10,131.37448382377625
-1,2,131.3754849433899
0.961328125,11,131.3782720565796
0.926171875,21,131.38388204574585
0.93671875,18,131.38906693458557
0.92265625,22,131.39506673812866
0.96484375,10,131.3977987766266
0.96484375,10,131.40034580230713
0.954296875,13,131.40357303619385
0.9578125,12,131.40663599967957
0.96484375,10,131.40939092636108
0.954296875,13,131.4127779006958
0.94375,16,131.41713094711304
-1,8,131.41949272155762
0.9015625,28,131.4269368648529
0.954296875,13,131.43074679374695
0.961328125,11,131.43384075164795
0.96484375,10,131.43654203414917
0.9578125,12,131.43991589546204
0.961328125,11,131.4429440498352
0.96484375,10,131.44535994529724
0.947265625,15,131.4492108821869
-1,16,131.45338582992554
0.954296875,13,131.45696783065796
0.93671875,18,131.4616618156433
0.96484375,10,131.46437668800354
0.94375,16,131.46840691566467
0.95078125,14,131.47221183776855
0.954296875,13,131.47575187683105
0.96484375,10,131.47895097732544
0.954296875,13,131.48250079154968
0.95078125,14,131.48611783981323
0.9578125,12,131.48925495147705
0.95078125,14,131.49312090873718
0.9578125,12,131.49647092819214
0.9578125,12,131.49983096122742
0.9578125,12,131.50311088562012
0.96484375,10,131.50567889213562
0.947265625,15,131.5093228816986
0.95078125,14,131.51296997070312
0.93671875,18,131.5185558795929
0.9578125,12,131.52256798744202
0.933203125,19,131.52941799163818
0.933203125,19,131.5360448360443
-1,13,131.54149389266968
0.947265625,15,131.54640984535217
0.96484375,10,131.5507378578186
0.9578125,12,131.55473375320435
0.96484375,10,131.55797672271729
0.947265625,15,131.56237483024597
0.940234375,17,131.56741285324097
-1,4,131.56905698776245
0.9578125,12,131.57279682159424
0.9578125,12,131.57831192016602
0.92265625,22,131.5884599685669
0.96484375,10,131.5919759273529
0.961328125,11,131.59719491004944
0.96484375,10,131.60121178627014
0.947265625,15,131.60839891433716
-1,1,131.60899686813354
0.961328125,11,131.61585688591003
0.95078125,14,131.6222279071808
0.96484375,10,131.62649178504944
0.96484375,10,131.6297788619995
0.961328125,11,131.63394379615784
0.93671875,18,131.63839268684387
0.9578125,12,131.64162468910217
0.96484375,10,131.64440488815308
0.92265625,22,131.65038180351257
0.961328125,11,131.65336775779724
0.96484375,10,131.65592694282532
0.947265625,15,131.65973687171936
0.95078125,14,131.66329884529114
0.961328125,11,131.66626000404358
0.961328125,11,131.66930484771729
0.9578125,12,131.67269086837769
0.9578125,12,131.675931930542
0.947265625,15,131.67985486984253
0.9578125,12,131.68296766281128
0.95078125,14,131.68646597862244
0.933203125,19,131.69194293022156
0.9578125,12,131.69532084465027
0.9578125,12,131.69873094558716
0.9578125,12,131.70198893547058
0.96484375,10,131.7046458721161
0.940234375,17,131.70950198173523
0.961328125,11,131.71250295639038
0.9578125,12,131.71590781211853
0.9296875,20,131.72082471847534
0.95078125,14,131.72481989860535
0.9578125,12,131.7281138896942
0.9578125,12,131.7314109802246
0.961328125,11,131.7344949245453
0.9578125,12,131.73781991004944
0.96484375,10,131.7404179573059
0.961328125,11,131.74345183372498
0.9578125,12,131.74676895141602
0.9578125,12,131.75017976760864
0.96484375,10,131.75277185440063
0.9578125,12,131.75590300559998
0.9578125,12,131.75941681861877
0.961328125,11,131.76237273216248
0.961328125,11,131.76532793045044
0.96484375,10,131.76806592941284
0.947265625,15,131.7721447944641
0.96484375,10,131.77495670318604
0.95078125,14,131.77875399589539
0.961328125,11,131.781840801239
0.961328125,11,131.78480577468872
0.947265625,15,131.78864574432373
0.96484375,10,131.79130697250366
0.96484375,10,131.79379892349243
0.961328125,11,131.79682207107544
0.96484375,10,131.79972410202026
0.9578125,12,131.80321311950684
0.94375,16,131.807523727417
0.947265625,15,131.8114140033722
0.961328125,11,131.81457471847534
0.96484375,10,131.81718492507935
0.93671875,18,131.8216688632965
-1,1,131.82224678993225
0.96484375,10,131.82519388198853
0.933203125,19,131.8297417163849
0.96484375,10,131.83224081993103
0.947265625,15,131.83668398857117
-1,1,131.83728694915771
0.9578125,12,131.84036684036255
0.940234375,17,131.84462594985962
0.9578125,12,131.84793281555176
0.933203125,19,131.85269498825073
0.96484375,10,131.85528707504272
0.95078125,14,131.85924792289734
0.954296875,13,131.86274886131287
0.947265625,15,131.86681604385376
0.95078125,14,131.87065982818604
0.961328125,11,131.87362790107727
0.947265625,15,131.8778817653656
0.9296875,20,131.88325881958008
0.947265625,15,131.8871738910675
0.96484375,10,131.88987803459167
0.9296875,20,131.8950698375702
0.954296875,13,131.89832592010498
0.93671875,18,131.90345191955566
-1,2,131.9041829109192
0.95078125,14,131.9082498550415
0.961328125,11,131.9113757610321
0.96484375,10,131.91416096687317
0.9578125,12,131.91752195358276
0.954296875,13,131.92105078697205
0.947265625,15,131.92487406730652
0.947265625,15,131.92886185646057
0.96484375,10,131.93163585662842
0.9578125,12,131.9348828792572
0.961328125,11,131.938001871109
0.96484375,10,131.9408929347992
0.95078125,14,131.94487977027893
0.96484375,10,131.9475598335266
0.947265625,15,131.95141577720642
0.961328125,11,131.95457005500793
0.954296875,13,131.95806884765625
0.9578125,12,131.96117877960205
0.954296875,13,131.96485996246338
0.94375,16,131.9690477848053
0.9578125,12,131.9721119403839
0.96484375,10,131.97473096847534
0.961328125,11,131.97771501541138
0.961328125,11,131.98079371452332
0.933203125,19,131.98649382591248
0.96484375,10,131.98936986923218
0.954296875,13,131.99283289909363
0.947265625,15,131.996515750885
0.96484375,10,131.9992859363556
0.96484375,10,132.00192880630493
0.961328125,11,132.00517392158508
0.9578125,12,132.00830483436584
0.961328125,11,132.01136779785156
0.94375,16,132.0160849094391
0.95078125,14,132.02094173431396
0.954296875,13,132.0257489681244
0.94375,16,132.03060102462769
0.9578125,12,132.03484082221985
0.96484375,10,132.03857588768005
0.94375,16,132.04386472702026
0.96484375,10,132.04770588874817
0.94375,16,132.05387377738953
0.954296875,13,132.05869388580322
0.9578125,12,132.06300806999207
0.954296875,13,132.068608045578
0.947265625,15,132.07418990135193
0.940234375,17,132.08156394958496
0.94375,16,132.08798599243164
0.933203125,19,132.0955867767334
0.961328125,11,132.0986249446869
0.94375,16,132.1028048992157
0.9296875,20,132.1101038455963
0.961328125,11,132.11636090278625
0.96484375,10,132.12032675743103
0.96484375,10,132.1249930858612
0.96484375,10,132.1285388469696
0.96484375,10,132.13296794891357
0.96484375,10,132.13596391677856
0.9578125,12,132.13928699493408
-1,15,132.1432340145111
0.96484375,10,132.14598608016968
0.95078125,14,132.14980578422546
0.9578125,12,132.15309381484985
0.9578125,12,132.15635991096497
0.96484375,10,132.1588957309723
0.919140625,23,132.16473698616028
0.96484375,10,132.16741490364075
0.961328125,11,132.1704068183899
0.9578125,12,132.17366981506348
0.96484375,10,132.17632699012756
0.96484375,10,132.1789629459381
0.954296875,13,132.18271684646606
0.9578125,12,132.1858150959015
0.915625,24,132.1920666694641
0.96484375,10,132.1948049068451
0.954296875,13,132.1982569694519
0.9296875,20,132.20329594612122
0.96484375,10,132.2061219215393
-1,2,132.2070038318634
0.954296875,13,132.2105929851532
0.947265625,15,132.214439868927
0.96484375,10,132.21748995780945
0.94375,16,132.22176575660706
0.9578125,12,132.22496795654297
0.96484375,10,132.22773098945618
0.933203125,19,132.23267674446106
0.9578125,12,132.23579907417297
0.961328125,11,132.23865604400635
0.96484375,10,132.24172592163086
0.95078125,14,132.24560689926147
0.94375,16,132.2495880126953
0.96484375,10,132.2522850036621
0.954296875,13,132.25595688819885
0.9578125,12,132.25920987129211
0.940234375,17,132.26340675354004
0.96484375,10,132.26629304885864
0.947265625,15,132.27044987678528
0.96484375,10,132.2731409072876
0.9578125,12,132.27632999420166
0.96484375,10,132.27945709228516
0.947265625,15,132.28338193893433
0.94375,16,132.28770685195923
0.961328125,11,132.29070591926575
0.95078125,14,132.29421186447144
0.96484375,10,132.29695391654968
0.9578125,12,132.30007982254028
0.94375,16,132.30439400672913
0.961328125,11,132.30758786201477
0.933203125,19,132.3125147819519
0.96484375,10,132.31519985198975
0.96484375,10,132.31787967681885
0.9578125,12,132.32128882408142
0.954296875,13,132.32482385635376
0.96484375,10,132.32734394073486
0.947265625,15,132.33154678344727
0.954296875,13,132.334881067276
0.95078125,14,132.33864188194275
0.94375,16,132.34317588806152
0.947265625,15,132.34703373908997
0.961328125,11,132.3501467704773
0.96484375,10,132.35289812088013
0.954296875,13,132.3563210964203
0.94375,16,132.36077904701233
0.96484375,10,132.36355304718018
0.961328125,11,132.36640787124634
0.947265625,15,132.37017703056335
0.96484375,10,132.37302684783936
0.954296875,13,132.37676692008972
0.961328125,11,132.3796808719635
-1,1,132.3802478313446
0.9578125,12,132.38358187675476
0.9578125,12,132.3868269920349
0.954296875,13,132.39019393920898
0.95078125,14,132.39525294303894
0.96484375,10,132.3986737728119
0.961328125,11,132.4025149345398
-1,13,132.4073588848114
0.9578125,12,132.41173386573792
0.954296875,13,132.41544890403748
0.95078125,14,132.42086505889893
0.947265625,15,132.4259479045868
0.933203125,19,132.43273401260376
0.961328125,11,132.4367778301239
0.95078125,14,132.44275879859924
0.954296875,13,132.44724082946777
0.96484375,10,132.4506959915161
0.96484375,10,132.4560079574585
0.96484375,10,132.45883703231812
0.96484375,10,132.4621148109436
0.947265625,15,132.4661829471588
0.9578125,12,132.46943187713623
0.947265625,15,132.47655391693115
0.9578125,12,132.48092699050903
0.96484375,10,132.484778881073
0.954296875,13,132.49082493782043
0.961328125,11,132.4955859184265
0.954296875,13,132.50095677375793
0.93671875,18,132.50797581672668
0.96484375,10,132.51070475578308
0.96484375,10,132.51349186897278
0.96484375,10,132.51634693145752
0.9578125,12,132.51964592933655
0.96484375,10,132.52239108085632
0.96484375,10,132.52523970603943
0.95078125,14,132.52915287017822
0.96484375,10,132.53172993659973
0.961328125,11,132.53462195396423
0.940234375,17,132.53916192054749
0.94375,16,132.54329705238342
0.940234375,17,132.54809188842773
0.95078125,14,132.55195808410645
0.954296875,13,132.55534172058105
0.947265625,15,132.55971574783325
0.95078125,14,132.56334495544434
0.961328125,11,132.56626296043396
0.90859375,26,132.5736267566681
0.94375,16,132.57789587974548
0.96484375,10,132.58080792427063
0.92265625,22,132.58631706237793
0.96484375,10,132.58902406692505
0.947265625,15,132.59311699867249
0.96484375,10,132.59582686424255
0.947265625,15,132.5997669696808
0.94375,16,132.6039810180664
0.95078125,14,132.60801100730896
0.954296875,13,132.6115016937256
0.96484375,10,132.61402487754822
0.96484375,10,132.61662483215332
0.9578125,12,132.61985087394714
0.9578125,12,132.6231348514557
0.96484375,10,132.62589478492737
0.947265625,15,132.62994194030762
0.954296875,13,132.63352608680725
0.96484375,10,132.63621187210083
0.947265625,15,132.64040184020996
0.954296875,13,132.6445438861847
0.9578125,12,132.64780282974243
0.94375,16,132.65230178833008
0.96484375,10,132.65507292747498
0.96484375,10,132.6576807498932
0.947265625,15,132.66154885292053
0.95078125,14,132.665522813797
0.9578125,12,132.66889095306396
0.915625,24,132.67523884773254
0.933203125,19,132.6803698539734
0.9578125,12,132.68371200561523
0.961328125,11,132.68655109405518
0.954296875,13,132.69009280204773
0.95078125,14,132.69408988952637
0.9578125,12,132.6971950531006
0.96484375,10,132.69973492622375
0.947265625,15,132.7035620212555
0.95078125,14,132.70755672454834
0.9578125,12,132.71064591407776
0.94375,16,132.71504473686218
0.947265625,15,132.71934580802917
0.961328125,11,132.72229671478271
0.95078125,14,132.72662687301636
0.947265625,15,132.73055577278137
0.947265625,15,132.73446679115295
-1,8,132.73678588867188
0.94375,16,132.74087977409363
0.96484375,10,132.74358296394348
0.961328125,11,132.74654006958008
0.9296875,20,132.75168991088867
0.9578125,12,132.75516486167908
0.96484375,10,132.75786972045898
0.947265625,15,132.7621078491211
0.96484375,10,132.76479268074036
0.94375,16,132.76906490325928
0.947265625,15,132.77341079711914
0.940234375,17,132.77806782722473
0.954296875,13,132.78163290023804
0.95078125,14,132.78522968292236
0.961328125,11,132.788067817688
0.947265625,15,132.79202485084534
-1,13,132.79546976089478
0.961328125,11,132.79817700386047
0.947265625,15,132.80201196670532
0.96484375,10,132.8046851158142
0.9578125,12,132.80781888961792
0.961328125,11,132.81075978279114
0.940234375,17,132.81538105010986
0.947265625,15,132.81947684288025
0.9578125,12,132.82275104522705
0.95078125,14,132.82669377326965
0.92265625,22,132.832674741745
0.9578125,12,132.83614897727966
0.954296875,13,132.8397786617279
0.96484375,10,132.84251976013184
0.96484375,10,132.8450927734375
0.96484375,10,132.8477177619934
0.954296875,13,132.8512167930603
0.96484375,10,132.85387182235718
0.961328125,11,132.85716772079468
0.961328125,11,132.8599817752838
0.96484375,10,132.86263489723206
0.883984375,33,132.87083792686462
0.96484375,10,132.8737678527832
0.954296875,13,132.87728476524353
0.954296875,13,132.88079166412354
0.940234375,17,132.8851718902588
0.947265625,15,132.88903093338013
-1,1,132.8896188735962
0.96484375,10,132.8922939300537
0.947265625,15,132.89623880386353
0.961328125,11,132.89939403533936
0.96484375,10,132.90234398841858
0.961328125,11,132.90563893318176
0.96484375,10,132.90835785865784
0.926171875,21,132.91397500038147
0.96484375,10,132.91666674613953
0.94375,16,132.92089176177979
-1,14,132.92490983009338
0.95078125,14,132.9284107685089
0.947265625,15,132.9321768283844
0.947265625,15,132.93638491630554
0.95078125,14,132.9403269290924
0.94375,16,132.94464588165283
0.954296875,13,132.94813680648804
0.95078125,14,132.95162081718445
0.96484375,10,132.95434093475342
0.9578125,12,132.95791697502136
0.919140625,23,132.9636628627777
0.93671875,18,132.96828174591064
0.961328125,11,132.97132086753845
0.954296875,13,132.97507190704346
0.933203125,19,132.98034381866455
0.95078125,14,132.98419880867004
0.9578125,12,132.98737001419067
0.912109375,25,132.99396395683289
0.940234375,17,132.99882173538208
0.9296875,20,133.00372791290283
0.95078125,14,133.00757670402527
0.96484375,10,133.01034379005432
0.96484375,10,133.0131437778473
0.96484375,10,133.01575183868408
0.95078125,14,133.0195028781891
0.915625,24,133.02659583091736
0.9296875,20,133.0316219329834
0.92265625,22,133.03697085380554
0.954296875,13,133.0405330657959
0.933203125,19,133.04583597183228
0.95078125,14,133.0500009059906
0.954296875,13,133.05344986915588
0.940234375,17,133.05797386169434
0.96484375,10,133.06135892868042
0.961328125,11,133.0642900466919
0.95078125,14,133.06795072555542
0.96484375,10,133.07059288024902
0.96484375,10,133.07362484931946
0.9578125,12,133.0770230293274
0.947265625,15,133.08087992668152
0.947265625,15,133.0851378440857
0.961328125,11,133.0882477760315
0.9578125,12,133.091814994812
0.95078125,14,133.09541773796082
0.96484375,10,133.09819889068604
0.9578125,12,133.10164308547974
0.954296875,13,133.10516500473022
0.954296875,13,133.1086769104004
0.96484375,10,133.11232376098633
0.9578125,12,133.11541986465454
0.95078125,14,133.119313955307
0.96484375,10,133.1218798160553
0.9578125,12,133.12503385543823
0.96484375,10,133.12757873535156
0.95078125,14,133.1309838294983
0.96484375,10,133.13379883766174
0.947265625,15,133.13798093795776
0.96484375,10,133.1406648159027
0.926171875,21,133.14624881744385
0.96484375,10,133.1491448879242
0.954296875,13,133.15255284309387
0.940234375,17,133.15698981285095
0.947265625,15,133.16113901138306
0.9578125,12,133.16451692581177
0.95078125,14,133.16836977005005
0.96484375,10,133.1711287498474
-1,9,133.1741807460785
0.96484375,10,133.17719292640686
0.961328125,11,133.18028807640076
0.9578125,12,133.18365383148193
0.947265625,15,133.1877088546753
0.961328125,11,133.1909739971161
0.96484375,10,133.19388580322266
0.96484375,10,133.19671487808228
0.9578125,12,133.2001919746399
0.947265625,15,133.20393586158752
0.93671875,18,133.2092788219452
0.940234375,17,133.21416091918945
0.96484375,10,133.21672081947327
0.915625,24,133.22454500198364
0.96484375,10,133.22723484039307
0.94375,16,133.23107194900513
-1,1,133.23165893554688
0.96484375,10,133.23435592651367
0.9578125,12,133.23760795593262
0.961328125,11,133.24081087112427
0.96484375,10,133.24366998672485
0.94375,16,133.2477467060089
0.94375,16,133.25219202041626
0.9578125,12,133.25542187690735
0.961328125,11,133.25871109962463
0.96484375,10,133.26147389411926
0.9578125,12,133.2647669315338
0.954296875,13,133.26795601844788
0.96484375,10,133.27046179771423
0.961328125,11,133.27364897727966
0.940234375,17,133.27831292152405
0.961328125,11,133.28140807151794
0.96484375,10,133.2843337059021
0.9578125,12,133.28775691986084
0.947265625,15,133.29178190231323
0.961328125,11,133.29460501670837
0.919140625,23,133.30080890655518
0.95078125,14,133.30484104156494
0.940234375,17,133.30927109718323
0.961328125,11,133.31243085861206
0.9578125,12,133.31559777259827
0.96484375,10,133.31818985939026
0.95078125,14,133.32217502593994
0.95078125,14,133.32611989974976
0.95078125,14,133.32994484901428
0.93671875,18,133.33457779884338
0.96484375,10,133.33729791641235
0.94375,16,133.34136080741882
-1,7,133.3434660434723
0.961328125,11,133.34680199623108
0.96484375,10,133.3498067855835
0.961328125,11,133.3529019355774
0.926171875,21,133.35897397994995
0.954296875,13,133.36243796348572
0.95078125,14,133.36608266830444
0.95078125,14,133.3696038722992
0.96484375,10,133.37237191200256
0.961328125,11,133.3752429485321
0.94375,16,133.37963891029358
0.96484375,10,133.38242387771606
0.933203125,19,133.388249874115
0.9578125,12,133.39162492752075
0.940234375,17,133.39616894721985
0.954296875,13,133.40018796920776
0.9578125,12,133.4034719467163
0.93671875,18,133.41049790382385
0.96484375,10,133.413183927536
0.961328125,11,133.4160099029541
0.95078125,14,133.41963171958923
0.9578125,12,133.42272996902466
0.96484375,10,133.42550086975098
0.9578125,12,133.4285089969635
0.96484375,10,133.43120694160461
0.947265625,15,133.43562984466553
0.961328125,11,133.438560962677
0.9578125,12,133.44192385673523
0.961328125,11,133.44481086730957
0.954296875,13,133.44865679740906
0.9578125,12,133.45188188552856
0.9578125,12,133.45510601997375
0.96484375,10,133.45792889595032
0.954296875,13,133.46149492263794
0.96484375,10,133.4640188217163
0.9578125,12,133.4671061038971
0.96484375,10,133.4699490070343
0.96484375,10,133.4727749824524
0.940234375,17,133.47735786437988
0.95078125,14,133.48132586479187
0.96484375,10,133.48456597328186
0.9578125,12,133.48790788650513
0.96484375,10,133.49068784713745
0.947265625,15,133.49530911445618
0.9578125,12,133.49894094467163
0.9578125,12,133.50217390060425
-1,1,133.50258374214172
-1,2,133.50336480140686
0.9296875,20,133.50857090950012
0.912109375,25,133.51480770111084
0.947265625,15,133.51877689361572
0.961328125,11,133.52185487747192
0.94375,16,133.52593278884888
0.940234375,17,133.53059577941895
0.96484375,10,133.53340601921082
0.95078125,14,133.5373558998108
0.9578125,12,133.5405309200287
0.961328125,11,133.5434238910675
0.961328125,11,133.54639101028442
0.96484375,10,133.54936385154724
0.96484375,10,133.55223870277405
0.96484375,10,133.55485272407532
0.96484375,10,133.55770897865295
0.95078125,14,133.56137871742249
0.9578125,12,133.56474089622498
0.961328125,11,133.5676727294922
0.9578125,12,133.57090306282043
0.95078125,14,133.57480192184448
0.961328125,11,133.57790184020996
0.95078125,14,133.58197569847107
0.9578125,12,133.58527278900146
0.9578125,12,133.58828377723694
0.95078125,14,133.5919008255005
-1,6,133.593740940094
0.96484375,10,133.5962839126587
0.92265625,22,133.6036159992218
0.95078125,14,133.60778498649597
0.947265625,15,133.61193871498108
0.961328125,11,133.61479783058167
0.96484375,10,133.6178240776062
0.9578125,12,133.62101292610168
0.94375,16,133.62607097625732
0.954296875,13,133.62961888313293
0.95078125,14,133.63396096229553
0.96484375,10,133.63662004470825
0.947265625,15,133.64059972763062
0.940234375,17,133.64511895179749
0.94375,16,133.64961886405945
0.940234375,17,133.6537721157074
0.95078125,14,133.65719890594482
0.961328125,11,133.66030287742615
0.919140625,23,133.6659300327301
0.947265625,15,133.67012691497803
0.933203125,19,133.67501592636108
0.96484375,10,133.67758893966675
0.954296875,13,133.68119502067566
0.947265625,15,133.68529200553894
-1,4,133.6869978904724
0.9578125,12,133.69036388397217
0.961328125,11,133.69352889060974
0.9578125,12,133.6966950893402
0.954296875,13,133.70041584968567
0.961328125,11,133.70342993736267
0.954296875,13,133.70742988586426
0.947265625,15,133.71162295341492
0.96484375,10,133.71424007415771
0.905078125,27,133.72119283676147
-1,4,133.722806930542
0.9578125,12,133.72625207901
0.961328125,11,133.72914576530457
0.9578125,12,133.7321527004242
0.961328125,11,133.7350709438324
0.940234375,17,133.73962807655334
0.905078125,27,133.7474377155304
0.96484375,10,133.75007104873657
0.961328125,11,133.75316882133484
0.94375,16,133.75747680664062
0.947265625,15,133.7614347934723
0.961328125,11,133.7645947933197
0.95078125,14,133.76819467544556
0.954296875,13,133.77154898643494
0.96484375,10,133.77429509162903
0.947265625,15,133.77867889404297
0.947265625,15,133.78267693519592
0.96484375,10,133.78521871566772
0.93671875,18,133.78988790512085
0.961328125,11,133.7929790019989
0.926171875,21,133.7986249923706
0.9578125,12,133.80236792564392
0.947265625,15,133.80651092529297
0.961328125,11,133.8096969127655
0.947265625,15,133.81413578987122
0.961328125,11,133.8170680999756
0.95078125,14,133.82102298736572
0.954296875,13,133.82442593574524
0.947265625,15,133.82849192619324
0.9578125,12,133.832035779953
0.95078125,14,133.83570885658264
0.94375,16,133.83998084068298
0.94375,16,133.84433794021606
0.96484375,10,133.8468611240387
0.95078125,14,133.85071802139282
0.961328125,11,133.85412096977234
0.9578125,12,133.85730981826782
0.9578125,12,133.86048793792725
0.9578125,12,133.863844871521
0.961328125,11,133.86698985099792
0.93671875,18,133.87160301208496
0.961328125,11,133.8747398853302
0.961328125,11,133.87787175178528
0.94375,16,133.88217401504517
0.961328125,11,133.88519191741943
0.9578125,12,133.8887779712677
0.96484375,10,133.8915557861328
0.96484375,10,133.8943166732788
0.961328125,11,133.89721298217773
0.961328125,11,133.90027976036072
0.96484375,10,133.90301394462585
0.961328125,11,133.90771985054016
0.96484375,10,133.91226601600647
0.93671875,18,133.91773390769958
0.961328125,11,133.9207570552826
0.96484375,10,133.9241919517517
0.961328125,11,133.9272439479828
0.96484375,10,133.92992997169495
0.954296875,13,133.93365788459778
0.96484375,10,133.93624877929688
0.954296875,13,133.94042491912842
0.954296875,13,133.94594478607178
0.93671875,18,133.95269989967346
0.96484375,10,133.9570028781891
0.961328125,11,133.9606819152832
0.947265625,15,133.96800994873047
-1,6,133.97093892097473
0.954296875,13,133.97603392601013
0.961328125,11,133.98061990737915
0.961328125,11,133.98490810394287
0.96484375,10,133.9895658493042
-1,3,133.99096608161926
0.96484375,10,133.995365858078
0.961328125,11,133.9994637966156
0.961328125,11,134.00406408309937
0.9578125,12,134.0076858997345
0.9578125,12,134.010901927948
0.9578125,12,134.01402688026428
0.961328125,11,134.0190269947052
0.96484375,10,134.0226707458496
0.92265625,22,134.03141283988953
0.961328125,11,134.03515601158142
0.96484375,10,134.03952383995056
0.961328125,11,134.04379892349243
0.954296875,13,134.04913997650146
-1,8,134.05229997634888
0.95078125,14,134.05697798728943
0.93671875,18,134.0630316734314
0.9296875,20,134.07169795036316
-1,3,134.07320189476013
0.954296875,13,134.07773685455322
0.96484375,10,134.08189487457275
0.95078125,14,134.0858917236328
0.96484375,10,134.08930206298828
0.96484375,10,134.0925178527832
0.96484375,10,134.09532499313354
0.96484375,10,134.09907984733582
0.95078125,14,134.10495495796204
0.954296875,13,134.1099967956543
0.954296875,13,134.1136257648468
0.954296875,13,134.11705589294434
0.954296875,13,134.12081003189087
0.96484375,10,134.12336683273315
0.9578125,12,134.1264340877533
0.96484375,10,134.12945103645325
0.961328125,11,134.1337857246399
-1,10,134.13686180114746
0.96484375,10,134.13948392868042
0.96484375,10,134.142324924469
0.961328125,11,134.14518404006958
0.96484375,10,134.14790606498718
0.9578125,12,134.15094780921936
0.954296875,13,134.15420174598694
0.96484375,10,134.1569447517395
0.961328125,11,134.15995383262634
0.954296875,13,134.16317486763
0.9578125,12,134.16686177253723
0.947265625,15,134.17067289352417
0.96484375,10,134.1735498905182
0.947265625,15,134.17720699310303
0.954296875,13,134.18076395988464
0.96484375,10,134.18357586860657
0.95078125,14,134.18749499320984
0.96484375,10,134.19021797180176
0.961328125,11,134.1932499408722
0.95078125,14,134.197411775589
0.961328125,11,134.20059180259705
0.96484375,10,134.20340490341187
0.9578125,12,134.20688271522522
-1,1,134.20734691619873
0.94375,16,134.21167182922363
0.96484375,10,134.21416783332825
0.954296875,13,134.21774005889893
0.96484375,10,134.22050309181213
0.96484375,10,134.22315192222595
0.947265625,15,134.22788786888123
0.919140625,23,134.2337028980255
0.96484375,10,134.23647284507751
0.95078125,14,134.24046683311462
0.9578125,12,134.24370193481445
0.947265625,15,134.2477958202362
0.961328125,11,134.2507860660553
0.9578125,12,134.2537579536438
0.961328125,11,134.2566967010498
0.95078125,14,134.26043701171875
0.9578125,12,134.26362586021423
0.93671875,18,134.27038168907166
0.9296875,20,134.27915978431702
0.95078125,14,134.28460478782654
0.9578125,12,134.28966784477234
0.954296875,13,134.2958710193634
0.93671875,18,134.30273294448853
0.96484375,10,134.30699491500854
0.96484375,10,134.31097984313965
0.940234375,17,134.3172800540924
0.961328125,11,134.322655916214
0.947265625,15,134.32896208763123
0.961328125,11,134.33423900604248
0.96484375,10,134.33707976341248
0.95078125,14,134.34089875221252
0.96484375,10,134.3434498310089
0.94375,16,134.34874987602234
0.96484375,10,134.35277390480042
-1,1,134.35349583625793
0.9578125,12,134.35927295684814
0.9578125,12,134.36376404762268
0.9578125,12,134.36927700042725
0.96484375,10,134.37329483032227
0.954296875,13,134.37827467918396
-1,1,134.37917685508728
0.947265625,15,134.3843138217926
0.947265625,15,134.38825869560242
0.961328125,11,134.3914680480957
0.933203125,19,134.39651775360107
0.933203125,19,134.40156888961792
0.95078125,14,134.40519499778748
0.94375,16,134.4093587398529
0.961328125,11,134.41216588020325
-1,6,134.41402912139893
0.96484375,10,134.41656708717346
0.9578125,12,134.41970586776733
0.933203125,19,134.42449283599854
-1,11,134.42738103866577
0.954296875,13,134.4306230545044
0.96484375,10,134.43326687812805
0.96484375,10,134.43608283996582
0.940234375,17,134.44140696525574
0.96484375,10,134.44434309005737
0.95078125,14,134.44891595840454
0.96484375,10,134.45154690742493
-1,1,134.4520981311798
0.961328125,11,134.45484685897827
0.96484375,10,134.4576587677002
0.96484375,10,134.46038508415222
0.92265625,22,134.46649885177612
0.96484375,10,134.46919298171997
-1,3,134.47029876708984
0.940234375,17,134.4748339653015
0.94375,16,134.47903680801392
-1,2,134.47983598709106
-1,1,134.48039603233337
-1,3,134.4817168712616
0.947265625,15,134.4857337474823
0.96484375,10,134.4887249469757
0.940234375,17,134.49381685256958
0.96484375,10,134.49645495414734
0.96484375,10,134.49911403656006
0.96484375,10,134.5018219947815
0.954296875,13,134.50513577461243
0.96484375,10,134.5076768398285
0.947265625,15,134.51207494735718
0.954296875,13,134.51551795005798
0.926171875,21,134.52113389968872
0.961328125,11,134.52439880371094
0.947265625,15,134.52839183807373
0.915625,24,134.53490900993347
0.961328125,11,134.53861093521118
-1,14,134.54325079917908
0.954296875,13,134.54689192771912
0.9578125,12,134.55014300346375
0.94375,16,134.5543429851532
0.95078125,14,134.5585389137268
0.947265625,15,134.56282687187195
0.9578125,12,134.56621599197388
0.93671875,18,134.57085990905762
0.94375,16,134.57513189315796
0.947265625,15,134.57927775382996
0.94375,16,134.58358097076416
0.961328125,11,134.58654379844666
0.954296875,13,134.59015703201294
0.9578125,12,134.59368586540222
0.96484375,10,134.596599817276
0.96484375,10,134.5992329120636
0.95078125,14,134.60336899757385
0.954296875,13,134.60674571990967
0.954296875,13,134.6103160381317
0.961328125,11,134.6132209300995
0.96484375,10,134.61596179008484
0.961328125,11,134.61913800239563
0.95078125,14,134.62304282188416
0.95078125,14,134.62679982185364
0.961328125,11,134.62976694107056
0.93671875,18,134.63431978225708
0.93671875,18,134.63898968696594
0.954296875,13,134.6425096988678
0.947265625,15,134.64633178710938
0.954296875,13,134.64972186088562
0.96484375,10,134.65465807914734
0.96484375,10,134.65889382362366
0.9578125,12,134.66304993629456
0.93671875,18,134.6710388660431
0.961328125,11,134.6750509738922
0.94375,16,134.68345379829407
0.9578125,12,134.6887288093567
0.947265625,15,134.6954128742218
0.954296875,13,134.70105075836182
0.96484375,10,134.70583081245422
0.9578125,12,134.70938968658447
-1,18,134.7141089439392
0.961328125,11,134.71714186668396
0.9578125,12,134.72175884246826
0.961328125,11,134.72664093971252
0.961328125,11,134.73125386238098
0.915625,24,134.74102687835693
0.9578125,12,134.7456398010254
0.9578125,12,134.7506139278412
0.940234375,17,134.75757694244385
0.961328125,11,134.76240277290344
0.96484375,10,134.76680970191956
0.92265625,22,134.77579808235168
0.96484375,10,134.77943873405457
0.95078125,14,134.7853000164032
0.9578125,12,134.79010796546936
0.9578125,12,134.79487109184265
0.961328125,11,134.79899907112122
0.96484375,10,134.80334186553955
0.9578125,12,134.80818367004395
0.96484375,10,134.81233382225037
0.96484375,10,134.8157708644867
0.961328125,11,134.81938886642456
0.961328125,11,134.82394695281982
0.9578125,12,134.8289830684662
-1,1,134.82980465888977
0.96484375,10,134.834077835083
0.96484375,10,134.8384530544281
0.961328125,11,134.84260082244873
0.940234375,17,134.85018491744995
0.96484375,10,134.85392999649048
-1,8,134.85634207725525
0.96484375,10,134.85901284217834
0.954296875,13,134.86266803741455
0.92265625,22,134.86830496788025
0.940234375,17,134.875981092453
0.961328125,11,134.8790910243988
0.96484375,10,134.8836009502411
0.96484375,10,134.88662791252136
0.947265625,15,134.89226603507996
0.94375,16,134.8976287841797
0.95078125,14,134.9028618335724
0.9578125,12,134.9071078300476
0.96484375,10,134.91051697731018
0.94375,16,134.91642498970032
0.95078125,14,134.92144989967346
0.940234375,17,134.92861080169678
0.947265625,15,134.93403482437134
0.954296875,13,134.93831872940063
0.9578125,12,134.94232392311096
0.9578125,12,134.9461109638214
-1,1,134.9468479156494
0.947265625,15,134.9517467021942
0.947265625,15,134.95622181892395
0.954296875,13,134.96334385871887
0.96484375,10,134.96670269966125
0.954296875,13,134.97082591056824
0.954296875,13,134.97663474082947
0.940234375,17,134.98127484321594
0.95078125,14,134.98741579055786
0.954296875,13,134.9913227558136
-1,2,134.99207401275635
0.954296875,13,134.99661588668823
0.9578125,12,135.00075602531433
0.96484375,10,135.0043168067932
0.96484375,10,135.00796794891357
0.96484375,10,135.0110318660736
0.96484375,10,135.01377296447754
0.9578125,12,135.01757788658142
0.961328125,11,135.02180099487305
0.961328125,11,135.0252628326416
0.954296875,13,135.0300350189209
0.961328125,11,135.03327178955078
0.961328125,11,135.0365607738495
0.961328125,11,135.04075694084167
0.96484375,10,135.04427790641785
0.96484375,10,135.0471067428589
0.9578125,12,135.05071687698364
0.954296875,13,135.0545449256897
0.90859375,26,135.06341981887817
0.96484375,10,135.06724572181702
0.954296875,13,135.07173895835876
0.961328125,11,135.0754518508911
0.954296875,13,135.08051204681396
0.954296875,13,135.08549571037292
0.96484375,10,135.08818101882935
0.947265625,15,135.09346294403076
0.9296875,20,135.09917187690735
0.954296875,13,135.10330390930176
0.961328125,11,135.10682702064514
0.9296875,20,135.11518788337708
0.961328125,11,135.1183717250824
0.95078125,14,135.12313079833984
0.95078125,14,135.12811589241028
0.905078125,27,135.13631105422974
0.954296875,13,135.1399528980255
0.96484375,10,135.14288783073425
0.940234375,17,135.14766478538513
0.96484375,10,135.1505389213562
0.96484375,10,135.15310788154602
0.9578125,12,135.15634298324585
0.96484375,10,135.1591067314148
0.96484375,10,135.16171073913574
0.961328125,11,135.1647388935089
0.95078125,14,135.16880989074707
0.95078125,14,135.173241853714
0.954296875,13,135.1767008304596
0.9296875,20,135.18203687667847
0.96484375,10,135.18474793434143
0.96484375,10,135.18734002113342
0.9578125,12,135.19080591201782
0.96484375,10,135.1934778690338
0.961328125,11,135.19641494750977
0.93671875,18,135.20187091827393
0.96484375,10,135.20481896400452
0.961328125,11,135.2078788280487
0.954296875,13,135.2116858959198
0.961328125,11,135.2146508693695
0.926171875,21,135.22016096115112
0.954296875,13,135.2236099243164
0.954296875,13,135.22713088989258
0.96484375,10,135.22980880737305
0.954296875,13,135.23315691947937
0.961328125,11,135.23607993125916
0.9578125,12,135.23937487602234
0.9578125,12,135.24270701408386
0.95078125,14,135.24654483795166
0.95078125,14,135.251149892807
0.9578125,12,135.25440573692322
0.9578125,12,135.25780773162842
0.96484375,10,135.2606337070465
0.954296875,13,135.26400208473206
0.961328125,11,135.2667510509491
0.96484375,10,135.26949667930603
0.954296875,13,135.2731158733368
0.954296875,13,135.27647995948792
0.95078125,14,135.2800829410553
0.93671875,18,135.2850968837738
0.926171875,21,135.29046201705933
0.961328125,11,135.29360389709473
0.933203125,19,135.29856991767883
0.96484375,10,135.30129480361938
0.9578125,12,135.30452680587769
0.961328125,11,135.30777287483215
0.9578125,12,135.31116795539856
0.954296875,13,135.31461572647095
0.95078125,14,135.31847286224365
0.9578125,12,135.32176280021667
0.954296875,13,135.32522296905518
0.954296875,13,135.32872605323792
0.95078125,14,135.33266878128052
0.95078125,14,135.33646988868713
0.9578125,12,135.33963084220886
0.9578125,12,135.342768907547
0.9578125,12,135.34598779678345
0.9578125,12,135.34926009178162
0.96484375,10,135.35174989700317
0.947265625,15,135.3558840751648
0.96484375,10,135.35892581939697
-1,1,135.35952472686768
-1,1,135.35995984077454
0.9296875,20,135.36492896080017
0.95078125,14,135.36830687522888
0.96484375,10,135.3710310459137
0.9578125,12,135.3746039867401
0.954296875,13,135.37807893753052
0.94375,16,135.3823606967926
0.9578125,12,135.38561487197876
-1,1,135.38612508773804
0.940234375,17,135.39107394218445
0.9578125,12,135.3942427635193
0.9578125,12,135.39763569831848
0.954296875,13,135.40115690231323
0.954296875,13,135.40456700325012
0.96484375,10,135.40734577178955
0.94375,16,135.41164088249207
0.95078125,14,135.41551184654236
0.961328125,11,135.41833090782166
0.95078125,14,135.4221179485321
0.961328125,11,135.42510271072388
0.9578125,12,135.4282569885254
0.96484375,10,135.43090105056763
0.9578125,12,135.43402886390686
0.947265625,15,135.4378068447113
-1,10,135.44064903259277
0.926171875,21,135.4457688331604
0.96484375,10,135.4485378265381
0.94375,16,135.4525818824768
-1,1,135.45320773124695
0.94375,16,135.45740795135498
0.961328125,11,135.46040773391724
0.96484375,10,135.46300292015076
0.94375,16,135.4671607017517
0.961328125,11,135.47012782096863
0.95078125,14,135.47432494163513
0.94375,16,135.47884392738342
0.95078125,14,135.48249292373657
-1,11,135.48594188690186
0.96484375,10,135.4889941215515
0.96484375,10,135.4915919303894
0.9578125,12,135.49461793899536
0.961328125,11,135.49766397476196
0.96484375,10,135.5004780292511
0.954296875,13,135.5051999092102
0.96484375,10,135.5082130432129
0.9578125,12,135.51293396949768
0.961328125,11,135.51620292663574
0.96484375,10,135.5195028781891
0.947265625,15,135.52629494667053
0.954296875,13,135.53105211257935
0.947265625,15,135.54058599472046
0.96484375,10,135.54548692703247
0.9578125,12,135.55086994171143
0.954296875,13,135.55559706687927
0.954296875,13,135.55929493904114
0.947265625,15,135.56378483772278
0.96484375,10,135.5665409564972
0.9578125,12,135.57000875473022
0.961328125,11,135.57421493530273
0.96484375,10,135.57815599441528
0.96484375,10,135.58290886878967
0.9578125,12,135.5888319015503
0.954296875,13,135.593514919281
0.9578125,12,135.59869480133057
0.961328125,11,135.60541796684265
0.954296875,13,135.61002397537231
0.891015625,31,135.62370586395264
0.93671875,18,135.6322638988495
0.954296875,13,135.6364459991455
0.961328125,11,135.639301776886
0.954296875,13,135.64275407791138
0.940234375,17,135.647225856781
0.95078125,14,135.65105199813843
0.93671875,18,135.65582990646362
-1,7,135.65800976753235
0.954296875,13,135.66145205497742
0.954296875,13,135.66508793830872
0.9578125,12,135.66850090026855
0.96484375,10,135.670982837677
0.933203125,19,135.6757779121399
0.9578125,12,135.67909789085388
-1,1,135.6796669960022
0.96484375,10,135.68222904205322
0.96484375,10,135.68482208251953
0.961328125,11,135.68773889541626
0.95078125,14,135.69178175926208
0.9578125,12,135.69499492645264
0.96484375,10,135.6978349685669
0.95078125,14,135.70136880874634
0.96484375,10,135.70400381088257
0.947265625,15,135.7083179950714
0.961328125,11,135.71132397651672
0.96484375,10,135.714008808136
0.95078125,14,135.71751403808594
0.961328125,11,135.72047996520996
0.95078125,14,135.72414374351501
0.95078125,14,135.72818899154663
0.9578125,12,135.7313117980957
0.926171875,21,135.73696494102478
0.96484375,10,135.7397608757019
0.95078125,14,135.74373984336853
0.96484375,10,135.74639987945557
-1,2,135.74736881256104
0.947265625,15,135.75160598754883
0.96484375,10,135.75441575050354
0.961328125,11,135.7572889328003
0.954296875,13,135.76046895980835
0.96484375,10,135.76306891441345
0.947265625,15,135.76681089401245
-1,1,135.76732182502747
0.954296875,13,135.77222084999084
0.95078125,14,135.77756071090698
-1,1,135.77851796150208
0.96484375,10,135.78167390823364
0.947265625,15,135.78735899925232
0.9578125,12,135.7925157546997
0.96484375,10,135.796138048172
0.954296875,13,135.80289387702942
0.9296875,20,135.8100688457489
0.9578125,12,135.8139877319336
0.961328125,11,135.81817984580994
0.940234375,17,135.8234360218048
0.96484375,10,135.82774186134338
0.96484375,10,135.83057379722595
0.919140625,23,135.83621668815613
0.961328125,11,135.84256887435913
0.94375,16,135.84725189208984
0.94375,16,135.85163593292236
0.96484375,10,135.85502576828003
0.9578125,12,135.85929608345032
0.933203125,19,135.86863088607788
0.96484375,10,135.8719527721405
0.940234375,17,135.87924981117249
0.96484375,10,135.88357877731323
0.94375,16,135.8878710269928
0.947265625,15,135.89198899269104
0.961328125,11,135.89479994773865
0.961328125,11,135.8977370262146
0.961328125,11,135.9010078907013
0.9578125,12,135.90439891815186
0.961328125,11,135.90735006332397
0.95078125,14,135.91107201576233
0.96484375,10,135.9140269756317
0.961328125,11,135.91740798950195
0.947265625,15,135.9214379787445
0.9296875,20,135.92668795585632
0.954296875,13,135.93029189109802
0.96484375,10,135.9330050945282
0.96484375,10,135.93592882156372
0.9578125,12,135.93920493125916
0.95078125,14,135.94326186180115
0.961328125,11,135.94605898857117
0.947265625,15,135.95016288757324
0.961328125,11,135.9532859325409
0.940234375,17,135.95796084403992
0.96484375,10,135.96067786216736
0.96484375,10,135.96347498893738
0.95078125,14,135.96752381324768
0.96484375,10,135.97022008895874
0.9578125,12,135.97344088554382
0.96484375,10,135.9760468006134
0.96484375,10,135.97871494293213
-1,3,135.97985291481018
0.96484375,10,135.98246502876282
0.96484375,10,135.98511290550232
0.96484375,10,135.98768997192383
0.96484375,10,135.99030685424805
0.961328125,11,135.99327111244202
0.954296875,13,135.99696373939514
0.961328125,11,135.99993085861206
0.9578125,12,136.00305271148682
0.961328125,11,136.00599884986877
0.947265625,15,136.00995302200317
0.96484375,10,136.01261687278748
0.961328125,11,136.01557183265686
0.96484375,10,136.01824378967285
0.947265625,15,136.02268075942993
0.9578125,12,136.0258378982544
0.95078125,14,136.02962470054626
0.9578125,12,136.03309178352356
0.905078125,27,136.0405559539795
0.961328125,11,136.0440468788147
0.96484375,10,136.04678678512573
0.94375,16,136.0508759021759
0.92265625,22,136.05617690086365
0.961328125,11,136.05918169021606
0.96484375,10,136.06183981895447
0.94375,16,136.06571888923645
0.954296875,13,136.06923985481262
0.96484375,10,136.0722188949585
0.96484375,10,136.07497596740723
0.95078125,14,136.07841777801514
0.94375,16,136.08307790756226
0.954296875,13,136.0867247581482
0.95078125,14,136.09037494659424
0.9578125,12,136.09365892410278
0.96484375,10,136.09632205963135
0.940234375,17,136.1007149219513
0.96484375,10,136.10340690612793
0.954296875,13,136.10682082176208
0.940234375,17,136.11163973808289
0.94375,16,136.1155948638916
0.954296875,13,136.11902475357056
0.940234375,17,136.12379789352417
0.96484375,10,136.12639689445496
0.961328125,11,136.12963390350342
0.96484375,10,136.13225889205933
0.9296875,20,136.13808488845825
0.9578125,12,136.1421627998352
0.961328125,11,136.1463108062744
0.9578125,12,136.15135288238525
0.95078125,14,136.15533089637756
0.954296875,13,136.16038990020752
0.96484375,10,136.16407775878906
0.947265625,15,136.1699767112732
0.94375,16,136.1748857498169
0.95078125,14,136.17942094802856
0.96484375,10,136.1825737953186
0.96484375,10,136.18634486198425
0.961328125,11,136.19056582450867
0.954296875,13,136.19450974464417
0.9578125,12,136.19819593429565
0.93671875,18,136.20428085327148
0.9578125,12,136.20851469039917
-1,5,136.210294008255
0.961328125,11,136.21355080604553
0.96484375,10,136.21738982200623
0.933203125,19,136.2236647605896
-1,7,136.22617387771606
0.96484375,10,136.22951698303223
0.96484375,10,136.23280477523804
0.9578125,12,136.23727178573608
0.961328125,11,136.2412359714508
0.9578125,12,136.24662685394287
0.96484375,10,136.25117087364197
0.96484375,10,136.25452089309692
0.96484375,10,136.25869703292847
0.954296875,13,136.26240587234497
0.9578125,12,136.2682650089264
0.94375,16,136.27389693260193
0.9578125,12,136.27796411514282
0.947265625,15,136.28354477882385
-1,1,136.28412699699402
0.96484375,10,136.2880129814148
-1,1,136.28857398033142
0.96484375,10,136.2920618057251
0.954296875,13,136.29630494117737
0.961328125,11,136.30047273635864
0.961328125,11,136.3049919605255
0.94375,16,136.31082487106323
0.93671875,18,136.3181676864624
0.947265625,15,136.32387685775757
0.93671875,18,136.33012795448303
0.94375,16,136.33671402931213
0.961328125,11,136.34082889556885
0.94375,16,136.34718084335327
0.9578125,12,136.35155582427979
0.96484375,10,136.3545789718628
0.961328125,11,136.3593349456787
0.95078125,14,136.36326384544373
-1,6,136.36632704734802
0.95078125,14,136.3713138103485
0.90859375,26,136.37937474250793
0.947265625,15,136.38468480110168
0.9578125,12,136.38787484169006
0.961328125,11,136.39074206352234
0.96484375,10,136.39357995986938
0.961328125,11,136.39651584625244
0.95078125,14,136.40019989013672
0.961328125,11,136.40302109718323
0.940234375,17,136.40747380256653
0.9578125,12,136.41086792945862
0.95078125,14,136.41443586349487
0.96484375,10,136.4176540374756
0.9296875,20,136.42320108413696
-1,5,136.4247727394104
0.940234375,17,136.42917585372925
0.961328125,11,136.43208765983582
0.93671875,18,136.43663883209229
0.95078125,14,136.44078373908997
0.954296875,13,136.4440619945526
0.96484375,10,136.44654989242554
0.93671875,18,136.4512917995453
0.94375,16,136.45579385757446
0.96484375,10,136.4585280418396
0.95078125,14,136.46218967437744
0.9578125,12,136.46553492546082
0.961328125,11,136.46848678588867
0.96484375,10,136.47115898132324
0.954296875,13,136.47457695007324
0.96484375,10,136.4771168231964
0.92265625,22,136.48294878005981
0.94375,16,136.48730492591858
0.96484375,10,136.48977780342102
0.96484375,10,136.49250483512878
0.9578125,12,136.4959168434143
0.92265625,22,136.5017659664154
0.940234375,17,136.50628781318665
0.9578125,12,136.50937294960022
0.9578125,12,136.51276087760925
0.94375,16,136.51719498634338
0.933203125,19,136.52221274375916
0.947265625,15,136.52614092826843
0.947265625,15,136.52971172332764
0.96484375,10,136.53233575820923
0.95078125,14,136.5362250804901
0.9578125,12,136.5392997264862
0.95078125,14,136.54269790649414
0.954296875,13,136.54668378829956
0.9578125,12,136.55019974708557
0.96484375,10,136.55282187461853
0.9578125,12,136.55612993240356
0.954296875,13,136.5599160194397
0.9296875,20,136.5658459663391
0.961328125,11,136.56876182556152
0.947265625,15,136.57293009757996
0.96484375,10,136.57567477226257
0.954296875,13,136.5790400505066
0.940234375,17,136.5836968421936
0.95078125,14,136.58742666244507
0.93671875,18,136.5924699306488
0.94375,16,136.59691286087036
0.96484375,10,136.59961080551147
0.93671875,18,136.60428285598755
0.954296875,13,136.6077299118042
0.947265625,15,136.6115918159485
0.96484375,10,136.61433696746826
0.954296875,13,136.61765503883362
0.95078125,14,136.62131786346436
0.961328125,11,136.62443089485168
0.96484375,10,136.6272759437561
-1,3,136.62846183776855
-1,15,136.63249588012695
0.96484375,10,136.6351089477539
0.96484375,10,136.63779997825623
0.9578125,12,136.64102506637573
0.961328125,11,136.64391589164734
0.961328125,11,136.64692091941833
-1,15,136.65076303482056
-1,1,136.6512098312378
0.961328125,11,136.65408205986023
0.947265625,15,136.6584928035736
0.961328125,11,136.66138696670532
0.947265625,15,136.66518092155457
0.96484375,10,136.6678819656372
0.954296875,13,136.67130970954895
0.96484375,10,136.67404890060425
0.954296875,13,136.6775839328766
0.961328125,11,136.68060278892517
-1,10,136.68364191055298
0.933203125,19,136.68878173828125
0.954296875,13,136.69237995147705
0.933203125,19,136.6971788406372
0.94375,16,136.70182180404663
0.961328125,11,136.70481991767883
0.961328125,11,136.7078206539154
0.947265625,15,136.71182680130005
0.96484375,10,136.7144739627838
0.96484375,10,136.71704602241516
0.961328125,11,136.71999883651733
0.9578125,12,136.72319793701172
0.9578125,12,136.72617197036743
0.96484375,10,136.72868990898132
0.933203125,19,136.73441004753113
0.94375,16,136.7386119365692
0.9578125,12,136.74173188209534
0.961328125,11,136.74474692344666
0.95078125,14,136.748379945755
0.96484375,10,136.75104212760925
0.96484375,10,136.7535538673401
0.96484375,10,136.7562837600708
0.9578125,12,136.7600200176239
0.96484375,10,136.7633879184723
0.96484375,10,136.76633095741272
0.96484375,10,136.769544839859
0.947265625,15,136.7747778892517
0.954296875,13,136.7783648967743
0.961328125,11,136.78128480911255
0.947265625,15,136.78668069839478
0.926171875,21,136.79528284072876
0.954296875,13,136.80001211166382
0.96484375,10,136.8033208847046
0.954296875,13,136.80862593650818
0.961328125,11,136.81226801872253
0.96484375,10,136.81626081466675
0.926171875,21,136.8235740661621
0.96484375,10,136.8287708759308
0.96484375,10,136.83294987678528
0.9578125,12,136.83711099624634
-1,4,136.839586019516
0.96484375,10,136.84305000305176
0.961328125,11,136.84714794158936
0.961328125,11,136.85206985473633
-1,11,136.85622191429138
0.95078125,14,136.86160898208618
0.9578125,12,136.86624193191528
0.96484375,10,136.87090301513672
0.933203125,19,136.87753868103027
-1,1,136.87837600708008
0.95078125,14,136.88404297828674
0.95078125,14,136.88769793510437
0.96484375,10,136.8904688358307
0.9578125,12,136.89404487609863
0.954296875,13,136.8972029685974
0.933203125,19,136.90177488327026
0.9578125,12,136.90487790107727
0.96484375,10,136.90735006332397
0.9578125,12,136.9104220867157
0.96484375,10,136.9131247997284
0.96484375,10,136.9157087802887
0.93671875,18,136.92016696929932
0.96484375,10,136.92267894744873
0.94375,16,136.92665195465088
-1,2,136.9273979663849
0.9578125,12,136.93046879768372
0.95078125,14,136.93420696258545
0.96484375,10,136.93693590164185
0.96484375,10,136.93956589698792
0.961328125,11,136.94287371635437
0.961328125,11,136.94596672058105
0.961328125,11,136.94904708862305
0.961328125,11,136.9519329071045
0.933203125,19,136.95703196525574
-1,1,136.95761585235596
0.954296875,13,136.9609978199005
0.95078125,14,136.9644718170166
0.961328125,11,136.96745491027832
0.926171875,21,136.9731469154358
0.954296875,13,136.97684288024902
0.96484375,10,136.9795310497284
0.9578125,12,136.98257899284363
0.9578125,12,136.98546195030212
0.9578125,12,136.9886999130249
0.947265625,15,136.99254775047302
0.96484375,10,136.99521207809448
-1,14,136.99927496910095
0.961328125,11,137.0021140575409
0.93671875,18,137.00669288635254
0.94375,16,137.01113486289978
0.96484375,10,137.01361680030823
0.926171875,21,137.0190510749817
0.96484375,10,137.02163100242615
0.954296875,13,137.02508807182312
0.92265625,22,137.03048706054688
0.96484375,10,137.0331859588623
0.947265625,15,137.0369107723236
0.93671875,18,137.04210686683655
0.9578125,12,137.0454080104828
0.96484375,10,137.04813599586487
0.947265625,15,137.05224704742432
0.9578125,12,137.05548286437988
0.96484375,10,137.05797386169434
0.96484375,10,137.060644865036
0.926171875,21,137.06621289253235
0.940234375,17,137.0707938671112
0.940234375,17,137.07534170150757
-1,1,137.07582068443298
0.954296875,13,137.0796160697937
0.96484375,10,137.08249688148499
0.9578125,12,137.0858199596405
0.9578125,12,137.08888983726501
0.961328125,11,137.0920009613037
0.954296875,13,137.09535479545593
0.947265625,15,137.0992341041565
0.9578125,12,137.10255694389343
0.93671875,18,137.10741305351257
0.9578125,12,137.11058592796326
0.9578125,12,137.11367869377136
0.940234375,17,137.1182029247284
-1,7,137.12019777297974
0.961328125,11,137.1231517791748
0.9578125,12,137.12626194953918
0.961328125,11,137.12946891784668
0.96484375,10,137.13213896751404
0.9578125,12,137.13522577285767
0.947265625,15,137.13898277282715
0.96484375,10,137.1418538093567
0.933203125,19,137.14716386795044
0.96484375,10,137.14992690086365
0.947265625,15,137.15419173240662
0.96484375,10,137.15686082839966
0.961328125,11,137.1597888469696
0.954296875,13,137.16345691680908
0.95078125,14,137.16733479499817
0.954296875,13,137.1706109046936
0.9296875,20,137.1758599281311
0.961328125,11,137.1787679195404
0.961328125,11,137.1817648410797
0.954296875,13,137.18522810935974
0.947265625,15,137.18936395645142
0.947265625,15,137.19387292861938
0.961328125,11,137.19697999954224
0.96484375,10,137.19966793060303
0.94375,16,137.2038118839264
0.9578125,12,137.20738101005554
0.961328125,11,137.21050596237183
-1,8,137.21300792694092
0.933203125,19,137.21758484840393
0.954296875,13,137.22098779678345
0.926171875,21,137.2266969680786
0.9578125,12,137.22988486289978
0.947265625,15,137.23368191719055
0.9578125,12,137.2369589805603
0.95078125,14,137.24094986915588
0.96484375,10,137.2435758113861
0.96484375,10,137.24627780914307
0.96484375,10,137.24899291992188
0.954296875,13,137.25265288352966
0.96484375,10,137.25551176071167
0.96484375,10,137.25814604759216
0.96484375,10,137.26074290275574
0.961328125,11,137.26370000839233
0.95078125,14,137.26740407943726
0.961328125,11,137.27033281326294
0.954296875,13,137.27374792099
0.961328125,11,137.27654194831848
0.96484375,10,137.27903008460999
0.96484375,10,137.2814757823944
0.96484375,10,137.28407502174377
0.93671875,18,137.28903889656067
0.96484375,10,137.29180788993835
0.954296875,13,137.29540395736694
0.95078125,14,137.2993848323822
0.954296875,13,137.30296301841736
0.947265625,15,137.30735111236572
0.96484375,10,137.31025981903076
0.9578125,12,137.3134138584137
0.954296875,13,137.31667184829712
0.961328125,11,137.31987690925598
0.9578125,12,137.32312989234924
0.954296875,13,137.32618975639343
0.94375,16,137.33066606521606
0.96484375,10,137.3334059715271
-1,1,137.33380103111267
0.96484375,10,137.33630800247192
0.954296875,13,137.33997893333435
0.94375,16,137.34432983398438
0.947265625,15,137.34786891937256
0.961328125,11,137.35071277618408
0.954296875,13,137.3540768623352
-1,1,137.35456490516663
0.9578125,12,137.35755276679993
0.9578125,12,137.36070775985718
0.9578125,12,137.36396598815918
0.961328125,11,137.36686277389526
-1,1,137.36742186546326
0.96484375,10,137.37012577056885
0.9578125,12,137.37361097335815
0.947265625,15,137.37741589546204
0.95078125,14,137.38123083114624
0.9578125,12,137.3844428062439
-1,1,137.38506174087524
0.961328125,11,137.38802576065063
0.954296875,13,137.3916118144989
0.9578125,12,137.39472007751465
0.961328125,11,137.39768385887146
0.96484375,10,137.4007270336151
0.954296875,13,137.40400886535645
0.96484375,10,137.4065978527069
0.961328125,11,137.4093677997589
0.96484375,10,137.41214895248413
0.947265625,15,137.41623091697693
0.9578125,12,137.41974687576294
-1,8,137.42220497131348
0.94375,16,137.42632699012756
0.926171875,21,137.4316999912262
0.95078125,14,137.4353528022766
0.961328125,11,137.43804287910461
0.9578125,12,137.44118881225586
0.96484375,10,137.44386196136475
0.95078125,14,137.44737195968628
-1,12,137.45080280303955
0.96484375,10,137.45354866981506
0.961328125,11,137.45657801628113
0.933203125,19,137.46141290664673
0.96484375,10,137.46425080299377
0.96484375,10,137.466787815094
0.954296875,13,137.4699568748474
0.954296875,13,137.47326803207397
0.9578125,12,137.4762806892395
0.961328125,11,137.47889685630798
0.95078125,14,137.48246884346008
0.96484375,10,137.4853959083557
0.933203125,19,137.49014282226562
0.94375,16,137.4945228099823
0.96484375,10,137.49714994430542
0.9578125,12,137.50034308433533
0.926171875,21,137.5061047077179
-1,3,137.50727891921997
-1,8,137.50949501991272
0.95078125,14,137.51306080818176
0.96484375,10,137.51556301116943
0.96484375,10,137.51828575134277
0.940234375,17,137.52243185043335
0.94375,16,137.52669382095337
0.9578125,12,137.52968192100525
0.961328125,11,137.53251576423645
0.96484375,10,137.5350148677826
0.9578125,12,137.5383050441742
0.961328125,11,137.54140996932983
0.961328125,11,137.54450297355652
0.961328125,11,137.54776978492737
0.954296875,13,137.5512137413025
0.954296875,13,137.55473375320435
0.96484375,10,137.557354927063
0.947265625,15,137.56135487556458
0.96484375,10,137.563796043396
0.961328125,11,137.56643986701965
0.96484375,10,137.56896471977234
0.95078125,14,137.57243585586548
-1,2,137.5732479095459
0.96484375,10,137.57575607299805
0.940234375,17,137.58080792427063
0.95078125,14,137.58491969108582
0.94375,16,137.58880996704102
0.96484375,10,137.5916838645935
0.947265625,15,137.59601473808289
0.95078125,14,137.5996549129486
0.92265625,22,137.6055407524109
0.954296875,13,137.6090738773346
0.95078125,14,137.61306071281433
0.9578125,12,137.61661171913147
0.96484375,10,137.61929869651794
0.940234375,17,137.62405395507812
0.96484375,10,137.6267819404602
0.954296875,13,137.63022994995117
0.961328125,11,137.63364481925964
0.95078125,14,137.63717985153198
0.95078125,14,137.64108395576477
0.947265625,15,137.644917011261
0.961328125,11,137.64782285690308
0.96484375,10,137.65052700042725
0.96484375,10,137.65326380729675
0.94375,16,137.65759992599487
0.96484375,10,137.66022181510925
0.933203125,19,137.665433883667
0.95078125,14,137.66893696784973
0.95078125,14,137.67300486564636
0.96484375,10,137.6756899356842
0.96484375,10,137.67832708358765
0.933203125,19,137.68337273597717
0.9578125,12,137.6866409778595
0.96484375,10,137.68920993804932
0.96484375,10,137.6918079853058
0.954296875,13,137.69532585144043
0.954296875,13,137.6989278793335
0.954296875,13,137.7023868560791
0.961328125,11,137.70548510551453
0.961328125,11,137.70836877822876
-1,1,137.70889687538147
0.947265625,15,137.71298694610596
0.961328125,11,137.7161626815796
0.940234375,17,137.72055506706238
0.947265625,15,137.72486877441406
0.940234375,17,137.7295949459076
0.940234375,17,137.73386883735657
0.940234375,17,137.73851585388184
0.96484375,10,137.74129486083984
0.96484375,10,137.74386382102966
0.94375,16,137.74806880950928
0.961328125,11,137.75088787078857
0.96484375,10,137.75333094596863
0.96484375,10,137.7557671070099
0.9578125,12,137.75893568992615
0.961328125,11,137.76196479797363
0.954296875,13,137.76544380187988
0.95078125,14,137.76914381980896
-1,16,137.77370977401733
0.961328125,11,137.77652788162231
0.940234375,17,137.7827467918396
0.947265625,15,137.78847789764404
0.940234375,17,137.79563903808594
0.96484375,10,137.7993941307068
0.947265625,15,137.8054928779602
0.93671875,18,137.81222891807556
0.93671875,18,137.81847405433655
0.96484375,10,137.82319283485413
0.961328125,11,137.8262107372284
0.96484375,10,137.82971501350403
0.94375,16,137.83699774742126
0.94375,16,137.84305691719055
0.9578125,12,137.84786200523376
0.940234375,17,137.8538680076599
0.9296875,20,137.86295771598816
0.961328125,11,137.86748600006104
0.933203125,19,137.87648582458496
0.961328125,11,137.88024878501892
0.92265625,22,137.8875379562378
0.96484375,10,137.89027571678162
0.93671875,18,137.89521479606628
0.96484375,10,137.8978729248047
0.9578125,12,137.9010648727417
0.954296875,13,137.9046070575714
0.954296875,13,137.90786981582642
0.961328125,11,137.91061568260193
0.961328125,11,137.91343188285828
0.954296875,13,137.91664385795593
0.89453125,30,137.92438197135925
0.9578125,12,137.92738795280457
0.96484375,10,137.93026995658875
-1,11,137.93329286575317
0.96484375,10,137.93595600128174
0.947265625,15,137.94067788124084
0.9578125,12,137.94402980804443
0.947265625,15,137.94787979125977
0.96484375,10,137.95072269439697
0.961328125,11,137.95358085632324
0.940234375,17,137.95766878128052
0.940234375,17,137.96193099021912
0.933203125,19,137.96706581115723
0.947265625,15,137.97088289260864
0.961328125,11,137.97394490242004
0.961328125,11,137.9770917892456
0.96484375,10,137.97979593276978
0.93671875,18,137.98449277877808
0.96484375,10,137.9872100353241
0.96484375,10,137.9898338317871
0.96484375,10,137.99242973327637
0.96484375,10,137.99491000175476
0.96484375,10,137.997624874115
0.940234375,17,138.0025999546051
0.96484375,10,138.00529384613037
-1,1,138.00585198402405
0.95078125,14,138.0098328590393
0.96484375,10,138.012757062912
0.95078125,14,138.01622200012207
0.96484375,10,138.01884174346924
0.961328125,11,138.0219578742981
0.94375,16,138.02587795257568
0.9578125,12,138.02891492843628
0.96484375,10,138.03173685073853
0.947265625,15,138.03568983078003
0.96484375,10,138.0384979248047
0.95078125,14,138.0420858860016
0.96484375,10,138.0453178882599
0.961328125,11,138.04849791526794
0.93671875,18,138.0531988143921
0.9578125,12,138.05641984939575
0.947265625,15,138.06037998199463
0.961328125,11,138.06345796585083
0.9578125,12,138.06661772727966
0.947265625,15,138.07067489624023
0.95078125,14,138.07486391067505
0.9578125,12,138.0782310962677
0.947265625,15,138.08207392692566
0.9578125,12,138.08521699905396
0.94375,16,138.08949398994446
0.954296875,13,138.0930790901184
0.954296875,13,138.09641289710999
0.95078125,14,138.10047388076782
0.96484375,10,138.10308980941772
0.961328125,11,138.1061728000641
0.96484375,10,138.1090748310089
0.96484375,10,138.1117377281189
0.95078125,14,138.11537265777588
0.9578125,12,138.11881804466248
0.96484375,10,138.12143111228943
0.9578125,12,138.12444686889648
0.94375,16,138.12849187850952
0.961328125,11,138.13129687309265
0.9578125,12,138.1346869468689
0.96484375,10,138.13739895820618
0.96484375,10,138.14006090164185
0.96484375,10,138.1429088115692
0.961328125,11,138.14581680297852
0.96484375,10,138.14856386184692
0.9578125,12,138.15167784690857
0.926171875,21,138.15733289718628
0.93671875,18,138.1620647907257
0.961328125,11,138.1652867794037
0.95078125,14,138.16893887519836
0.95078125,14,138.17270874977112
0.96484375,10,138.17551684379578
0.93671875,18,138.17995190620422
0.961328125,11,138.1829698085785
0.961328125,11,138.18607592582703
0.9578125,12,138.18934893608093
0.96484375,10,138.1921079158783
0.954296875,13,138.19547080993652
0.947265625,15,138.19936895370483
0.92265625,22,138.2046868801117
0.926171875,21,138.21085286140442
0.954296875,13,138.21441984176636
0.95078125,14,138.21825575828552
0.947265625,15,138.22192478179932
0.93671875,18,138.22671699523926
0.961328125,11,138.22950100898743
0.9578125,12,138.2326099872589
0.9296875,20,138.23748183250427
0.954296875,13,138.241229057312
0.9578125,12,138.24458503723145
0.96484375,10,138.24719285964966
0.961328125,11,138.25013303756714
0.96484375,10,138.2527937889099
0.9578125,12,138.25590085983276
0.961328125,11,138.2588930130005
0.93671875,18,138.26374077796936
0.940234375,17,138.26858282089233
0.926171875,21,138.27491569519043
0.940234375,17,138.27930808067322
0.961328125,11,138.28303289413452
0.954296875,13,138.28691482543945
0.9578125,12,138.2910599708557
0.9578125,12,138.29543781280518
0.915625,24,138.3038637638092
0.961328125,11,138.30692672729492
0.947265625,15,138.3116238117218
0.947265625,15,138.31602787971497
0.954296875,13,138.31972193717957
0.95078125,14,138.32464790344238
0.96484375,10,138.32750582695007
0.947265625,15,138.33232998847961
0.96484375,10,138.33597898483276
0.961328125,11,138.33919882774353
-1,1,138.3398609161377
0.96484375,10,138.34354305267334
0.93671875,18,138.34957480430603
0.95078125,14,138.35425090789795
0.961328125,11,138.35754871368408
0.947265625,15,138.36279678344727
0.954296875,13,138.36669373512268
0.919140625,23,138.37450289726257
0.915625,24,138.38260507583618
0.96484375,10,138.38534879684448
0.96484375,10,138.38784193992615
0.95078125,14,138.39159774780273
0.9578125,12,138.39481401443481
0.954296875,13,138.3980028629303
0.94375,16,138.40269374847412
0.940234375,17,138.4072389602661
0.9578125,12,138.41037011146545
0.933203125,19,138.4152979850769
0.96484375,10,138.417897939682
0.94375,16,138.42202186584473
0.95078125,14,138.4255199432373
0.926171875,21,138.4305820465088
0.93671875,18,138.43543601036072
0.96484375,10,138.43794894218445
0.96484375,10,138.44059801101685
0.96484375,10,138.4431369304657
0.93671875,18,138.44772672653198
0.95078125,14,138.45166683197021
0.96484375,10,138.45426487922668
0.94375,16,138.4589068889618
0.926171875,21,138.46454405784607
0.96484375,10,138.4673318862915
0.954296875,13,138.4706130027771
0.961328125,11,138.4739007949829
0.954296875,13,138.4774730205536
0.961328125,11,138.48019671440125
0.96484375,10,138.48270106315613
0.95078125,14,138.48646688461304
0.947265625,15,138.4904179573059
0.9578125,12,138.49345898628235
0.95078125,14,138.49702501296997
0.96484375,10,138.49953198432922
0.947265625,15,138.5030379295349
0.96484375,10,138.50559091567993
0.9578125,12,138.5086019039154
0.95078125,14,138.51246786117554
0.961328125,11,138.51527976989746
0.933203125,19,138.52008390426636
0.94375,16,138.52426481246948
0.96484375,10,138.5270049571991
0.96484375,10,138.52977800369263
0.96484375,10,138.53235793113708
0.954296875,13,138.53582000732422
0.94375,16,138.54001688957214
0.94375,16,138.5438768863678
0.954296875,13,138.547602891922
0.96484375,10,138.5504629611969
0.954296875,13,138.55362486839294
0.9578125,12,138.5570728778839
0.940234375,17,138.56138968467712
0.95078125,14,138.56546092033386
0.96484375,10,138.56821084022522
0.9578125,12,138.57137274742126
0.961328125,11,138.57437992095947
0.9578125,12,138.57754969596863
0.95078125,14,138.58139896392822
0.96484375,10,138.58403992652893
0.961328125,11,138.58698081970215
0.96484375,10,138.58959579467773
0.95078125,14,138.5934898853302
0.96484375,10,138.5962450504303
0.95078125,14,138.6000120639801
0.961328125,11,138.60306310653687
0.9578125,12,138.60620284080505
0.96484375,10,138.6088330745697
0.9578125,12,138.61194705963135
0.940234375,17,138.61635398864746
0.961328125,11,138.6189320087433
0.96484375,10,138.62147879600525
0.961328125,11,138.6245858669281
0.940234375,17,138.62923073768616
0.96484375,10,138.6319649219513
0.933203125,19,138.63685202598572
0.9578125,12,138.64022874832153
0.961328125,11,138.64316272735596
0.947265625,15,138.64698195457458
0.96484375,10,138.6495497226715
0.954296875,13,138.65285778045654
0.94375,16,138.657155752182
0.926171875,21,138.66296982765198
0.961328125,11,138.66597390174866
0.9296875,20,138.6713080406189
0.940234375,17,138.67552590370178
0.95078125,14,138.67978978157043
0.961328125,11,138.68271780014038
0.94375,16,138.68705797195435
0.961328125,11,138.69040489196777
0.96484375,10,138.69303393363953
0.96484375,10,138.69545888900757
0.95078125,14,138.69890475273132
0.954296875,13,138.70241475105286
0.954296875,13,138.7057728767395
0.93671875,18,138.7107298374176
0.95078125,14,138.71489000320435
0.94375,16,138.71877193450928
0.96484375,10,138.7213478088379
0.96484375,10,138.72406601905823
0.9578125,12,138.72758674621582
0.9578125,12,138.7305829524994
0.961328125,11,138.73330187797546
0.96484375,10,138.73609495162964
-1,1,138.7367160320282
0.961328125,11,138.73979687690735
0.9578125,12,138.74276304244995
0.9578125,12,138.74573802947998
0.9578125,12,138.7489459514618
0.95078125,14,138.7524609565735
0.96484375,10,138.7548930644989
0.954296875,13,138.75843572616577
0.947265625,15,138.7625539302826
0.947265625,15,138.76672196388245
0.9578125,12,138.76972579956055
-1,9,138.7721118927002
0.9578125,12,138.77515983581543
0.954296875,13,138.77910089492798
0.954296875,13,138.78274583816528
0.9578125,12,138.78597569465637
0.9296875,20,138.7914698123932
0.947265625,15,138.79535698890686
0.919140625,23,138.80094480514526
0.9296875,20,138.8061330318451
0.940234375,17,138.81059193611145
0.95078125,14,138.8142168521881
0.96484375,10,138.81682205200195
-1,2,138.8176498413086
0.96484375,10,138.82014799118042
0.94375,16,138.82406497001648
0.96484375,10,138.82671093940735
0.954296875,13,138.83021903038025
0.96484375,10,138.83311104774475
0.96484375,10,138.83588671684265
0.94375,16,138.83972883224487
0.954296875,13,138.84286069869995
0.954296875,13,138.84614777565002
0.961328125,11,138.84889793395996
0.9578125,12,138.8519959449768
0.96484375,10,138.8545527458191
-1,4,138.85610795021057
0.947265625,15,138.85992288589478
0.94375,16,138.8639109134674
0.9578125,12,138.8671178817749
0.96484375,10,138.86970400810242
0.947265625,15,138.87359285354614
0.961328125,11,138.87658381462097
0.961328125,11,138.87951374053955
0.954296875,13,138.88385891914368
0.961328125,11,138.8887197971344
0.954296875,13,138.89377188682556
0.954296875,13,138.8988139629364
-1,5,138.9014208316803
0.961328125,11,138.90576267242432
0.93671875,18,138.9122507572174
0.961328125,11,138.91638779640198
0.9296875,20,138.92364287376404
0.961328125,11,138.92813396453857
0.954296875,13,138.93314790725708
-1,12,138.9375958442688
0.96484375,10,138.94131994247437
0.96484375,10,138.94485783576965
0.940234375,17,138.9514229297638
0.96484375,10,138.95591402053833
0.9578125,12,138.9601709842682
0.954296875,13,138.96397376060486
0.947265625,15,138.9698770046234
0.96484375,10,138.97341585159302
0.9578125,12,138.97809267044067
0.9578125,12,138.9832308292389
0.947265625,15,138.98864197731018
0.9578125,12,138.99268293380737
0.954296875,13,138.9980218410492
0.94375,16,139.00379586219788
0.95078125,14,139.00936484336853
0.95078125,14,139.01296091079712
0.933203125,19,139.01745676994324
-1,1,139.0180070400238
0.947265625,15,139.02174282073975
0.93671875,18,139.02612400054932
0.954296875,13,139.02931880950928
0.940234375,17,139.0344729423523
0.96484375,10,139.03710794448853
0.961328125,11,139.0400230884552
0.947265625,15,139.04387187957764
-1,12,139.04750180244446
0.940234375,17,139.0519618988037
0.9578125,12,139.05523777008057
0.961328125,11,139.05823588371277
0.961328125,11,139.0609929561615
0.9578125,12,139.06388688087463
0.96484375,10,139.0665578842163
0.954296875,13,139.06997203826904
0.96484375,10,139.07262182235718
0.95078125,14,139.0765368938446
-1,3,139.07778573036194
0.926171875,21,139.08301496505737
0.96484375,10,139.08559894561768
0.9578125,12,139.08868408203125
0.961328125,11,139.0914068222046
0.919140625,23,139.09801983833313
0.954296875,13,139.10157585144043
0.947265625,15,139.1053147315979
-1,8,139.10789585113525
0.961328125,11,139.11097383499146
0.96484375,10,139.11362099647522
0.96484375,10,139.1160798072815
0.95078125,14,139.12005496025085
0.95078125,14,139.12354469299316
0.954296875,13,139.12675881385803
0.940234375,17,139.13157987594604
0.961328125,11,139.13446879386902
0.96484375,10,139.1376268863678
0.940234375,17,139.14487671852112
0.96484375,10,139.14898586273193
0.947265625,15,139.15437173843384
0.933203125,19,139.16171073913574
0.947265625,15,139.16542792320251
0.9578125,12,139.1685769557953
0.940234375,17,139.17414593696594
0.96484375,10,139.1782808303833
0.9578125,12,139.1835651397705
0.9578125,12,139.18835878372192
0.96484375,10,139.19308376312256
0.9578125,12,139.19848704338074
0.961328125,11,139.20388889312744
0.961328125,11,139.20844173431396
0.9578125,12,139.21389293670654
0.954296875,13,139.2185218334198
0.95078125,14,139.2241621017456
0.961328125,11,139.22805500030518
0.96484375,10,139.23267889022827
0.947265625,15,139.2387249469757
0.9578125,12,139.2437229156494
0.961328125,11,139.24851894378662
0.96484375,10,139.2520968914032
0.961328125,11,139.25774693489075
0.915625,24,139.2645139694214
0.96484375,10,139.26706099510193
0.95078125,14,139.27046179771423
0.96484375,10,139.2729139328003
0.96484375,10,139.27559876441956
0.947265625,15,139.27956676483154
0.933203125,19,139.28487873077393
0.947265625,15,139.2887408733368
0.9578125,12,139.29202580451965
0.940234375,17,139.29683470726013
0.9578125,12,139.29987406730652
0.96484375,10,139.30245566368103
0.954296875,13,139.30585289001465
0.96484375,10,139.3090057373047
0.9578125,12,139.3121988773346
0.919140625,23,139.3178460597992
0.940234375,17,139.32231283187866
0.954296875,13,139.32590699195862
0.96484375,10,139.3285870552063
0.96484375,10,139.33110880851746
0.933203125,19,139.33645486831665
0.961328125,11,139.3395438194275
0.954296875,13,139.34284281730652
0.954296875,13,139.34642100334167
0.961328125,11,139.34957599639893
0.961328125,11,139.35241985321045
0.961328125,11,139.35522365570068
0.96484375,10,139.35773181915283
0.96484375,10,139.36014580726624
0.9578125,12,139.36315965652466
0.9296875,20,139.36781907081604
0.96484375,10,139.3703019618988
0.947265625,15,139.37422275543213
0.96484375,10,139.37681102752686
0.954296875,13,139.38013291358948
0.9578125,12,139.38346195220947
0.9578125,12,139.38681387901306
0.947265625,15,139.39346289634705
0.9578125,12,139.39811086654663
0.96484375,10,139.40245079994202
0.96484375,10,139.40700793266296
0.947265625,15,139.41265106201172
0.95078125,14,139.4178397655487
0.947265625,15,139.42235589027405
0.96484375,10,139.4269278049469
-1,10,139.43102288246155
0.96484375,10,139.43473982810974
0.954296875,13,139.43929886817932
0.9296875,20,139.44754195213318
0.9578125,12,139.4519488811493
0.96484375,10,139.45589685440063
0.954296875,13,139.4614908695221
0.96484375,10,139.46553802490234
0.96484375,10,139.46966981887817
0.933203125,19,139.47682881355286
0.961328125,11,139.48275303840637
0.9578125,12,139.48996877670288
0.9578125,12,139.49438905715942
0.93671875,18,139.50221586227417
0.96484375,10,139.5055480003357
0.961328125,11,139.50977206230164
0.954296875,13,139.51302671432495
0.94375,16,139.5174868106842
0.961328125,11,139.5211009979248
0.96484375,10,139.52411484718323
0.9578125,12,139.52744388580322
0.95078125,14,139.53118085861206
0.94375,16,139.53558611869812
0.96484375,10,139.53813672065735
0.919140625,23,139.54435396194458
0.9578125,12,139.54758977890015
0.954296875,13,139.5512340068817
-1,1,139.5518217086792
0.9578125,12,139.55505895614624
0.94375,16,139.55908393859863
0.954296875,13,139.56240582466125
0.96484375,10,139.5650839805603
0.954296875,13,139.56874179840088
0.954296875,13,139.572114944458
0.954296875,13,139.5755169391632
0.961328125,11,139.57856488227844
0.947265625,15,139.58272194862366
0.96484375,10,139.5852108001709
0.95078125,14,139.58892488479614
0.947265625,15,139.59326577186584
0.96484375,10,139.5959029197693
0.96484375,10,139.59854388237
0.940234375,17,139.60342979431152
0.96484375,10,139.6064019203186
0.93671875,18,139.61104106903076
0.954296875,13,139.61447596549988
0.96484375,10,139.61714100837708
0.96484375,10,139.62003207206726
0.961328125,11,139.6230547428131
0.9578125,12,139.62623596191406
0.96484375,10,139.62887597084045
0.9578125,12,139.63186192512512
0.95078125,14,139.6353259086609
0.96484375,10,139.63801503181458
0.93671875,18,139.64287185668945
0.93671875,18,139.64770197868347
0.94375,16,139.65174508094788
0.940234375,17,139.65666103363037
0.947265625,15,139.66076183319092
0.9578125,12,139.66408586502075
0.933203125,19,139.66938400268555
0.961328125,11,139.6721727848053
0.961328125,11,139.67550992965698
-1,18,139.6800618171692
0.961328125,11,139.68315982818604
0.95078125,14,139.68690085411072
0.95078125,14,139.69049096107483
0.96484375,10,139.69307589530945
0.9578125,12,139.69625401496887
0.961328125,11,139.69910097122192
0.96484375,10,139.70185494422913
0.96484375,10,139.70442605018616
0.947265625,15,139.70860695838928
0.92265625,22,139.71402072906494
0.961328125,11,139.71696996688843
0.9578125,12,139.72029089927673
0.954296875,13,139.72397089004517
0.96484375,10,139.72673892974854
0.947265625,15,139.73095989227295
0.954296875,13,139.73440289497375
0.9578125,12,139.73778676986694
0.96484375,10,139.74062180519104
0.940234375,17,139.74536395072937
0.947265625,15,139.74937796592712
0.961328125,11,139.75228595733643
0.96484375,10,139.75477981567383
0.93671875,18,139.75947189331055
0.9578125,12,139.76289582252502
0.96484375,10,139.76587390899658
0.95078125,14,139.76944994926453
0.954296875,13,139.77306294441223
0.95078125,14,139.776948928833
0.96484375,10,139.77958989143372
0.9578125,12,139.78282976150513
0.947265625,15,139.78680396080017
0.96484375,10,139.78928089141846
0.95078125,14,139.79255890846252
0.940234375,17,139.7975947856903
0.96484375,10,139.80036187171936
0.954296875,13,139.80377292633057
0.947265625,15,139.80782175064087
0.933203125,19,139.81260800361633
0.96484375,10,139.81520795822144
0.961328125,11,139.81831097602844
0.9296875,20,139.82350277900696
0.96484375,10,139.82613492012024
0.95078125,14,139.82969188690186
0.96484375,10,139.8323938846588
0.96484375,10,139.8353259563446
0.954296875,13,139.83905792236328
0.954296875,13,139.84267807006836
0.9578125,12,139.8458960056305
0.96484375,10,139.84871888160706
0.961328125,11,139.8514769077301
0.93671875,18,139.8559627532959
0.96484375,10,139.85898804664612
0.94375,16,139.86362075805664
0.95078125,14,139.86747694015503
0.954296875,13,139.87103271484375
0.947265625,15,139.87547397613525
0.93671875,18,139.88025975227356
0.96484375,10,139.88293290138245
0.961328125,11,139.8858790397644
0.95078125,14,139.8898470401764
0.947265625,15,139.89391899108887
0.926171875,21,139.89949703216553
0.96484375,10,139.90218877792358
-1,1,139.90279984474182
0.926171875,21,139.9080309867859
0.96484375,10,139.91076588630676
0.96484375,10,139.91337871551514
0.947265625,15,139.9174017906189
0.94375,16,139.92177486419678
0.9578125,12,139.92541790008545
0.9578125,12,139.92862010002136
0.96484375,10,139.93158769607544
0.96484375,10,139.93428993225098
0.95078125,14,139.93810105323792
0.961328125,11,139.94137692451477
0.9578125,12,139.94469094276428
0.96484375,10,139.94744086265564
0.96484375,10,139.95010089874268
0.961328125,11,139.95314574241638
0.95078125,14,139.9566628932953
0.947265625,15,139.9607059955597
0.940234375,17,139.96521592140198
0.96484375,10,139.9678509235382
0.95078125,14,139.97149085998535
0.961328125,11,139.97441291809082
0.92265625,22,139.98063278198242
0.954296875,13,139.98442792892456
0.940234375,17,139.9891300201416
0.94375,16,139.993421792984
0.96484375,10,139.99621891975403
0.954296875,13,139.99971103668213
0.933203125,19,140.00470781326294
0.96484375,10,140.00739192962646
0.961328125,11,140.01034092903137
0.947265625,15,140.01458096504211
0.9578125,12,140.01800179481506
0.954296875,13,140.02143597602844
0.94375,16,140.0257728099823
-1,2,140.0265028476715
0.96484375,10,140.02904605865479
0.96484375,10,140.0316517353058
0.96484375,10,140.03427481651306
0.9578125,12,140.037517786026
0.96484375,10,140.04021191596985
0.89453125,30,140.04848790168762
0.9578125,12,140.0519061088562
0.89453125,30,140.0596218109131
0.96484375,10,140.06233501434326
0.96484375,10,140.06502199172974
0.961328125,11,140.06784987449646
0.96484375,10,140.07051491737366
0.947265625,15,140.07478094100952
0.9578125,12,140.07806587219238
0.940234375,17,140.08283376693726
0.954296875,13,140.0864179134369
0.947265625,15,140.09042191505432
0.961328125,11,140.09353971481323
-1,5,140.09538292884827
0.9578125,12,140.09869599342346
-1,3,140.09977388381958
0.947265625,15,140.1035668849945
-1,1,140.10401105880737
0.947265625,15,140.10799169540405
0.961328125,11,140.11087107658386
0.9296875,20,140.11547183990479
0.961328125,11,140.11840796470642
0.96484375,10,140.12104773521423
0.954296875,13,140.12446904182434
0.954296875,13,140.1277289390564
-1,4,140.1291868686676
0.96484375,10,140.13166785240173
0.93671875,18,140.13639974594116
-1,9,140.1393427848816
0.9578125,12,140.14281702041626
0.940234375,17,140.14757585525513
0.961328125,11,140.15083074569702
0.954296875,13,140.1540710926056
0.947265625,15,140.1578688621521
0.95078125,14,140.16145205497742
0.954296875,13,140.16497087478638
0.961328125,11,140.16811394691467
0.9578125,12,140.17126774787903
0.96484375,10,140.1741168498993
0.961328125,11,140.17705988883972
0.933203125,19,140.18234491348267
0.961328125,11,140.1853518486023
0.95078125,14,140.18910384178162
0.961328125,11,140.19224190711975
0.96484375,10,140.1951138973236
0.961328125,11,140.19813585281372
0.93671875,18,140.20337891578674
0.9578125,12,140.2069067955017
0.96484375,10,140.20947575569153
0.96484375,10,140.21215796470642
0.96484375,10,140.21497797966003
0.94375,16,140.2193579673767
0.96484375,10,140.22196507453918
0.93671875,18,140.22674989700317
0.947265625,15,140.2307047843933
0.9578125,12,140.2338891029358
0.95078125,14,140.2377588748932
0.96484375,10,140.24053192138672
0.940234375,17,140.2450168132782
-1,11,140.24834895133972
0.954296875,13,140.2522668838501
0.961328125,11,140.2553129196167
0.93671875,18,140.2604639530182
0.961328125,11,140.26345992088318
0.961328125,11,140.26636695861816
0.96484375,10,140.26922988891602
0.93671875,18,140.27493977546692
0.96484375,10,140.27759385108948
0.95078125,14,140.28106498718262
0.96484375,10,140.28365993499756
0.94375,16,140.28793597221375
0.95078125,14,140.29159784317017
0.961328125,11,140.29482865333557
0.96484375,10,140.29774475097656
0.947265625,15,140.3015809059143
0.961328125,11,140.30455589294434
0.954296875,13,140.30787897109985
0.95078125,14,140.31144785881042
0.95078125,14,140.3150839805603
-1,1,140.31606197357178
0.94375,16,140.32028794288635
0.961328125,11,140.32330298423767
0.9578125,12,140.32683491706848
0.961328125,11,140.3301329612732
0.933203125,19,140.33494591712952
0.954296875,13,140.3384850025177
0.96484375,10,140.3413577079773
0.947265625,15,140.34543800354004
0.947265625,15,140.3495590686798
0.961328125,11,140.35252571105957
0.961328125,11,140.35619187355042
0.94375,16,140.36037302017212
0.961328125,11,140.3633327484131
0.954296875,13,140.3669228553772
0.947265625,15,140.37037181854248
0.9578125,12,140.3736047744751
0.95078125,14,140.3771619796753
0.9578125,12,140.38047695159912
0.95078125,14,140.38395285606384
0.961328125,11,140.38681888580322
0.96484375,10,140.38955283164978
0.954296875,13,140.39288783073425
0.96484375,10,140.39539003372192
0.96484375,10,140.3980679512024
0.9296875,20,140.4031798839569
0.95078125,14,140.4066870212555
0.940234375,17,140.41129875183105
0.947265625,15,140.41506385803223
0.96484375,10,140.41761302947998
0.961328125,11,140.42061805725098
0.961328125,11,140.42384386062622
0.954296875,13,140.42709183692932
0.954296875,13,140.43015885353088
0.9578125,12,140.43318605422974
0.926171875,21,140.43782591819763
0.9578125,12,140.44081592559814
0.947265625,15,140.44488501548767
0.96484375,10,140.44750475883484
0.954296875,13,140.4510359764099
0.96484375,10,140.45367670059204
0.96484375,10,140.45632696151733
0.9578125,12,140.45951175689697
0.96484375,10,140.46293783187866
0.96484375,10,140.4655568599701
0.947265625,15,140.46986079216003
0.961328125,11,140.47316789627075
0.94375,16,140.4772129058838
0.954296875,13,140.4808487892151
0.961328125,11,140.48393177986145
0.96484375,10,140.4865128993988
0.940234375,17,140.49067378044128
0.93671875,18,140.4952518939972
0.9578125,12,140.4982168674469
0.96484375,10,140.5007598400116
0.9578125,12,140.50441789627075
0.947265625,15,140.50859904289246
0.954296875,13,140.51202988624573
0.915625,24,140.51825094223022
0.947265625,15,140.52198386192322
0.96484375,10,140.5245499610901
0.95078125,14,140.5281958580017
0.9578125,12,140.53137278556824
0.92265625,22,140.53726482391357
0.94375,16,140.54158186912537
0.93671875,18,140.54635381698608
0.9578125,12,140.54969191551208
0.961328125,11,140.55276083946228
0.95078125,14,140.55640077590942
-1,1,140.55689191818237
0.96484375,10,140.55945491790771
0.94375,16,140.56385779380798
0.9578125,12,140.5680661201477
0.9578125,12,140.57133293151855
0.954296875,13,140.57500171661377
0.94375,16,140.57920789718628
0.954296875,13,140.58259677886963
0.96484375,10,140.58539080619812
0.96484375,10,140.5881040096283
0.94375,16,140.59226894378662
0.961328125,11,140.59520888328552
0.96484375,10,140.59802174568176
0.9296875,20,140.60366892814636
0.961328125,11,140.60661387443542
0.93671875,18,140.6109139919281
0.9578125,12,140.61443305015564
0.96484375,10,140.61702609062195
0.96484375,10,140.61973571777344
0.926171875,21,140.6272919178009
0.96484375,10,140.63008284568787
0.947265625,15,140.63423895835876
0.9578125,12,140.63732504844666
0.96484375,10,140.6400158405304
0.9578125,12,140.6432237625122
0.961328125,11,140.64618587493896
0.947265625,15,140.65015602111816
0.94375,16,140.65425777435303
0.9578125,12,140.65762209892273
0.947265625,15,140.66129279136658
0.95078125,14,140.66520190238953
0.9578125,12,140.66846895217896
0.96484375,10,140.6718180179596
0.940234375,17,140.6762878894806
0.95078125,14,140.67981004714966
0.9578125,12,140.68322777748108
0.93671875,18,140.68837094306946
0.961328125,11,140.6916217803955
0.94375,16,140.6962387561798
0.9578125,12,140.6993327140808
0.961328125,11,140.70207285881042
0.940234375,17,140.70679783821106
0.933203125,19,140.7117829322815
0.940234375,17,140.7163667678833
0.954296875,13,140.7197709083557
0.919140625,23,140.72686386108398
0.9578125,12,140.73002076148987
0.96484375,10,140.73259282112122
0.940234375,17,140.73734402656555
0.96484375,10,140.7400598526001
0.954296875,13,140.7437310218811
0.95078125,14,140.74745178222656
0.93671875,18,140.75242495536804
0.961328125,11,140.7554588317871
0.96484375,10,140.75806784629822
0.9578125,12,140.76132202148438
0.926171875,21,140.7668149471283
0.940234375,17,140.77120089530945
0.96484375,10,140.77382493019104
-1,7,140.77588081359863
0.96484375,10,140.77891898155212
0.961328125,11,140.78184294700623
0.9578125,12,140.78505492210388
0.9578125,12,140.7908217906952
0.947265625,15,140.79632997512817
0.9578125,12,140.80109190940857
0.96484375,10,140.80454182624817
0.954296875,13,140.80899310112
0.947265625,15,140.81501579284668
0.9578125,12,140.81964087486267
0.92265625,22,140.8264126777649
0.940234375,17,140.8326268196106
0.940234375,17,140.83809995651245
0.96484375,10,140.84232091903687
0.96484375,10,140.8463418483734
0.940234375,17,140.85151171684265
0.961328125,11,140.855055809021
0.961328125,11,140.8582489490509
0.954296875,13,140.8621907234192
0.9578125,12,140.86561107635498
0.9578125,12,140.8687789440155
0.96484375,10,140.87145805358887
0.96484375,10,140.87579488754272
0.961328125,11,140.8801658153534
0.96484375,10,140.88503885269165
0.961328125,11,140.88803100585938
0.96484375,10,140.89044308662415
0.96484375,10,140.8929009437561
0.96484375,10,140.89540100097656
0.9578125,12,140.89849495887756
0.96484375,10,140.9010899066925
0.94375,16,140.9054310321808
0.96484375,10,140.90829181671143
0.96484375,10,140.91089987754822
0.96484375,10,140.9136028289795
0.961328125,11,140.91667103767395
0.9578125,12,140.91996908187866
0.961328125,11,140.92283987998962
0.954296875,13,140.92645573616028
0.94375,16,140.9305579662323
0.96484375,10,140.93321180343628
0.947265625,15,140.937077999115
0.95078125,14,140.94056177139282
0.95078125,14,140.94417881965637
0.96484375,10,140.9467430114746
0.95078125,14,140.95078086853027
0.95078125,14,140.95461583137512
0.96484375,10,140.95732307434082
0.940234375,17,140.96151494979858
0.961328125,11,140.9644238948822
0.961328125,11,140.9674518108368
0.9578125,12,140.97084069252014
0.9578125,12,140.97398400306702
0.9578125,12,140.97723078727722
0.96484375,10,140.97996377944946
0.947265625,15,140.983895778656
0.940234375,17,140.98819994926453
-1,9,140.99098706245422
0.95078125,14,140.99495697021484
0.96484375,10,140.99748396873474
0.96484375,10,141.00009870529175
0.96484375,10,141.0027949810028
0.954296875,13,141.0063338279724
0.8875,32,141.01490306854248
0.9578125,12,141.01801991462708
0.947265625,15,141.02162790298462
-1,1,141.02203798294067
0.96484375,10,141.02498483657837
0.95078125,14,141.02897095680237
0.919140625,23,141.03466081619263
0.9578125,12,141.0379409790039
0.961328125,11,141.04080390930176
0.940234375,17,141.04527378082275
0.96484375,10,141.04791498184204
0.933203125,19,141.0531198978424
0.96484375,10,141.0557770729065
0.96484375,10,141.05832505226135
0.9578125,12,141.06149888038635
0.940234375,17,141.06596684455872
0.9296875,20,141.07102799415588
0.961328125,11,141.07412672042847
0.96484375,10,141.07680678367615
0.940234375,17,141.08108592033386
0.961328125,11,141.08408975601196
0.96484375,10,141.08670592308044
0.9578125,12,141.08981084823608
0.954296875,13,141.093190908432
0.912109375,25,141.1003987789154
0.961328125,11,141.10335898399353
0.961328125,11,141.10657382011414
0.961328125,11,141.10960006713867
0.96484375,10,141.1121437549591
0.96484375,10,141.1145899295807
0.961328125,11,141.1173918247223
0.9578125,12,141.12074494361877
0.9578125,12,141.12421083450317
0.96484375,10,141.1274929046631
0.947265625,15,141.131530046463
0.96484375,10,141.13422107696533
0.954296875,13,141.13868284225464
0.9578125,12,141.14486598968506
0.96484375,10,141.14940786361694
0.933203125,19,141.15621495246887
0.94375,16,141.16322898864746
0.96484375,10,141.1679527759552
0.954296875,13,141.1729028224945
0.961328125,11,141.1764087677002
0.9578125,12,141.1814079284668
0.961328125,11,141.18519186973572
0.96484375,10,141.18930578231812
0.961328125,11,141.1924159526825
0.940234375,17,141.19657182693481
0.96484375,10,141.2012779712677
0.96484375,10,141.20623993873596
0.9296875,20,141.21139693260193
0.919140625,23,141.21817874908447
0.912109375,25,141.22863483428955
0.961328125,11,141.2334349155426
0.95078125,14,141.23819398880005
0.940234375,17,141.2456557750702
0.96484375,10,141.24969601631165
0.9578125,12,141.25332307815552
0.954296875,13,141.25848293304443
0.9578125,12,141.262060880661
0.933203125,19,141.26708984375
0.961328125,11,141.26992106437683
0.96484375,10,141.27253890037537
0.95078125,14,141.27657175064087
0.95078125,14,141.28033590316772
0.9578125,12,141.28339195251465
0.96484375,10,141.28624391555786
0.940234375,17,141.29047179222107
0.961328125,11,141.29322385787964
0.95078125,14,141.29700875282288
0.94375,16,141.30137991905212
0.95078125,14,141.30506086349487
0.9578125,12,141.30849194526672
0.96484375,10,141.31114983558655
0.9578125,12,141.31404185295105
0.961328125,11,141.3174147605896
0.96484375,10,141.32026600837708
0.919140625,23,141.32659196853638
0.954296875,13,141.3300998210907
0.93671875,18,141.33505201339722
0.96484375,10,141.33769607543945
0.9578125,12,141.3411989212036
0.9578125,12,141.34450793266296
0.96484375,10,141.3472409248352
0.947265625,15,141.35107898712158
0.9578125,12,141.3541669845581
0.93671875,18,141.3585820198059
0.926171875,21,141.36367177963257
0.96484375,10,141.36652493476868
0.93671875,18,141.37137389183044
0.961328125,11,141.3742127418518
0.954296875,13,141.37787795066833
0.940234375,17,141.38248491287231
-1,9,141.3850178718567
0.9578125,12,141.3882348537445
0.954296875,13,141.39166903495789
0.94375,16,141.3958158493042
0.96484375,10,141.39859199523926
0.96484375,10,141.40128374099731
0.947265625,15,141.40507173538208
0.961328125,11,141.40792393684387
0.947265625,15,141.41205501556396
0.954296875,13,141.4157907962799
0.96484375,10,141.41845989227295
0.926171875,21,141.42439699172974
0.9296875,20,141.42982292175293
0.95078125,14,141.43357801437378
0.93671875,18,141.43834686279297
0.954296875,13,141.4418728351593
0.95078125,14,141.44542288780212
0.961328125,11,141.44849586486816
0.947265625,15,141.45252585411072
0.93671875,18,141.45699787139893
0.96484375,10,141.45976281166077
0.954296875,13,141.46340584754944
0.947265625,15,141.46739888191223
0.96484375,10,141.4700539112091
0.961328125,11,141.47326183319092
0.96484375,10,141.47598791122437
0.961328125,11,141.47888588905334
0.9578125,12,141.48215889930725
0.961328125,11,141.48529887199402
0.954296875,13,141.4886679649353
0.954296875,13,141.49252676963806
0.9578125,12,141.49577593803406
0.96484375,10,141.4985408782959
0.961328125,11,141.5014090538025
0.93671875,18,141.50646686553955
0.954296875,13,141.5098738670349
0.954296875,13,141.51348876953125
0.9578125,12,141.51739597320557
0.96484375,10,141.52054500579834
0.96484375,10,141.52332496643066
0.96484375,10,141.52600193023682
0.961328125,11,141.52900791168213
0.96484375,10,141.5315818786621
0.954296875,13,141.53510284423828
0.954296875,13,141.53867077827454
0.898046875,29,141.54635381698608
0.94375,16,141.55072283744812
0.96484375,10,141.55330204963684
0.961328125,11,141.55622601509094
0.96484375,10,141.55868887901306
0.9296875,20,141.56380701065063
0.9578125,12,141.5670657157898
0.9578125,12,141.57013773918152
0.95078125,14,141.57350182533264
0.961328125,11,141.57661485671997
0.9578125,12,141.57993078231812
0.9578125,12,141.5833809375763
0.940234375,17,141.5882329940796
0.961328125,11,141.59118103981018
0.9296875,20,141.59649085998535
0.954296875,13,141.6001889705658
0.95078125,14,141.60386085510254
0.9578125,12,141.60725092887878
0.94375,16,141.6115038394928
0.95078125,14,141.6152367591858
0.96484375,10,141.61811089515686
0.9578125,12,141.6213357448578
0.961328125,11,141.62438297271729
0.961328125,11,141.62737202644348
0.9578125,12,141.6305878162384
0.961328125,11,141.6344530582428
0.961328125,11,141.63734889030457
0.95078125,14,141.64444088935852
0.96484375,10,141.64876079559326
0.9578125,12,141.65232276916504
0.96484375,10,141.65764689445496
0.94375,16,141.66503882408142
0.961328125,11,141.66825699806213
0.96484375,10,141.6709349155426
0.9578125,12,141.67422795295715
0.9578125,12,141.6776237487793
0.9578125,12,141.68110489845276
0.961328125,11,141.68544697761536
0.9578125,12,141.69031190872192
0.93671875,18,141.6986277103424
0.940234375,17,141.70552396774292
0.93671875,18,141.71276998519897
0.9578125,12,141.7163348197937
0.961328125,11,141.71944975852966
0.9578125,12,141.72361183166504
-1,1,141.72468400001526
0.961328125,11,141.72980093955994
0.898046875,29,141.7409679889679
0.9578125,12,141.74511694908142
0.94375,16,141.74959683418274
0.96484375,10,141.75238394737244
0.954296875,13,141.75649881362915
0.9578125,12,141.76191687583923
0.9296875,20,141.768944978714
0.947265625,15,141.77452683448792
0.95078125,14,141.77943086624146
0.94375,16,141.78539276123047
0.9578125,12,141.79078674316406
0.94375,16,141.7962429523468
0.926171875,21,141.80323576927185
0.954296875,13,141.80784583091736
0.961328125,11,141.81138372421265
0.961328125,11,141.81608390808105
0.954296875,13,141.82043600082397
0.96484375,10,141.82322573661804
0.96484375,10,141.8266818523407
0.961328125,11,141.831316947937
0.947265625,15,141.8361577987671
0.96484375,10,141.84011697769165
0.940234375,17,141.84739470481873
-1,4,141.84961104393005
0.96484375,10,141.85391783714294
0.961328125,11,141.858149766922
0.92265625,22,141.86687803268433
0.954296875,13,141.8712809085846
0.95078125,14,141.87656784057617
0.9578125,12,141.8818588256836
0.9578125,12,141.88574385643005
0.9578125,12,141.8903727531433
0.940234375,17,141.89759373664856
0.96484375,10,141.90127182006836
0.96484375,10,141.90522980690002
0.954296875,13,141.91071581840515
0.9578125,12,141.91483902931213
0.95078125,14,141.92123794555664
0.954296875,13,141.9254288673401
0.9578125,12,141.9313669204712
0.947265625,15,141.93638491630554
0.96484375,10,141.93957090377808
0.96484375,10,141.94514989852905
0.95078125,14,141.95036387443542
0.94375,16,141.95740580558777
0.961328125,11,141.96235275268555
0.96484375,10,141.96647095680237
0.961328125,11,141.9708240032196
0.96484375,10,141.97430181503296
0.93671875,18,141.98079371452332
0.947265625,15,141.98627996444702
0.96484375,10,141.98973393440247
0.95078125,14,141.99626874923706
0.961328125,11,142.0006070137024
0.961328125,11,142.0055239200592
0.95078125,14,142.01037192344666
0.9578125,12,142.01355981826782
0.96484375,10,142.0159969329834
0.898046875,29,142.0233669281006
0.9578125,12,142.02676510810852
0.954296875,13,142.03034901618958
0.947265625,15,142.03444576263428
0.96484375,10,142.0374038219452
0.954296875,13,142.0410509109497
0.95078125,14,142.0449197292328
